198279;21183;1.467
5576;56468;1.424
21246;35047;1.398
47394;5576;1.180
33924;39611;1.477
21246;56468;1.362
33924;52073;1.396
39611;42313;1.391
198279;57388;1.389
21246;47394;1.319
21246;33924;1.397
198279;21246;1.421
21246;39611;1.398
21246;52073;1.367
52073;56468;1.455
21183;42313;1.400
35047;56468;1.489
35047;52073;1.473
198279;35047;1.454
39611;57388;1.382
21183;5576;1.383
198279;56468;1.496
35047;47394;1.428
33924;42313;1.396
56468;57388;1.424
35047;39611;1.373
198279;47394;1.438
21183;21246;1.359
198279;33924;1.448
42313;57388;1.045
198279;39611;1.454
198279;52073;1.484
21183;57388;1.383
198279;5576;1.390
21246;42313;1.222
47394;57388;1.180
39611;56468;1.489
39611;52073;1.473
21183;35047;1.468
39611;5576;1.383
33924;57388;1.399
39611;47394;1.428
33924;5576;1.400
42313;5576;1.047
42313;56468;1.431
52073;5576;1.414
5576;57388;0.928
35047;5576;1.383
21183;56468;1.394
35047;42313;1.391
21246;57388;1.162
42313;47394;1.214
21183;52073;1.446
21246;5576;1.164
198279;42313;1.400
21183;47394;1.450
21183;33924;1.449
42313;52073;1.421
33924;35047;1.477
21183;39611;1.468
35047;57388;1.382
33924;56468;1.451
47394;56468;1.433
47394;52073;1.446
52073;57388;1.413
33924;47394;1.426
