198279;21183;1.759
5576;56468;1.578
21246;35047;1.399
47394;5576;1.181
33924;39611;1.771
21246;56468;1.473
33924;52073;1.535
39611;42313;1.478
198279;57388;1.445
21246;47394;1.396
21246;33924;1.549
198279;21246;1.553
21246;39611;1.399
21246;52073;1.393
52073;56468;1.593
21183;42313;1.540
35047;56468;1.780
35047;52073;1.669
198279;35047;1.638
39611;57388;1.382
21183;5576;1.519
198279;56468;1.848
35047;47394;1.562
33924;42313;1.590
56468;57388;1.577
35047;39611;1.373
198279;47394;1.607
21183;21246;1.454
198279;33924;1.634
42313;57388;1.045
198279;39611;1.638
198279;52073;1.760
21183;57388;1.518
198279;5576;1.447
21246;42313;1.273
47394;57388;1.180
39611;56468;1.781
39611;52073;1.670
21183;35047;1.736
39611;5576;1.384
33924;57388;1.529
39611;47394;1.563
33924;5576;1.530
42313;5576;1.048
42313;56468;1.591
52073;5576;1.511
5576;57388;0.928
35047;5576;1.384
21183;56468;1.533
35047;42313;1.478
21246;57388;1.163
42313;47394;1.271
21183;52073;1.720
21246;5576;1.166
198279;42313;1.526
21183;47394;1.717
21183;33924;1.699
42313;52073;1.587
33924;35047;1.771
21183;39611;1.737
35047;57388;1.382
33924;56468;1.643
47394;56468;1.603
47394;52073;1.548
52073;57388;1.509
33924;47394;1.563
