42109;44395;1.914
41965;8226;1.048
16190;44395;2.073
43733;47623;1.659
196709;44395;2.072
33852;6682;1.181
16190;33852;1.218
43733;49800;1.396
16190;42109;1.289
196709;41965;1.366
196709;42109;1.290
12297;6682;1.555
12297;41965;1.634
12297;42109;1.555
21104;47623;1.190
33852;47623;1.424
49800;8226;1.296
16190;41965;1.366
41965;6682;1.024
42109;8226;0.955
44395;8226;1.914
16190;8226;1.297
43733;6682;1.541
21104;49800;1.288
41965;47623;1.274
33852;49800;1.217
49800;6682;1.288
43733;44395;2.147
47623;49800;1.498
21104;43733;1.541
33852;43733;1.319
41965;49800;1.365
44395;47623;2.021
47623;8226;1.213
42109;6682;0.930
44395;6682;1.914
43733;48861;1.541
16190;6682;1.289
21104;33852;1.181
42109;47623;1.190
21104;48861;0.930
196709;47623;1.499
41965;43733;1.609
12297;47623;1.753
12297;196709;1.485
33852;48861;1.181
6682;8226;0.955
21104;44395;1.914
12297;49800;1.485
44395;49800;2.072
33852;44395;2.001
48861;8226;0.955
21104;42109;0.930
21104;41965;1.024
16190;47623;1.499
47623;6682;1.190
47623;48861;1.190
42109;49800;1.288
33852;42109;1.181
33852;41965;1.264
16190;49800;0.925
16190;196709;0.926
196709;49800;0.925
41965;48861;1.024
12297;43733;1.670
21104;8226;0.955
41965;44395;1.991
196709;8226;1.297
42109;43733;1.541
41965;42109;1.024
16190;43733;1.397
33852;8226;1.191
48861;49800;1.288
196709;43733;1.397
12297;21104;1.555
12297;8226;1.569
12297;48861;1.555
44395;48861;1.914
12297;16190;1.485
12297;44395;2.086
43733;8226;1.547
16190;21104;1.289
196709;33852;1.218
42109;48861;0.931
196709;21104;1.289
21104;6682;0.930
12297;33852;1.445
16190;48861;1.289
196709;6682;1.289
196709;48861;1.289
48861;6682;0.930
