52359;7303;1.303
27983;7049;1.301
11750;4270;1.192
10318;27879;1.347
27751;52374;1.014
27751;52376;1.194
262150;52251;1.468
262150;52255;1.297
262150;27983;1.301
10834;52444;1.392
11664;21838;1.332
27747;27751;1.308
10834;12150;1.172
10834;27822;1.470
10834;19037;1.364
262195;52308;1.439
52323;52374;1.284
27879;7049;1.418
52323;52376;1.379
11750;52251;1.417
4270;52359;1.123
262192;262195;1.364
27983;52465;1.469
27747;52251;1.435
11750;52255;1.284
12150;26608;1.146
11750;27983;1.301
27747;52255;1.430
20207;26608;1.284
262192;7303;1.313
27879;52465;1.446
3597;52465;1.419
27881;52374;0.970
27879;27881;1.341
21838;27969;0.973
27881;52376;1.169
10481;52444;1.292
10481;12150;1.231
27969;3597;1.097
10481;27822;1.476
27969;52374;0.924
10481;19037;1.412
27822;52465;1.506
27969;52376;1.123
52308;61480;1.196
27822;27881;1.466
10318;26608;0.924
11664;27879;1.438
10834;11815;1.392
21838;61480;1.166
26608;7303;1.399
12150;7049;1.379
10318;4270;1.213
61480;7303;1.352
52255;61480;1.381
52374;52444;1.283
22927;26608;1.393
21838;7049;1.288
262150;52374;1.297
11014;4270;1.372
262150;52376;1.385
262150;27751;1.307
10834;16814;1.393
10834;52251;1.436
27751;27879;1.348
10834;52255;1.392
10834;27983;1.399
262195;52465;1.483
11058;52323;1.379
27747;27879;1.458
10481;11815;1.292
262195;27881;1.435
11058;52327;0.926
12150;27881;1.169
11750;11815;1.283
52323;7303;1.429
26608;52323;1.284
52374;7049;1.284
11750;52374;0.923
11058;27747;1.246
11750;52376;1.123
52308;52359;1.200
26608;52327;1.146
27747;52374;1.292
27747;52376;1.246
11750;27751;1.014
19037;52323;1.435
262192;4270;1.127
26608;27747;1.287
19037;52327;1.374
22927;4270;1.398
21838;52359;1.170
52327;52374;1.121
11664;26608;1.338
52327;52376;0.926
10481;16814;1.293
19037;27747;1.446
10481;52251;1.416
12150;52308;1.200
11750;16814;1.285
52376;52465;1.407
52255;52359;1.379
20207;52308;1.301
10481;52255;1.292
10481;27983;1.310
27879;27969;1.352
21838;3597;1.085
10318;11014;1.381
10834;4270;1.276
10318;11058;1.146
19037;20207;1.435
11815;52323;1.284
52327;7303;1.303
11058;7303;1.303
16814;52323;1.285
27983;61480;1.388
11815;52327;1.379
27983;3597;1.313
10481;4270;1.268
27822;27969;1.467
16814;52327;1.380
10834;11664;1.371
11750;21838;0.972
11815;7303;1.429
22927;27881;1.398
11815;27747;1.430
11014;7049;1.414
16814;27747;1.430
27879;61480;1.419
3597;61480;1.243
19037;7049;1.435
10318;52308;1.010
52359;52465;1.407
27747;7303;1.397
11664;4270;1.383
12150;22927;1.353
11815;20207;1.283
52251;52323;1.468
52444;7303;1.429
16814;20207;1.285
52251;52327;1.407
11750;7049;1.284
27822;61480;1.476
10834;52374;1.228
27879;3597;1.376
22927;52308;1.405
10834;52376;1.171
262150;27879;1.425
11058;52444;1.379
10834;27751;1.224
10481;11664;1.363
11058;12150;0.926
11058;27822;1.485
262192;52323;1.385
26608;52444;1.284
22927;7049;1.421
11058;19037;1.374
262195;27969;1.431
262192;52327;0.946
12150;27969;1.121
11014;52323;1.414
26608;27822;1.467
11014;52327;1.284
19037;52444;1.435
27983;52359;1.388
262192;27747;1.250
11750;27879;1.352
19037;27822;1.498
12150;52465;1.407
10318;11750;0.947
11014;27747;1.382
10834;7049;1.392
20207;52465;1.468
27879;52359;1.421
10481;52374;1.084
3597;52359;1.240
20207;27881;1.287
10481;52376;1.231
262195;61480;1.394
10481;7049;1.292
12150;61480;1.017
10481;27751;1.085
10834;21838;1.213
11014;20207;1.414
11664;52308;1.342
11815;52444;1.283
27822;52359;1.485
12150;3597;1.240
16814;52444;1.285
11058;4270;1.123
11058;20207;1.379
11815;12150;1.379
11815;27822;1.487
11815;19037;1.435
16814;27822;1.487
11664;7049;1.424
10318;52465;1.421
16814;19037;1.435
16814;262150;1.297
10318;27881;0.947
16814;262192;1.385
262150;26608;1.297
16814;262195;1.458
22927;27969;1.392
52308;7303;1.412
52374;52376;1.123
10318;7049;1.284
52376;61480;1.017
52251;52444;1.468
52359;7049;1.379
10481;21838;1.071
27751;52308;1.026
22927;52465;1.475
26608;4270;1.213
52251;7303;1.467
11750;26608;0.947
11058;52251;1.407
11058;52255;1.379
11058;27983;1.388
4270;52323;1.403
262195;52359;1.361
262192;52444;1.385
11664;11750;1.339
10834;27879;1.417
26608;52251;1.421
4270;52327;1.123
20207;22927;1.421
26608;52255;1.284
11014;52444;1.414
26608;27983;1.302
262192;27822;1.488
52359;61480;1.016
11014;12150;1.284
19037;52251;1.473
11014;27822;1.506
19037;52255;1.435
11014;19037;1.424
19037;27983;1.440
10318;10481;1.069
262192;7049;1.385
27881;52308;0.989
11664;52465;1.470
20207;27969;1.284
10318;22927;1.392
52255;7303;1.429
262150;7303;1.434
11664;27881;1.331
10481;27879;1.372
11815;16814;1.285
11815;52251;1.468
27969;52308;1.028
11014;3597;1.409
16814;52251;1.468
11815;52255;1.284
262195;7303;1.382
11815;27983;1.301
19037;3597;1.414
16814;52255;1.285
16814;27983;1.301
20207;61480;1.381
11750;3597;1.097
10318;27969;0.947
26608;7049;1.284
27751;52465;1.401
10834;26608;1.218
11014;11815;1.414
61480;7049;1.381
27751;27881;0.979
52251;52255;1.468
262150;52308;1.301
11815;4270;1.403
27747;27881;1.301
11058;11815;1.379
3597;7303;1.427
22927;3597;1.415
11058;52374;1.123
11058;52376;0.925
4270;52444;1.403
27747;4270;1.250
262192;52251;1.411
11058;27751;1.194
52323;52465;1.468
10318;61480;1.144
52308;52323;1.302
26608;52374;0.948
262192;52255;1.385
26608;52376;1.146
262192;27983;1.393
52308;52327;1.200
11014;52251;1.464
26608;27751;0.997
52323;7049;1.284
10834;3597;1.285
11750;52308;1.027
11014;52255;1.414
11014;27983;1.421
19037;52374;1.383
21838;52323;1.289
27747;52308;1.320
10481;26608;1.070
19037;52376;1.374
52376;7303;1.303
11664;22927;1.456
11058;16814;1.380
21838;52327;1.170
10318;10834;1.218
19037;27751;1.387
10481;3597;1.083
22927;61480;1.317
27881;52465;1.395
52255;52323;1.284
12150;52359;0.926
21838;27747;1.302
52255;52327;1.379
20207;52359;1.379
27969;52465;1.417
10318;262150;1.297
10318;262192;1.155
11058;21838;1.170
11664;3597;1.366
11815;52374;1.283
10318;262195;1.431
11815;52376;1.379
16814;52374;1.285
12150;262150;1.385
11664;27969;1.339
262195;4270;1.415
16814;52376;1.380
12150;262192;0.947
11815;27751;1.295
12150;262195;1.361
16814;27751;1.295
52327;7049;1.379
11058;7049;1.379
10318;3597;1.083
19037;21838;1.384
10318;52359;1.146
10834;11014;1.358
11815;7049;1.284
10834;11058;1.171
52251;52374;1.417
262150;52465;1.468
52251;52376;1.407
11664;61480;1.371
27747;7049;1.430
262150;27881;1.301
27751;27969;1.014
11058;11664;1.376
52444;7049;1.284
22927;52359;1.353
10834;52308;1.238
27747;27969;1.292
11815;21838;1.288
4270;52251;1.423
16814;21838;1.290
52308;52444;1.301
262192;52374;1.133
4270;52255;1.403
262192;52376;0.946
11750;52465;1.417
11058;27879;1.421
262192;27751;1.200
11014;52374;1.379
27983;52323;1.301
27747;52465;1.435
11750;27881;0.970
10481;11014;1.407
11014;52376;1.284
262192;3597;1.245
27983;52327;1.388
21838;52444;1.288
10481;11058;1.231
11014;27751;1.391
27751;61480;1.186
10481;262150;1.305
26608;27879;1.347
10481;262192;1.238
11058;3597;1.240
10481;262195;1.451
21838;27822;1.466
27879;52323;1.418
52327;52465;1.407
3597;52323;1.297
27747;61480;1.273
52255;52444;1.284
27879;52327;1.421
19037;27879;1.456
3597;52327;1.239
21838;262150;1.301
11014;16814;1.414
21838;262192;1.178
10481;52308;1.113
21838;262195;1.436
27881;27969;0.970
27822;52323;1.487
52323;61480;1.381
16814;7303;1.429
11664;262150;1.427
11664;52359;1.376
11664;262192;1.380
27822;52327;1.485
11664;262195;1.481
10834;11750;1.228
52465;7303;1.467
27751;7303;1.409
11014;21838;1.387
26608;3597;1.083
11815;27879;1.418
16814;27879;1.419
27881;61480;1.165
262150;4270;1.408
11058;26608;1.146
27751;52359;1.194
27969;61480;1.121
10481;22927;1.413
52308;7049;1.302
11750;22927;1.391
10834;52465;1.436
262150;27969;1.297
10834;27881;1.213
10481;11750;1.084
262195;52323;1.458
7049;7303;1.429
11750;262150;1.297
262195;52327;1.361
11750;262192;1.133
4270;52374;1.192
19037;26608;1.385
4270;52376;1.123
11750;262195;1.431
52251;7049;1.468
11014;11664;1.453
52444;52465;1.468
4270;7303;1.391
52323;52359;1.379
27983;52444;1.301
262195;27747;1.424
12150;27747;1.246
21838;52251;1.396
262192;27879;1.427
3597;4270;1.272
11750;27969;0.924
262150;262192;1.390
21838;52255;1.289
262150;61480;1.386
21838;27983;1.306
27879;52444;1.418
262150;262195;1.460
11014;27879;1.478
3597;52444;1.297
20207;7303;1.429
10481;52465;1.416
27881;52359;1.169
11815;26608;1.284
10481;27881;1.070
16814;26608;1.285
27822;52444;1.487
27969;52359;1.123
11750;61480;1.121
52255;7049;1.284
262150;7049;1.297
27881;7303;1.405
27822;7303;1.508
10834;262150;1.398
11815;3597;1.297
10834;262192;1.181
10834;262195;1.412
262195;7049;1.458
10481;10834;1.279
19037;262150;1.439
19037;262192;1.383
52327;61480;1.017
10834;22927;1.337
19037;262195;1.462
27747;3597;1.338
52374;52465;1.417
22927;27747;1.417
262150;52359;1.385
262192;26608;1.155
262195;52444;1.458
11014;26608;1.381
10834;27969;1.228
11058;52308;1.200
3597;7049;1.297
262195;27822;1.523
52308;52374;1.027
12150;27822;1.485
52308;52376;1.200
12150;19037;1.374
27983;52251;1.469
20207;262150;1.297
20207;262192;1.385
26608;52308;1.010
11750;52359;1.123
27983;52255;1.301
20207;262195;1.458
11815;262150;1.297
21838;52374;0.972
11815;262192;1.385
27747;52359;1.246
21838;52376;1.170
11815;262195;1.458
19037;52308;1.392
27879;52251;1.446
262195;3597;1.452
21838;27751;0.980
12150;52323;1.379
3597;52251;1.419
20207;4270;1.403
52255;52374;1.284
27879;52255;1.418
20207;52323;1.284
12150;52327;0.926
3597;52255;1.297
27879;27983;1.428
52376;7049;1.379
52255;52376;1.379
10834;61480;1.078
52376;52444;1.379
52327;52359;0.926
20207;52327;1.379
27969;7303;1.397
27822;52251;1.506
20207;27747;1.430
10481;27969;1.084
27822;52255;1.487
27822;27983;1.490
52444;61480;1.381
12150;20207;1.379
11815;52308;1.301
27822;4270;1.491
16814;52308;1.301
10318;52323;1.284
22927;27822;1.506
10318;52327;1.146
11058;262150;1.385
52359;52444;1.379
11058;262192;0.946
16814;4270;1.403
10481;61480;1.235
11058;262195;1.361
10318;27747;1.287
52251;52308;1.401
22927;52323;1.421
27751;4270;1.230
22927;52327;1.353
10318;20207;1.284
262195;52251;1.483
11058;52465;1.407
10834;52359;1.171
262195;52255;1.458
11058;27881;1.169
262195;27983;1.461
12150;27983;1.388
26608;52465;1.421
26608;27881;0.948
262192;52308;1.207
27983;52374;1.301
27983;52376;1.388
52374;61480;1.121
19037;52465;1.473
11014;52308;1.394
19037;27881;1.383
12150;52444;1.379
27879;52374;1.352
3597;52374;1.097
27879;52376;1.421
20207;52444;1.283
3597;52376;1.240
21838;27879;1.341
20207;27822;1.487
10481;52359;1.231
262150;3597;1.309
11664;52323;1.424
27822;52374;1.467
11664;52327;1.376
27822;52376;1.485
11815;52465;1.468
16814;52465;1.468
11815;27881;1.287
11664;27747;1.394
27983;7303;1.436
16814;27881;1.289
16814;7049;1.285
10318;52444;1.284
22927;27983;1.427
52465;7049;1.468
10318;12150;1.146
10318;27822;1.467
27751;7049;1.295
11664;20207;1.424
11014;11750;1.379
10318;19037;1.385
11058;22927;1.353
27751;52323;1.295
52251;52465;1.388
27751;52327;1.194
27881;4270;1.212
22927;52444;1.421
11058;11750;1.123
27879;7303;1.482
262195;52374;1.431
19037;22927;1.433
262195;52376;1.361
262195;27751;1.438
262192;52465;1.411
21838;26608;0.950
12150;27751;1.194
11014;262150;1.419
262192;27881;1.177
11014;262192;1.294
11058;27969;1.123
52323;52327;1.379
4270;52308;1.238
11014;52465;1.464
11014;262195;1.363
11014;27881;1.387
26608;27969;0.948
4270;7049;1.403
12150;16814;1.380
11014;11058;1.284
12150;52251;1.407
20207;52251;1.468
12150;52255;1.379
11815;22927;1.421
27881;52323;1.288
10318;11815;1.284
19037;27969;1.383
16814;22927;1.422
20207;52255;1.284
27881;52327;1.169
20207;27983;1.301
20207;7049;1.284
11058;61480;1.017
11664;52444;1.424
27969;52323;1.284
11664;12150;1.376
27969;52327;1.120
26608;61480;1.145
11664;27822;1.484
11664;19037;1.442
12150;7303;1.303
27822;27879;1.489
19037;61480;1.371
10318;16814;1.285
10318;52251;1.421
11815;27969;1.284
52465;61480;1.415
16814;27969;1.285
22927;27751;1.401
10318;52255;1.284
27881;7049;1.288
27822;7049;1.487
21838;7303;1.406
10318;27983;1.302
27969;4270;1.192
52359;52374;1.123
52359;52376;0.925
27751;52444;1.295
262150;52323;1.297
27751;27822;1.467
22927;52251;1.475
262150;52327;1.385
22927;52255;1.421
11014;22927;1.386
11815;61480;1.381
27747;27822;1.494
16814;61480;1.381
262150;27747;1.433
52374;7303;1.398
20207;3597;1.297
4270;52465;1.423
11058;52359;0.925
52323;52444;1.284
11664;11815;1.424
11750;52323;1.284
262195;27879;1.498
12150;27879;1.421
27747;52323;1.430
26608;52359;1.146
11750;52327;1.121
262192;27969;1.133
27747;52327;1.246
52251;61480;1.415
11750;27747;1.292
19037;52359;1.374
11014;27969;1.379
21838;52308;0.990
12150;52374;1.121
12150;52376;0.926
27881;52444;1.287
20207;52374;1.283
10318;11664;1.338
20207;52376;1.379
52255;52308;1.302
20207;27751;1.295
11750;20207;1.283
11664;16814;1.424
11664;52251;1.470
27969;52444;1.284
16814;3597;1.297
11664;52255;1.424
262192;61480;1.029
11664;27983;1.429
27969;7049;1.284
11014;61480;1.333
11014;7303;1.303
12150;4270;1.123
11815;52359;1.379
27751;3597;1.096
19037;7303;1.427
16814;52359;1.380
10318;52374;0.947
10318;52376;1.146
21838;4270;1.212
10318;27751;0.997
21838;22927;1.398
22927;27879;1.488
11750;7303;1.398
12150;21838;1.170
27751;52251;1.401
262150;52444;1.297
20207;21838;1.288
27751;52255;1.295
27751;27983;1.307
262195;26608;1.431
27983;4270;1.409
52251;52359;1.407
22927;52374;1.391
262150;27822;1.489
22927;52376;1.353
27747;27983;1.434
10834;52323;1.392
22927;7303;1.404
10834;52327;1.171
52308;52465;1.401
10834;27747;1.295
11750;52444;1.283
262192;52359;0.946
27747;52444;1.430
10318;21838;0.950
11750;12150;1.121
22927;262150;1.426
11750;27822;1.467
22927;262192;1.357
10834;7303;1.374
21838;52465;1.396
11014;52359;1.284
27983;52308;1.306
11750;19037;1.383
22927;262195;1.426
10834;20207;1.392
27879;4270;1.443
21838;27881;0.926
52327;52444;1.379
10481;7303;1.426
27881;52251;1.395
52255;52465;1.468
27881;52255;1.288
27879;52308;1.353
10481;52323;1.292
3597;52308;1.123
27881;27983;1.305
10481;52327;1.231
11664;52374;1.339
27969;52251;1.417
20207;27879;1.418
11664;52376;1.376
4270;61480;1.163
27969;52255;1.284
10481;27747;1.333
27969;27983;1.301
11664;27751;1.338
11664;7303;1.458
27822;52308;1.471
27881;3597;1.084
27822;3597;1.477
19037;4270;1.437
10481;20207;1.292
10318;7303;1.399
