197636;8596;2.162
12577;8447;2.683
25255;31510;2.208
12577;31239;1.799
12971;21362;1.361
29287;39837;1.716
3330;60587;1.873
12895;43957;1.758
29081;39555;1.143
21013;8692;1.977
197636;8559;1.284
25447;39555;1.434
25255;39555;1.825
197636;8245;1.967
47692;57397;1.615
39560;48362;1.803
31239;50920;1.245
12453;8412;1.768
34347;8339;2.176
3330;8387;1.912
31510;39560;2.016
25255;8692;1.766
197636;56833;1.537
12971;21013;2.039
197999;8437;1.981
12605;8387;2.220
29056;47692;1.486
12971;29056;1.030
1853;20704;2.283
5403;8596;2.248
43957;48339;1.413
31510;39837;1.961
24953;8562;1.788
12971;197999;2.041
35369;57763;1.725
21013;8387;2.200
760;8445;2.005
5403;8559;1.617
24864;30971;1.984
21213;6830;2.805
5403;8245;1.999
1853;3330;2.167
760;8447;2.489
5404;8562;1.842
25255;8387;1.916
21362;50920;1.253
1853;39560;2.181
12577;6830;2.808
51184;8339;1.707
49488;8437;1.298
197636;31382;1.212
1853;39837;2.040
197999;48339;2.011
1764;49488;2.422
21362;31543;1.657
56672;6798;1.873
20751;43957;1.405
197636;20751;1.582
21213;3330;2.002
12605;57397;2.001
39837;49808;1.667
42473;8692;2.391
197636;42473;2.392
30971;49808;1.914
20751;8445;2.161
3330;5385;1.903
31382;48339;1.317
56833;8445;2.204
20751;8447;2.581
12605;5385;2.017
12971;56833;1.384
56833;8447;2.669
24953;39560;1.910
21362;31239;1.196
8412;8437;1.829
42473;51184;2.389
24953;39837;1.870
1764;28760;2.316
12577;30971;2.052
42473;8387;2.496
24864;49488;1.744
21362;8339;1.683
197636;21213;1.564
39560;50920;1.239
21213;21362;1.638
12895;48339;1.612
25255;5385;1.872
12453;56672;1.630
29056;8445;2.087
29056;8447;2.570
8437;8692;1.243
48339;8437;1.392
29081;49808;1.696
20704;48339;1.419
3330;51184;1.849
25447;49808;1.833
21013;21362;2.044
20751;6830;2.753
1853;8339;2.243
12971;20751;1.573
35369;48943;1.836
56833;6830;2.789
39837;47692;1.493
29287;56672;2.012
48943;760;1.600
28760;31510;2.078
12971;42473;2.455
24864;28760;1.920
197999;39555;1.960
39912;8339;2.397
39912;60587;2.355
35369;48362;1.804
21013;29056;2.044
49808;8692;1.651
12453;24864;1.561
21213;8339;1.859
31510;56672;2.123
197636;25447;1.506
12577;49488;1.860
12577;197999;2.176
31382;31510;2.022
20751;48339;1.583
31543;43957;1.446
47692;8339;1.843
49488;57763;1.286
31382;39555;1.258
20704;35369;1.812
12895;197999;2.059
24864;8412;1.994
12453;39912;2.266
29056;5403;1.631
24953;3330;2.050
21213;29287;1.913
49808;8387;1.990
29056;5404;1.872
1764;8692;2.347
12971;8596;2.213
47692;49808;1.857
30971;57397;1.670
21362;30971;1.482
1853;56672;2.206
12895;31510;2.159
21213;56833;1.513
35369;8339;1.875
12971;8559;1.155
12971;8245;2.032
12577;8562;1.688
12895;39555;1.701
12895;8445;2.154
12605;197636;2.008
29287;39912;2.365
29056;39560;1.274
20704;8437;1.711
12895;8447;2.564
12577;28760;2.039
1764;8387;2.500
56672;8445;2.126
42473;57763;2.389
25447;5385;1.555
49808;57397;1.651
29056;39837;1.308
28760;760;1.548
56672;8447;2.508
49488;60587;1.358
34347;8412;2.185
21013;56833;2.057
20704;39555;1.639
51184;60587;1.009
31239;43957;1.397
29081;8692;1.237
51184;56833;1.525
48362;60587;1.783
31510;39912;2.548
197999;8596;2.333
12971;25447;1.512
48339;57397;1.348
25255;57397;1.866
24953;56672;2.075
1853;24864;2.190
3330;57763;1.850
197999;8559;1.984
760;8562;1.099
197999;8245;2.200
35369;50920;1.571
29056;6798;1.459
51184;8412;1.780
25255;35369;2.059
21213;42473;2.452
21013;31382;2.045
29081;8387;1.815
21362;49488;1.217
12453;5385;1.050
1853;39912;2.563
49488;8596;2.194
20751;39555;1.445
12453;29287;1.611
34347;760;2.085
56672;6830;2.699
39555;56833;1.438
49488;8559;1.365
31543;48339;1.638
12895;5403;1.789
49488;8245;2.049
12895;5404;2.073
39912;51184;2.326
31543;8445;2.190
24953;8339;2.072
21013;42473;2.499
197636;34347;2.101
1764;5385;2.373
31543;8447;2.581
31543;760;1.621
6798;8445;2.245
20751;8562;1.503
6798;8447;2.660
56833;8562;1.456
5404;8339;2.008
197636;60587;1.021
28760;8445;2.135
21362;28760;1.535
50920;56833;1.334
21362;8412;1.810
5385;8437;1.382
28760;8447;2.466
24953;39912;2.421
8387;8412;1.943
8412;8596;2.276
57763;8692;0.928
12605;47692;2.050
39560;49488;1.319
29081;5385;1.245
8412;8559;1.787
48943;8692;1.650
42473;48943;2.462
29056;8562;1.109
39555;42473;2.345
47692;760;1.503
48339;8596;2.220
29056;29081;1.374
1853;8412;2.051
57763;8387;1.774
30971;8692;1.552
20704;49808;1.930
1764;760;2.352
1764;43957;2.350
12895;6798;1.860
6830;8445;2.760
21213;25447;1.503
1853;29287;2.225
12605;29081;1.994
49488;51184;1.286
42473;48362;2.437
28760;48339;1.626
24953;760;1.878
6830;8447;2.914
48339;8559;1.130
31543;5403;1.756
12971;34347;2.074
48943;8387;2.003
48339;8245;2.025
43957;57397;1.363
34347;56833;2.277
31543;5404;2.094
57397;8437;1.316
3330;48943;1.930
48362;51184;1.741
39912;8412;2.401
29056;56672;1.697
12577;3330;2.183
30971;8387;1.945
21213;8412;1.967
49808;760;1.677
21013;25447;1.978
12971;60587;1.425
28760;5403;1.828
3330;48362;2.078
28760;5404;2.095
47692;8412;1.990
197999;57397;2.018
28760;57397;1.610
31239;8692;1.177
24864;43957;1.615
24953;29287;2.010
197999;35369;2.200
197636;25255;1.772
39912;57763;2.326
28760;35369;1.909
35369;8412;1.965
12971;31382;1.364
34347;42473;2.598
31382;8445;2.065
31382;57397;1.238
25447;8692;1.498
48339;49808;1.703
31543;6798;1.812
31382;8447;2.512
31239;8387;1.789
25255;49808;1.990
48943;5385;1.700
31239;31510;1.986
21213;29056;1.509
12895;8562;1.557
8339;8437;1.730
31382;35369;1.803
24864;5385;1.717
20704;8596;2.302
197636;51184;0.938
12971;5403;1.627
56672;8562;1.630
48943;57397;1.703
48362;8437;1.873
29056;39912;2.336
12971;5404;1.883
30971;5385;1.679
30971;47692;1.897
12895;57397;1.741
25447;8387;1.875
20704;8559;1.477
12577;1764;2.550
42473;50920;2.346
28760;6798;1.868
20704;8245;2.147
28760;39555;1.571
1764;48339;2.454
12895;35369;1.969
20751;3330;1.961
20704;57397;1.661
197636;8445;2.031
12453;8692;1.127
12577;43957;1.770
29056;6830;2.747
21213;34347;2.267
197636;8447;2.521
12577;8339;1.948
12971;21213;1.469
12971;25255;1.840
35369;49488;1.762
34347;5385;2.085
3330;50920;1.817
51184;57763;0.924
48362;57763;1.741
12453;21362;1.135
39837;56672;1.642
31382;5403;1.699
21213;60587;1.620
12453;8387;1.756
5403;8445;2.067
31382;5404;1.917
31239;5385;0.926
29081;47692;1.570
12605;20704;2.174
25447;47692;1.604
25255;47692;1.982
24953;8412;1.993
21013;34347;2.400
5403;8447;2.532
29056;3330;1.871
197636;197999;1.919
31543;8562;1.547
24864;48339;1.600
12971;6798;1.473
12453;21013;1.953
20751;57397;1.616
12971;51184;1.347
51184;5385;1.286
197636;31543;1.571
12453;29056;1.109
760;8339;1.653
5404;8412;2.159
49488;5403;1.712
12605;39560;2.074
8559;8596;2.169
6798;8562;1.524
49488;5404;1.975
39912;48943;2.390
21013;60587;1.998
20751;35369;1.642
39555;57763;1.170
12605;39837;1.991
25447;29081;1.528
21213;31382;1.641
197636;24953;1.843
12605;1853;2.333
28760;8562;1.475
12895;760;1.620
197636;5403;1.600
5385;8596;2.173
197636;5404;1.900
43957;49808;1.723
39912;48362;2.453
197636;31239;1.177
1764;31510;2.444
5385;8559;1.229
43957;8437;1.480
5385;8245;2.064
1764;39555;2.334
197636;57763;0.938
31382;6798;1.635
21362;43957;1.404
12895;6830;2.699
39837;39912;2.306
20751;8339;1.832
21362;5385;1.317
56833;8339;1.773
5403;5404;2.063
1853;21362;2.129
6830;8562;2.672
39555;60587;1.239
197999;49808;2.128
12577;48339;1.629
28760;49808;1.814
12453;56833;1.456
57397;8596;2.222
49488;6798;1.630
21213;25255;1.956
1853;21013;2.342
12453;12895;1.557
24864;31510;2.081
1853;29056;2.182
12895;3330;1.967
57397;8559;1.316
57397;8245;1.997
48362;48943;1.964
29056;8339;1.527
1853;5385;2.173
12971;24953;1.905
31382;49808;1.688
24864;39555;1.628
197636;6798;1.609
56833;760;1.545
50920;60587;1.234
29287;56833;1.939
12453;31382;1.138
47692;56672;1.811
21013;21213;1.981
21013;25255;2.232
39912;5385;2.242
31543;57397;1.650
48943;49808;1.930
21213;51184;1.551
39560;43957;1.395
12895;49808;1.856
12453;20751;1.503
12971;57763;1.347
31543;35369;1.684
31510;56833;2.035
5403;6798;1.834
31543;6830;2.746
31239;48339;1.309
29056;760;1.316
24864;8692;1.670
12453;42473;2.352
47692;5385;1.624
31382;8562;1.138
30971;39560;1.658
29287;31382;1.692
24953;29056;1.903
197999;47692;2.012
197636;30971;1.560
30971;39837;1.644
21013;51184;1.975
6798;6830;2.806
8339;8596;2.302
39837;8437;1.297
34347;60587;2.122
1853;56833;2.282
12577;31510;2.173
48362;8596;2.221
28760;6830;2.693
12971;8445;2.090
8339;8559;1.421
35369;5385;1.726
24864;8387;2.040
29287;42473;2.497
21362;48339;1.314
12971;8447;2.576
31543;3330;1.989
197636;48943;1.656
12577;39555;1.755
12605;56672;2.130
48362;8559;1.754
42473;49488;2.393
197999;29081;1.990
48362;8245;2.221
31543;39555;1.479
8447;8596;2.670
8245;8437;2.017
34347;8692;2.096
31239;57397;1.282
6798;760;1.602
12577;8412;2.152
20704;5403;1.835
197636;8562;1.129
20704;5404;1.989
8447;8559;2.529
5404;57397;1.905
29081;39560;1.249
20751;49808;1.890
31510;8437;2.056
31510;42473;2.481
31239;35369;1.797
25447;39560;1.605
25255;39560;1.856
197636;48362;1.750
1853;31382;2.130
12895;8339;1.834
28760;3330;1.898
29081;39837;1.214
12895;47692;1.792
39555;51184;1.169
25447;39837;1.553
25255;39837;1.765
56672;8339;1.961
3330;49488;1.914
49488;50920;1.301
42473;760;2.348
34347;8387;2.287
12453;1853;2.085
24953;56833;2.090
1853;20751;2.207
51184;8692;0.928
21213;24953;2.048
197999;8445;2.251
5403;8562;1.510
197636;49488;1.295
20704;47692;1.719
197999;8447;2.536
12971;6830;2.745
1853;42473;2.509
12605;24864;2.047
21013;31543;1.893
760;8412;1.767
56672;57397;1.675
1764;1853;2.514
12453;25447;1.479
39560;48339;1.256
50920;51184;1.157
31239;39555;1.262
51184;8387;1.774
21013;24953;2.158
49488;8445;2.123
24953;31382;1.873
21213;57763;1.551
12605;39912;2.618
12971;48943;1.693
49488;8447;2.582
20704;29081;1.660
12605;21362;2.061
48362;760;1.763
21013;31239;2.021
20704;6798;1.706
21362;31510;2.021
20751;47692;1.677
197636;28760;1.511
12971;48362;1.781
21362;8692;1.200
21362;39555;1.254
12605;21013;2.076
31543;8339;1.913
24953;42473;2.508
21013;57763;1.976
8387;8692;1.776
43957;8596;2.202
31382;6830;2.675
39560;760;1.220
35369;43957;1.568
20751;8412;1.940
56833;8412;2.003
6798;8339;1.774
43957;8559;1.375
34347;51184;2.095
197999;5403;1.992
5385;5403;1.680
43957;8245;2.025
197999;5404;2.186
5385;5404;1.887
29287;8437;1.707
197636;50920;1.171
20751;29081;1.551
8412;8445;2.202
30971;56672;1.911
28760;8339;1.889
21362;8387;1.821
1764;57397;2.414
49488;6830;2.716
8412;8447;2.569
31543;49808;1.886
1853;8692;2.106
31382;3330;1.850
12453;197636;1.129
1764;35369;2.509
29056;8412;1.847
12453;12971;1.145
1853;25447;2.201
50920;760;1.194
197999;20704;2.171
197636;6830;2.709
48339;8445;2.084
39912;8692;2.328
29056;29287;1.742
49808;56672;1.789
48339;8447;2.569
25255;29081;1.854
1853;8387;2.213
12605;29287;2.218
21213;8692;1.554
29056;56833;1.347
6830;8339;2.738
50920;8437;1.332
39560;8437;1.316
12577;12605;2.228
197999;39560;1.998
8445;8692;2.026
47692;8692;1.535
29081;56672;1.715
24864;57397;1.732
5403;6830;2.722
39912;8387;2.495
25447;56672;1.831
25255;56672;2.007
197999;39837;1.888
197636;3330;1.857
12453;34347;1.998
197999;6798;2.160
12605;12895;2.195
5385;6798;1.623
21213;48943;1.833
50920;57763;1.158
24864;35369;1.731
21213;8387;1.880
39912;49488;2.354
31239;49808;1.515
12971;50920;1.158
24953;25447;2.020
35369;8692;1.727
30971;39912;2.393
47692;8387;1.944
31382;39560;1.241
12453;60587;1.179
12895;20704;1.887
60587;8437;1.313
39837;8596;2.157
31382;39837;1.223
21213;48362;1.688
29287;34347;2.118
12971;31543;1.625
35369;48339;1.666
21013;48943;2.202
12971;8562;1.145
39837;8559;1.222
48339;5403;1.626
39837;8245;1.935
48339;5404;1.873
35369;8387;1.998
29056;42473;2.455
12895;39560;1.699
8245;8596;2.426
57397;6798;1.609
29287;60587;1.709
12895;39837;1.613
39555;8437;1.335
34347;57763;2.095
31510;34347;2.358
31382;8339;1.686
21013;48362;1.976
12895;8412;1.942
12605;197999;2.291
8562;8692;1.127
43957;47692;1.493
20704;8445;2.224
12971;31239;1.356
12577;57397;1.801
8245;8559;1.956
20704;39560;1.613
56672;8412;2.034
31510;8596;2.349
29081;39912;2.361
20704;8447;2.661
25447;39912;2.420
25255;39912;2.437
48339;760;1.303
20704;39837;1.631
12577;35369;1.944
56833;57397;1.558
31510;8559;1.975
31510;60587;1.974
21213;5385;1.592
31510;8245;2.267
197999;8562;1.915
1853;34347;2.402
39912;50920;2.303
39555;48943;1.661
12577;5385;1.822
48362;49488;1.796
28760;47692;1.815
3330;8437;1.878
197636;8339;1.714
24953;8692;1.836
12605;8437;2.108
1853;60587;2.112
39837;56833;1.535
39555;48362;1.627
20751;39560;1.644
48339;6798;1.444
49488;8562;1.216
43957;56672;1.752
21013;8437;2.082
20751;39837;1.581
20704;6830;2.796
12453;21213;1.495
12895;1764;2.456
12453;25255;1.733
5404;8692;1.897
42473;43957;2.344
31382;47692;1.619
21213;50920;1.389
21013;28760;2.079
28760;29081;1.601
25255;8437;1.776
1764;49808;2.470
5403;8339;1.862
39555;49488;1.225
24953;8387;2.068
35369;39555;1.619
31543;8412;1.959
24953;34347;2.158
21213;31543;1.528
197999;56672;2.016
6798;8412;2.015
5404;8387;2.195
3330;43957;1.909
29081;29287;1.767
21013;50920;1.903
12453;51184;1.124
25447;29287;1.860
24953;60587;1.844
28760;8412;1.844
21362;57397;1.234
5385;8445;2.114
29287;8596;2.307
8412;8562;1.768
48362;50920;1.625
29081;760;1.225
12971;30971;1.655
5385;8447;2.557
39837;42473;2.344
34347;48943;2.208
21362;35369;1.800
5403;57397;1.696
31382;56672;1.683
29287;8559;1.678
21213;31239;1.632
29287;8245;2.145
24864;49808;1.957
12895;29081;1.728
20751;5385;1.582
29287;51184;1.656
57763;760;1.200
42473;8437;2.393
48339;8562;1.093
34347;48362;2.207
48943;56672;1.925
197999;24864;2.084
6830;8412;2.748
24953;5385;1.909
1853;21213;2.256
12971;3330;1.875
1764;47692;2.444
12895;56672;1.887
1853;25255;2.108
39555;50920;1.155
31510;51184;1.934
57397;8445;2.088
50920;8596;2.134
39560;8596;2.221
34347;49488;2.112
57397;8447;2.540
197999;6830;2.768
197999;39912;2.502
5385;6830;2.722
20704;56672;1.954
50920;8559;1.143
39560;8559;1.220
12605;29056;2.073
50920;8245;1.953
39560;8245;2.040
39560;57397;1.219
12605;12971;2.053
12453;31543;1.547
47692;56833;1.607
42473;48339;2.450
1764;29081;2.378
1853;51184;2.105
12971;49488;1.442
5403;760;1.567
43957;6798;1.602
12453;24953;1.788
12577;49808;2.053
31382;39912;2.299
60587;8596;2.176
24864;47692;1.491
197999;3330;2.133
12895;24864;1.881
24953;25255;1.972
29287;31543;1.905
29056;34347;2.076
12453;31239;1.123
60587;8559;1.342
3330;48339;1.862
60587;8245;2.004
20751;56672;1.896
57397;6830;2.704
31382;8412;1.812
20704;24864;1.828
12895;39912;2.423
12453;57763;1.124
49808;8437;1.744
12971;1764;2.439
8339;8445;2.150
39555;8596;2.165
29056;60587;1.374
21213;30971;1.864
31510;31543;1.906
20704;8562;1.494
12971;28760;1.616
8339;8447;2.614
24953;51184;1.835
48362;8445;2.269
34347;50920;2.065
29287;31239;1.686
12605;56833;2.074
12577;8692;1.780
39555;8559;1.306
20704;39912;2.431
48362;8447;2.598
39555;8245;2.015
28760;39560;1.594
48339;56672;1.685
20704;21362;1.649
12971;8339;1.553
28760;39837;1.539
197999;29287;2.120
29287;57763;1.656
1764;8437;2.397
21013;30971;2.184
39912;43957;2.388
1853;31543;2.230
20751;24864;1.795
197636;8412;1.786
31510;5403;1.982
29056;31382;1.321
20704;21013;2.162
12577;8387;2.114
12577;47692;1.701
31510;5404;2.209
31543;47692;1.718
12605;31382;2.063
5385;57397;1.266
48339;6830;2.741
3330;8596;2.346
1853;24953;2.258
12605;8596;2.453
31510;57763;1.935
760;8692;1.201
3330;8559;1.788
20751;39912;2.450
3330;8245;2.151
12605;20751;1.956
12605;8559;1.982
21362;49808;1.685
21013;8596;2.377
1853;31239;2.106
12605;8245;2.182
5403;8412;1.971
39837;6798;1.596
29081;8437;1.322
21213;49488;1.616
197999;8339;2.170
12605;42473;2.441
25255;8596;2.257
21013;8559;2.004
21362;760;1.229
21013;8245;2.281
1853;57763;2.105
48362;5403;1.840
3330;39555;1.869
24953;31543;1.985
197636;31510;1.943
760;8387;1.782
48362;5404;2.058
25255;8559;1.815
12453;30971;1.559
8559;8562;1.053
25255;8245;2.130
25255;760;1.771
35369;57397;1.770
1764;20704;2.512
21013;49488;2.044
20704;29287;1.817
49488;8339;1.749
12605;21213;1.998
31239;47692;1.578
20751;8692;1.573
5385;8562;1.050
31510;6798;2.133
56833;8692;1.530
12453;48943;1.578
24953;31239;1.821
21213;28760;1.784
1764;39560;2.427
43957;8445;2.089
25447;29056;1.489
43957;8447;2.564
39837;60587;1.256
1764;39837;2.345
39560;49808;1.727
24953;57763;1.835
29056;51184;1.319
20751;8387;1.876
12453;48362;1.686
42473;8596;2.623
30971;56833;1.865
21362;47692;1.616
56833;8387;1.896
39912;48339;2.333
29287;48943;1.940
29056;8692;1.321
20751;29287;1.888
42473;8559;2.364
42473;8245;2.461
48362;6798;1.922
39555;43957;1.183
57397;8562;1.032
57763;8437;1.241
29287;48362;2.017
49808;56833;1.857
35369;760;1.718
31510;48943;2.181
21362;29081;1.242
12605;25447;1.998
5404;56672;2.080
30971;31382;1.484
29056;8387;1.800
24864;39560;1.705
1853;30971;2.211
48943;8437;1.692
28760;56672;1.862
20704;3330;2.011
43957;6830;2.722
25255;29287;1.928
24864;39837;1.589
48339;8339;1.513
29081;60587;1.308
8437;8596;2.192
29081;56833;1.515
25447;60587;1.557
197636;43957;1.329
31510;48362;1.948
30971;8437;1.502
25447;56833;1.485
25255;56833;2.009
43957;5403;1.572
1853;48943;2.149
8437;8559;1.360
43957;5404;1.960
30971;42473;2.438
39560;47692;1.608
12453;28760;1.475
20751;760;1.591
12577;20704;1.870
1853;48362;2.292
29081;31382;1.245
25447;31382;1.604
8339;8562;1.503
49808;8596;2.324
39837;8445;2.001
12453;50920;1.076
48362;8562;1.686
39837;8447;2.486
49808;8559;1.675
12895;8692;1.661
12577;39560;1.676
12971;8412;1.850
49808;8245;2.067
31239;8437;1.274
29056;5385;1.359
31543;39560;1.682
28760;39912;2.390
24953;48943;2.059
197999;21362;1.959
12577;39837;1.735
56672;8692;1.678
29081;42473;2.314
8447;8562;2.470
47692;60587;1.589
31543;39837;1.613
25447;42473;2.401
25255;42473;2.470
8245;8445;2.174
50920;6798;1.455
39560;6798;1.625
39555;5403;1.580
1853;760;2.044
1764;8596;2.558
39555;5404;1.910
29056;57763;1.319
12577;1853;2.328
8245;8447;2.569
39837;51184;1.189
12971;43957;1.435
29287;50920;1.682
25447;8437;1.643
197999;21013;2.182
12895;8387;1.991
1764;8559;2.385
31510;8445;2.342
24953;48362;1.984
1764;8245;2.524
197999;29056;2.011
31510;8447;2.629
20704;8339;1.747
56672;8387;1.995
1764;56672;2.442
35369;49808;2.007
39837;6830;2.674
31510;50920;1.874
197999;8412;2.063
1853;28760;2.154
12605;34347;2.468
21213;760;1.585
42473;57397;2.359
197636;48339;1.327
29081;8596;2.191
21013;31510;1.963
1764;197636;2.354
39837;5403;1.561
12895;21362;1.669
39837;5404;1.895
31239;39560;1.258
24864;29081;1.677
43957;56833;1.439
12453;8437;1.210
29081;8559;1.311
12605;60587;2.042
31239;39837;1.178
29081;8245;2.014
31543;8692;1.564
21013;5403;2.013
1853;50920;2.106
49488;8412;1.873
21013;5404;2.260
12895;21013;2.185
39555;6798;1.563
31510;6830;2.797
3330;57397;1.909
24864;56672;1.907
1764;24864;2.500
6798;8692;1.605
28760;29287;1.743
21362;39560;1.238
12895;5385;1.757
24953;28760;1.781
197999;56833;2.116
3330;35369;2.011
28760;8692;1.503
31543;8387;1.873
21362;39837;1.219
43957;8562;1.252
25255;25447;1.927
20704;29056;1.424
1764;39912;2.734
197636;35369;1.732
35369;47692;1.736
25447;760;1.562
6798;8387;1.952
29287;8445;2.030
24953;50920;1.847
20751;21362;1.655
48362;6830;2.792
31382;56833;1.585
28760;8387;1.879
12971;48339;1.012
29287;8447;2.609
29056;48943;1.654
197999;31382;1.960
12577;29081;1.790
21213;43957;1.389
5385;8339;1.611
12453;197999;1.915
6830;8692;2.706
47692;51184;1.531
39837;57763;1.189
12895;29287;1.909
21013;6798;2.168
20751;21013;1.906
57763;8596;2.157
48943;56833;1.811
42473;5403;2.394
197999;20751;2.076
42473;5404;2.543
20751;29056;1.596
12577;760;1.743
29056;48362;1.807
12895;56833;1.827
12577;56672;1.970
48339;8412;1.845
197636;39555;1.183
57763;8559;1.273
48943;8596;2.273
3330;760;1.818
31543;56672;1.904
24864;39912;2.495
197999;42473;2.461
57763;8245;1.964
21013;43957;1.880
12605;25255;2.272
6830;8387;2.770
48943;8559;1.578
39560;39837;1.210
50920;8445;2.027
48943;8245;2.036
39560;8445;2.052
31543;5385;1.629
30971;34347;2.136
20704;56833;1.678
30971;8596;2.259
50920;8447;2.520
39560;8447;2.572
29287;30971;1.759
57397;8339;1.692
25255;29056;1.842
30971;8559;1.601
31382;42473;2.371
30971;8245;2.098
30971;60587;1.611
1764;29287;2.471
49488;49808;1.708
29287;5403;1.884
29081;57763;1.232
28760;5385;1.655
29287;5404;1.994
25447;57763;1.495
12605;51184;2.003
39555;760;1.232
12895;20751;1.843
20704;31382;1.651
197999;760;1.895
60587;8445;2.029
39837;8562;1.097
31382;8692;1.202
12895;42473;2.466
60587;8447;2.524
42473;6798;2.471
20751;56833;1.602
12971;31510;2.011
12453;49488;1.216
31239;56672;1.664
29081;34347;2.110
20704;20751;1.788
49808;60587;1.701
31239;8596;2.167
25447;34347;2.212
25255;34347;2.181
12577;39912;2.508
50920;6830;2.686
39560;6830;2.730
12971;39555;1.380
31543;39912;2.464
20704;42473;2.506
8245;8562;1.946
49808;5403;1.918
31239;8559;1.278
49808;5404;2.098
42473;49808;2.429
31382;8387;1.823
31239;8245;1.969
39555;8445;2.086
24864;8437;1.810
21213;48339;1.495
50920;5403;1.517
39912;57397;2.320
39560;5403;1.680
50920;5404;1.834
48339;60587;1.371
39560;5404;1.884
39555;8447;2.550
29287;49488;1.780
25447;8596;2.223
25255;60587;1.791
20704;8412;1.965
6830;760;2.676
48339;56833;1.332
31510;8562;1.920
29056;50920;1.147
21362;56672;1.680
20751;31382;1.657
197999;25447;2.049
12971;5385;1.387
39837;48943;1.594
197636;8692;0.940
25447;8559;1.494
51184;760;1.200
48362;8339;1.982
25447;8245;2.064
47692;57763;1.531
20704;21213;1.698
29287;6798;1.963
3330;49808;2.024
29056;31543;1.647
21013;48339;2.043
31510;49488;2.015
12605;31543;1.923
39837;48362;1.755
20751;42473;2.387
24953;30971;1.984
197636;49808;1.651
34347;8437;2.063
25255;31382;1.763
197636;8387;1.779
5403;8692;1.595
3330;8445;2.209
12605;8445;2.265
3330;8447;2.599
31239;39912;2.318
12605;24953;2.289
12453;8596;2.117
12605;8447;2.651
39555;6830;2.711
34347;43957;2.171
29056;31239;1.322
21362;24864;1.741
1853;49488;2.190
21013;8445;2.354
12453;8559;1.053
49808;6798;1.891
12605;31239;2.032
12453;8245;1.946
31382;5385;1.319
21013;8447;2.620
12895;25447;1.798
42473;47692;2.461
35369;39560;1.781
5403;8387;1.953
49488;57397;1.243
25255;8445;2.238
51184;8437;1.241
39560;56672;1.744
35369;39837;1.712
25255;8447;2.545
1853;197636;2.108
51184;57397;1.251
39555;48339;1.344
21362;39912;2.298
12605;57763;2.003
48362;57397;1.794
30971;51184;1.551
20704;25447;1.734
21213;31510;1.959
57763;60587;1.009
49488;5385;1.300
28760;29056;1.640
3330;47692;2.037
21213;39555;1.445
29287;8562;1.611
5385;8412;1.881
24953;49488;1.945
60587;6798;1.668
197636;5385;1.287
49808;51184;1.648
3330;5403;2.012
21013;6830;2.819
3330;5404;2.222
12605;5403;2.030
43957;60587;1.393
12605;5404;2.311
21013;39555;1.871
43957;8339;1.748
21362;8437;1.017
20751;25447;1.549
197999;34347;2.277
42473;8445;2.539
39837;50920;1.183
29081;51184;1.232
8387;8437;1.875
48339;51184;1.313
47692;48943;1.810
25447;51184;1.495
25255;51184;1.764
42473;8447;2.728
25255;5403;1.921
12895;29056;1.623
39560;39912;2.219
25255;5404;2.169
12895;12971;1.657
21013;3330;2.274
50920;8562;1.076
39560;8562;1.101
20704;760;1.638
197999;60587;1.918
57397;8412;1.885
197636;57397;1.261
5404;56833;2.030
47692;48362;1.856
30971;31543;1.847
28760;60587;1.560
31382;34347;2.041
28760;56833;1.842
34347;48339;2.070
29056;30971;1.653
1853;8437;2.138
21362;29287;1.690
12605;30971;2.183
1764;21362;2.393
12453;31510;1.920
31510;3330;2.253
8437;8445;2.076
39912;8437;2.318
31382;60587;1.274
39912;49808;2.496
3330;6798;2.029
12895;34347;2.214
8437;8447;2.516
42473;6830;2.910
30971;31239;1.632
12605;6798;2.161
60587;8562;1.179
1764;21013;2.447
28760;31382;1.539
21213;8437;1.708
12605;48943;2.146
56672;56833;1.830
1764;29056;2.466
48943;60587;1.693
29287;31510;2.166
47692;8437;1.680
30971;57763;1.551
20704;34347;2.206
29081;31543;1.597
12895;60587;1.687
25447;31543;1.610
30971;760;1.652
25255;6798;2.029
12971;8692;1.350
12605;48362;2.096
34347;35369;2.334
49808;8445;2.160
39555;8562;1.140
28760;42473;2.414
8339;8412;1.947
57763;6798;1.602
35369;56672;2.012
24864;8596;2.348
49808;8447;2.605
20704;60587;1.673
12971;57397;1.384
35369;8437;1.863
48362;8412;2.043
29056;49488;1.435
49808;57763;1.648
48943;6798;1.828
39837;8339;1.646
24864;8559;1.607
29287;6830;2.715
29081;31239;1.279
24864;8245;2.038
12605;49488;2.054
25447;31239;1.602
24864;760;1.593
12971;8387;1.802
12971;35369;1.654
12895;31382;1.672
197999;21213;2.119
20751;34347;2.217
197999;25255;2.044
1764;8445;2.598
43957;51184;1.318
30971;6798;1.880
47692;50920;1.420
25447;5403;1.680
1853;31510;2.342
1764;8447;2.633
48339;57763;1.314
25447;5404;1.972
25255;57763;1.764
8245;8339;2.127
20704;5385;1.605
12577;24864;1.790
34347;39555;2.113
197999;8692;1.914
1764;56833;2.481
48362;49808;2.031
39837;760;0.935
34347;8596;2.398
3330;8562;1.805
12605;8562;1.976
29287;3330;2.023
20751;60587;1.617
31510;8339;2.189
12453;43957;1.252
49808;6830;2.753
34347;8559;2.041
34347;8245;2.361
21013;8562;1.953
197999;51184;1.912
12605;28760;2.090
12577;21362;1.820
197999;8387;2.086
49488;8692;1.288
29081;8445;2.090
25255;8562;1.733
35369;39912;2.506
3330;39560;1.903
51184;8596;2.157
29081;8447;2.536
12453;5403;1.510
12895;1853;2.199
24864;29287;2.019
12453;5404;1.842
12895;21213;1.863
39555;49808;1.672
3330;39837;1.811
29287;43957;1.790
24953;31510;2.153
12895;25255;1.892
12577;21013;2.210
51184;8559;1.273
51184;8245;1.963
31382;51184;1.201
24864;56833;1.719
1764;20751;2.385
12605;50920;1.919
24953;8437;1.903
30971;48943;1.854
49488;8387;1.851
1764;5403;2.400
60587;6830;2.719
5403;56672;1.879
25447;6798;1.632
20704;25255;1.990
1764;42473;2.639
1764;5404;2.540
31510;43957;1.853
48943;51184;1.649
5404;8437;1.944
12895;51184;1.658
30971;48362;1.989
21213;57397;1.605
8596;8692;2.158
43957;8412;1.878
29081;30971;1.674
8412;8692;1.782
25447;30971;1.820
42473;8562;2.352
21362;8596;2.174
21213;35369;1.556
39837;49488;1.287
20704;51184;1.612
197999;31543;2.102
1853;43957;2.160
8387;8596;2.323
31543;34347;2.251
197999;5385;2.010
30971;49488;1.669
29081;5403;1.637
21362;8559;1.281
20751;21213;1.481
29081;5404;1.929
29081;48943;1.654
21362;8245;1.989
21013;57397;2.031
20751;25255;1.909
12453;6798;1.524
12577;29287;2.044
8387;8559;1.794
48339;8692;1.318
48339;48943;1.652
29287;8339;1.923
25447;48943;1.764
25255;48943;1.917
43957;57763;1.318
24864;42473;2.460
197999;24953;2.070
12577;56833;1.706
57763;8445;2.025
31543;60587;1.621
21013;35369;2.071
12453;48339;1.093
31543;56833;1.656
57763;8447;2.517
34347;49808;2.261
197999;31239;1.928
1853;8596;2.433
31239;760;1.189
29081;48362;1.719
1764;6798;2.520
48943;8445;2.165
48339;48362;1.796
29287;760;1.723
25447;48362;1.722
25255;48362;2.030
12577;12895;1.947
48943;8447;2.614
48339;8387;1.797
3330;6830;2.767
1853;8559;2.117
20751;51184;1.569
1853;8245;2.197
12605;6830;2.784
8437;8562;1.210
197999;57763;1.913
39912;8596;2.513
24953;43957;1.947
30971;8445;2.180
28760;57763;1.500
21362;29056;1.319
197636;47692;1.543
12971;49808;1.740
29287;48339;1.738
29081;49488;1.179
30971;8447;2.571
25447;49488;1.600
50920;8339;1.562
39912;8559;2.278
39560;8339;1.641
21213;8596;2.274
1764;25447;2.406
42473;56672;2.420
39912;8245;2.539
39555;57397;1.182
25255;6830;2.753
8445;8596;2.500
47692;8596;2.297
21213;8559;1.549
12577;20751;1.911
12895;24953;1.989
21213;8245;2.134
20704;31543;1.820
31382;57763;1.201
29081;6798;1.434
28760;34347;2.145
12605;3330;2.235
57763;6830;2.706
31510;48339;2.025
30971;50920;1.605
8445;8559;2.014
47692;8559;1.529
197636;29081;1.244
12577;42473;2.553
49808;8562;1.626
47692;8245;2.052
31239;60587;1.247
31543;42473;2.406
31239;56833;1.591
48943;6830;2.742
39837;8412;1.762
20704;24953;2.044
3330;56672;2.047
5404;60587;1.941
48943;57763;1.649
35369;8596;2.329
60587;8339;1.733
50920;57397;1.270
12971;1853;2.187
31239;8445;2.045
25255;3330;1.923
12895;57763;1.658
25447;28760;1.812
20704;8692;1.615
20704;31239;1.650
48943;5403;1.870
35369;8559;1.662
31239;8447;2.500
30971;6830;2.717
1853;48339;2.181
48943;5404;2.056
48339;5385;1.346
35369;8245;2.139
24864;25447;1.729
1764;8562;2.349
8245;8412;2.063
5385;56672;1.786
24864;5403;1.628
24864;5404;2.119
21362;56833;1.582
20751;31543;1.513
47692;49488;1.645
31239;31382;1.199
20704;57763;1.612
30971;5403;1.904
25447;8445;2.145
12453;39555;1.140
12971;47692;1.500
30971;5404;2.052
43957;48943;1.692
39555;8339;1.698
31510;8412;2.213
29081;50920;1.234
25447;8447;2.597
25447;50920;1.358
25255;50920;1.762
20704;8387;1.952
56672;60587;1.725
20751;24953;1.988
8562;8596;2.117
12453;760;1.099
12577;8437;1.877
34347;57397;2.030
31239;42473;2.368
20751;31239;1.640
43957;48362;1.603
25255;31543;1.950
31543;51184;1.563
29287;39555;1.735
12971;29081;1.390
34347;5403;2.254
29081;8562;1.155
24953;48339;1.898
1764;197999;2.433
34347;5404;2.191
197999;48943;2.120
3330;39912;2.457
21213;49808;1.877
20751;57763;1.570
12453;8445;1.989
3330;8339;1.885
31239;5403;1.647
29056;43957;1.426
12453;8447;2.470
31239;5404;1.930
12605;8339;2.141
12577;25447;1.787
31510;39555;1.854
25447;6830;2.731
21362;42473;2.370
1764;34347;2.620
12605;43957;1.900
25255;31239;1.758
24953;8596;2.241
197999;48362;2.098
12971;197636;1.361
39560;56833;1.567
24864;6798;1.792
8559;8692;1.276
24864;29056;1.613
760;8437;1.307
51184;5403;1.591
31382;48943;1.645
21013;8339;2.202
51184;5404;1.896
24953;8559;1.875
21013;49808;2.203
24953;8245;2.220
39912;47692;2.490
5404;8596;2.341
25255;8339;2.005
1764;60587;2.379
5385;8692;1.288
1853;39555;2.158
20704;30971;1.729
5404;8559;1.841
31382;48362;1.833
5404;8245;2.263
12895;48943;1.834
12453;6830;2.672
34347;6798;2.245
29287;8412;1.934
197636;20704;1.622
28760;51184;1.500
24864;34347;2.347
5385;8387;1.847
20704;48943;1.847
21213;47692;1.578
20751;8437;1.704
1764;31382;2.393
12895;48362;1.999
5385;760;1.324
56833;8437;1.658
31239;6798;1.656
57763;8562;1.124
39560;42473;2.424
21362;5403;1.696
1764;6830;2.944
21362;5404;1.916
197636;39560;1.244
39912;56672;2.480
24864;60587;1.709
197999;28760;2.045
57397;8692;1.255
12577;29056;1.634
48943;8562;1.578
24953;39555;1.884
20704;48362;1.930
197636;39837;1.201
12577;12971;1.652
12453;3330;1.805
51184;6798;1.602
42473;8339;2.439
21013;47692;2.047
50920;8412;1.777
39560;8412;1.861
30971;8562;1.559
29056;8437;1.397
21362;25447;1.601
31543;57763;1.563
20751;48943;1.832
20704;49488;1.708
197999;50920;1.932
1853;5403;2.142
1764;3330;2.511
57397;8387;1.848
29056;48339;0.970
1853;5404;2.396
25255;30971;1.895
24864;31382;1.743
12605;760;1.996
29081;6830;2.718
12453;12605;1.976
21013;29081;1.988
1764;21213;2.443
12577;34347;2.344
39912;5403;2.452
39837;43957;1.323
1764;25255;2.430
12971;20704;1.404
39912;5404;2.436
20751;48362;1.634
30971;43957;1.731
28760;31543;1.706
60587;8412;1.812
21362;6798;1.633
39555;47692;1.508
12577;60587;1.844
49488;56672;1.761
47692;5403;1.513
12971;39560;1.301
8339;8692;1.708
47692;5404;2.050
31239;8562;1.123
29081;3330;1.881
20704;28760;1.767
48943;50920;1.565
31382;31543;1.658
12577;197636;1.788
12971;39837;1.337
48362;8692;1.742
48362;56672;2.026
1764;51184;2.347
56833;60587;1.582
35369;56833;1.677
28760;31239;1.464
12895;50920;1.602
31239;57763;1.173
39555;8412;1.842
24864;8445;2.141
12895;197636;1.666
35369;5403;1.834
25447;8562;1.479
8447;8692;2.518
5404;57763;1.896
35369;5404;2.143
24864;8447;2.644
24864;25255;2.079
1853;6798;2.307
8339;8387;2.003
49808;8339;1.950
29081;43957;1.288
20704;50920;1.489
12895;31543;1.898
12577;31382;1.823
48339;49488;1.421
25447;43957;1.410
25255;49488;1.873
48362;8387;2.024
31239;34347;2.078
197636;760;1.202
12453;57397;1.032
39912;6798;2.485
12577;8596;2.415
12895;8437;1.718
29056;31510;2.032
20751;28760;1.761
12605;31510;2.077
56672;8437;1.737
12577;8559;1.693
12453;35369;1.649
1764;8339;2.511
29056;39555;1.361
24864;51184;1.667
12577;8245;2.194
34347;8445;2.371
31510;5385;1.949
12895;31239;1.586
56672;57763;1.675
3330;8412;1.850
47692;6798;1.699
34347;8447;2.664
31543;48943;1.872
12453;8562;0.355
12605;8412;2.208
21362;34347;2.040
35369;42473;2.460
29287;57397;1.757
24864;6830;2.807
20751;50920;1.423
34347;47692;2.289
25255;28760;1.822
21013;8412;2.240
197636;56672;1.685
39837;48339;1.292
49808;50920;1.610
29287;35369;2.017
31543;48362;1.712
12577;21213;1.825
760;8596;2.161
35369;6798;1.806
25255;8412;1.796
21362;60587;1.272
12577;25255;2.174
51184;8445;2.025
1853;197999;2.160
31510;57397;1.993
21013;760;1.998
51184;8447;2.517
29081;8339;1.687
1764;24953;2.359
760;8559;1.231
760;8245;1.939
48362;5385;1.711
5403;60587;1.624
48339;50920;1.130
5403;56833;1.751
31510;35369;2.067
21213;39560;1.637
197999;30971;2.097
34347;6830;2.794
30971;3330;1.958
28760;30971;1.728
43957;8692;1.322
21213;39837;1.574
31543;8437;1.718
1853;57397;2.206
12577;51184;1.777
21362;31382;0.928
197636;24864;1.674
12605;1764;2.532
1764;57763;2.347
31239;6830;2.674
6798;8437;1.701
43957;760;1.334
21013;39560;2.060
20751;8596;2.225
1853;35369;2.256
28760;48943;1.847
56833;8596;2.321
43957;8387;1.803
28760;8437;1.593
21013;39837;1.989
51184;6830;2.706
43957;49488;1.378
24864;24953;2.136
21362;8445;2.064
20751;8559;1.580
42473;8412;2.443
20751;8245;2.104
197636;39912;2.333
12971;56672;1.739
8387;8445;2.261
56833;8559;1.461
21362;8447;2.512
56833;8245;2.142
39560;60587;1.309
197636;21362;1.210
8387;8447;2.633
28760;48362;1.913
31239;3330;1.827
12895;30971;1.905
29056;8596;2.221
24953;57397;1.938
30971;31510;2.145
24953;6798;2.118
197636;21013;1.984
24864;57763;1.668
197999;49488;2.034
1853;8445;2.306
29056;8559;1.147
28760;49488;1.607
6830;8437;2.686
57763;8339;1.707
29056;8245;2.025
25447;3330;1.965
24953;35369;2.124
21362;25255;1.761
1853;8447;2.596
57397;60587;1.330
39555;39560;1.267
31239;51184;1.173
39912;760;2.311
5404;6798;2.031
48943;8339;1.778
39555;39837;1.221
39912;8445;2.551
12971;24864;1.642
47692;48339;1.481
21362;6830;2.675
42473;56833;2.476
39912;8447;2.808
31382;49488;1.219
21213;8445;2.204
43957;5385;1.368
30971;8339;1.880
21213;8447;2.652
21362;51184;1.197
47692;8445;2.120
43957;50920;1.204
39837;8692;1.192
12453;49808;1.626
12971;39912;2.336
29081;31510;1.953
8445;8447;2.637
48943;49488;1.679
47692;8447;2.599
25447;31510;1.950
20751;30971;1.862
12895;49488;1.757
3330;56833;2.011
21362;3330;1.847
197636;29287;1.664
1853;6830;2.807
49808;8412;2.009
24864;8562;1.561
21213;29081;1.546
1764;48943;2.483
12577;57763;1.777
8245;8692;1.965
35369;8445;2.231
39837;8387;1.777
49488;760;1.296
35369;8447;2.697
29287;49808;1.979
20704;43957;1.686
5385;60587;1.338
39912;6830;2.908
31382;8437;1.019
5385;56833;1.555
28760;50920;1.538
56833;57763;1.526
31510;8692;1.936
12605;48339;2.064
31239;8339;1.707
31239;31543;1.642
21213;56672;1.884
1764;48362;2.403
12895;8596;2.259
1764;8412;2.450
39555;5385;1.225
34347;39560;2.028
8245;8387;2.213
56672;8596;2.331
47692;6830;2.782
31510;49808;2.166
12895;8559;1.628
34347;8562;1.998
34347;39837;2.081
12895;28760;1.805
12895;8245;2.115
31382;50920;1.256
21213;5403;1.704
39560;51184;1.231
25447;8339;1.776
21213;5404;2.062
56672;8559;1.691
31510;8387;2.187
56672;8245;1.920
24864;48943;1.815
21013;56672;2.145
12577;5403;1.838
12577;5404;2.102
12453;47692;1.449
3330;42473;2.442
29056;57397;1.365
20751;49488;1.635
197636;8437;1.253
51184;56672;1.674
35369;6830;2.832
35369;60587;1.772
1853;49808;2.285
12971;29287;1.733
12453;1764;2.349
29081;8412;1.862
29056;35369;1.678
21362;24953;1.871
51184;8562;1.124
24864;48362;1.937
21213;24864;1.713
12605;35369;1.998
39837;5385;1.322
29287;47692;1.925
12453;29081;1.155
5403;8437;1.731
25255;43957;1.872
12453;8339;1.503
24953;8445;2.287
21013;5385;1.992
21213;39912;2.488
24953;8447;2.481
5404;760;1.900
21362;57763;1.198
21013;24864;2.124
39555;56672;1.697
31543;8596;2.241
57397;760;1.301
31510;47692;2.004
5404;8445;2.241
21213;6798;1.664
31543;8559;1.621
24953;49808;2.058
6798;8596;2.334
5404;8447;2.663
5403;57763;1.591
31543;8245;2.134
29287;8692;1.658
12577;48943;1.985
12605;39555;1.924
1764;50920;2.332
12577;6798;1.801
21013;39912;2.567
6798;8559;1.515
28760;8596;2.239
21362;8562;1.135
6798;8245;2.162
31382;760;1.231
8387;8562;1.756
197999;31510;2.125
1853;47692;2.193
50920;56672;1.639
28760;8559;1.576
12577;48362;2.058
1764;31543;2.369
28760;8245;2.047
30971;48339;1.650
29287;8387;2.039
20751;5403;1.666
56672;760;1.652
24953;6830;2.751
20751;5404;2.042
12971;760;1.348
39912;56833;2.489
57763;8412;1.780
1853;8562;2.085
50920;8692;1.162
42473;5385;2.371
39560;8692;1.235
24953;5403;2.032
24864;3330;2.056
5404;6830;2.775
39560;57763;1.231
31543;49488;1.652
24953;5404;2.143
1853;29081;2.163
6830;8596;2.834
48943;8412;1.807
24864;50920;1.552
1764;31239;2.349
39555;39912;2.350
6830;8559;2.682
39912;8562;2.266
39837;57397;1.294
6830;8245;2.760
31239;48943;1.679
34347;56672;2.236
30971;8412;1.906
24953;47692;2.074
24864;31543;1.834
50920;8387;1.729
39560;8387;1.870
21213;8562;1.495
35369;51184;1.725
29081;48339;1.358
25447;48339;1.483
25255;48339;1.838
57397;57763;1.251
30971;35369;1.971
12453;12577;1.688
8445;8562;1.989
60587;8692;1.011
47692;8562;1.449
31239;48362;1.813
21013;29287;2.209
20704;31510;2.128
39912;42473;2.733
29287;5385;1.735
21362;48943;1.642
20751;6798;1.762
24953;29081;1.937
56833;6798;1.556
24864;31239;1.698
49488;56833;1.597
35369;8562;1.649
31239;49488;1.270
12453;20704;1.494
60587;8387;1.794
60587;760;1.265
48362;56833;1.809
39555;8692;1.174
31510;760;1.969
31239;8412;1.788
29081;57397;1.198
21362;48362;1.832
197999;43957;1.993
12577;50920;1.650
31382;8596;2.174
29056;49808;1.715
25447;57397;1.576
197636;29056;1.327
31543;50920;1.468
28760;43957;1.622
30971;39555;1.669
12605;49808;2.142
31382;8559;1.285
29081;35369;1.704
12453;39560;1.101
49808;5385;1.519
31382;8245;1.990
25447;35369;1.653
20751;31510;1.914
12577;31543;1.966
34347;39912;2.321
25447;8412;1.914
12971;8437;1.439
12453;39837;1.097
50920;5385;1.223
42473;60587;2.415
39560;5385;1.193
39555;8387;1.786
24864;8339;1.848
5385;57763;1.286
31382;43957;1.407
3330;34347;2.246
12577;24953;2.237
1764;30971;2.464
3330;8692;1.852
12577;8445;2.233
39560;48943;1.680
29287;39560;1.676
12605;8692;2.005
