23893;24122;1.360
58656;58717;1.355
24323;58717;1.316
23893;9230;1.247
17806;24323;1.478
23956;23991;1.350
132106;38712;1.560
45951;9441;1.260
24556;45951;1.308
132442;38071;0.924
132442;38031;1.537
17494;24342;1.764
58682;58688;1.686
58688;58923;1.267
38712;58945;1.600
58688;58691;1.414
38712;58672;1.557
23923;58668;1.726
132267;58599;1.993
24323;9230;1.241
23923;58629;1.716
38071;58668;1.206
132602;58599;1.497
38071;58629;1.372
58688;58699;1.173
45273;58599;1.598
24556;9230;1.295
56264;58587;1.772
58699;58715;1.407
55828;58599;1.746
23688;58587;1.819
58699;58717;1.420
58629;58782;1.647
58599;58715;1.511
58629;58704;1.667
58599;58717;1.524
23893;58599;1.495
24342;58923;1.568
132106;17494;1.319
24342;58691;1.737
23688;23893;1.137
132602;45588;1.081
132602;45273;1.357
58715;59239;1.414
45273;45588;1.277
132106;58599;1.500
17469;58668;1.131
23688;9441;0.968
9230;9441;1.241
58691;58803;1.324
38031;9230;1.516
17469;58629;1.374
133439;45951;1.260
24342;58656;1.687
24342;58616;1.810
132267;59249;1.955
24342;58699;1.711
45951;58782;1.625
38026;58682;1.622
38026;58601;1.317
56264;9441;0.924
132442;58682;1.699
132442;58601;1.420
45951;58704;1.506
132267;38026;1.772
38026;58688;1.128
23893;45588;1.108
23893;45273;1.281
132442;58688;1.174
17494;59239;1.581
55828;59249;1.492
56264;59239;1.129
45951;55828;1.598
132602;38026;1.227
24556;58587;1.787
133439;9230;1.241
132267;24556;1.780
38712;45588;1.503
38712;45273;1.609
132106;55828;1.517
38031;58923;1.653
58656;9230;1.393
38031;58691;1.508
132442;23991;1.159
132602;24556;1.227
38026;9230;1.246
23991;45951;1.261
58668;59249;1.433
58616;59249;1.451
38031;58656;1.355
38031;58616;1.598
132442;23956;1.306
38031;58699;1.537
132106;59249;1.470
24122;58599;1.606
23893;38026;1.005
17469;23893;1.015
132442;23688;1.238
58945;59239;0.924
23893;24556;1.056
132267;58945;1.814
23923;58782;1.736
132267;58672;1.842
17806;58682;1.678
23923;58704;1.688
17806;58601;1.494
38071;58782;1.322
24556;59239;1.131
132602;58945;1.302
132602;58672;0.925
45273;58945;1.332
17469;9441;0.924
133439;58587;1.748
58672;9441;0.925
45273;58672;1.356
38071;58704;1.442
17806;58688;1.576
55828;58945;1.624
55828;58672;1.514
38712;58715;1.634
38712;9230;1.675
38712;58717;1.646
58782;9230;1.635
58672;58945;1.302
56264;58668;1.130
24122;59249;1.479
56264;58629;1.367
23688;58668;1.352
23991;24342;1.620
133439;23893;0.938
23956;56264;1.271
23893;58945;1.206
23688;58629;1.327
38026;38071;1.048
23893;58672;1.264
38026;38031;1.467
58668;58945;1.095
58616;58945;1.000
24122;38026;1.368
132106;24122;1.502
58668;58672;1.298
58616;58672;1.317
23923;9230;1.631
132106;58945;1.306
17469;58782;1.395
132106;58672;0.929
132106;17806;1.670
17469;58704;1.354
24122;24556;1.369
23991;58587;1.819
58691;58923;1.531
132602;9441;0.925
58923;59239;1.267
17494;58587;1.960
58803;58945;1.274
45588;58803;1.144
133439;59239;0.924
23991;9230;1.274
58691;58699;1.407
23688;38712;1.368
23956;9441;1.040
132267;45588;1.765
132267;45273;1.696
45951;58599;1.612
17494;23893;1.393
24556;58668;1.139
24556;58629;1.373
132267;24323;1.592
23923;38712;1.825
24122;58945;1.231
24122;58672;1.498
38071;38712;1.549
132602;24323;0.925
58629;59249;1.550
23956;58803;1.290
17806;38071;1.581
23991;59239;1.242
17806;38031;1.567
58587;58803;1.788
132267;17469;1.778
24342;45951;1.762
58715;58782;1.637
58656;58682;1.623
24323;58682;1.616
58782;58803;1.540
24323;58601;1.316
132106;45588;1.085
132106;45273;1.360
132106;132267;1.844
132602;17469;1.233
23893;24323;0.938
58682;58803;1.631
58656;58688;1.303
24323;58688;0.924
132442;56264;1.049
45951;59249;1.495
132267;133439;1.592
17469;38712;1.516
132267;58715;1.960
132267;58717;1.972
59249;9441;1.286
133439;58668;0.908
132602;58715;1.501
133439;58629;1.125
56264;58782;1.408
23923;58599;1.828
45273;58715;1.612
132602;58717;1.513
23688;58782;1.578
45273;58717;1.623
56264;58704;1.355
55828;58715;1.554
132106;38026;1.230
38071;58599;1.495
55828;58717;1.566
38031;45951;1.605
23688;58704;1.411
58601;59239;1.426
45588;56264;1.151
58599;58682;1.800
58672;58715;1.501
58629;58945;1.464
58599;58601;1.524
23688;55828;1.406
132106;24556;1.230
58629;58672;1.480
58672;58717;1.513
23893;58715;1.381
58599;58688;1.446
24122;45588;1.425
24122;45273;1.521
23893;58717;1.383
58668;58715;1.392
58616;58715;1.473
58803;9230;1.355
58668;58717;1.405
58616;58717;1.485
132106;58715;1.503
23688;59249;1.437
132442;133439;0.924
23923;55828;1.677
132106;58717;1.515
24122;24323;1.230
23991;58668;1.242
133439;38712;1.330
17469;17494;1.471
23991;58629;1.316
38071;55828;1.557
17469;58599;1.424
17494;58668;1.559
45588;58923;1.235
45588;58691;1.485
17494;58629;1.559
24342;58587;2.005
38026;58803;1.112
23923;59249;1.668
17806;23991;1.526
58599;9441;1.326
45951;58945;1.366
45951;58672;1.510
132442;58803;1.196
45588;58656;1.303
24556;58782;1.401
45588;58616;1.315
38071;59249;1.371
45588;58699;1.195
17806;23956;1.715
58688;59239;0.924
24556;58704;1.394
17806;23688;1.524
24323;38071;0.924
45273;9441;1.063
24323;38031;1.451
17469;55828;1.500
24122;58715;1.576
23956;58923;1.292
23956;58691;1.549
17494;38712;1.717
24122;58717;1.588
58601;58668;1.405
133439;17494;1.306
38031;58587;1.924
58601;58629;1.635
58587;58923;1.847
17469;59249;1.308
58587;58691;1.821
23956;58656;1.398
23956;58616;1.392
23688;24122;1.530
23956;58699;1.305
58782;58923;1.473
24342;59239;1.761
58587;58656;1.809
58587;58616;1.796
58587;58699;1.809
38071;9230;1.351
58682;58923;1.804
58682;58691;1.627
23923;24122;1.733
133439;58782;1.220
23923;58945;1.713
23923;58672;1.741
17806;58803;1.487
133439;58704;1.353
58682;58699;1.699
38071;58945;1.174
38071;58672;1.251
38712;58682;1.878
58715;9441;1.303
38712;58601;1.646
133439;55828;1.361
24122;9441;1.230
38712;58688;1.600
58616;9441;1.000
38031;59239;1.587
56264;58599;1.419
24556;38712;1.536
38026;56264;0.926
23688;58599;1.515
132106;24323;0.929
58629;58715;1.625
23991;58782;1.516
17469;24122;1.356
58629;58717;1.637
17469;58945;1.116
23991;58704;1.467
17469;58672;1.233
17494;58782;1.773
17469;17806;1.492
17494;58704;1.672
58715;59249;1.485
23956;24342;1.735
132106;17469;1.236
38026;58923;1.233
17494;55828;1.527
38026;58691;1.304
24342;58668;1.779
23688;45588;1.185
23688;45273;1.352
132267;38071;1.759
132442;58923;1.211
132267;38031;2.049
24342;58629;1.710
132442;58691;1.407
58717;58803;1.337
45951;58715;1.500
38026;58656;1.159
132602;38071;1.252
38026;58616;1.195
132106;9230;1.501
132602;38031;1.558
45951;58717;1.501
38026;58699;1.048
132442;58656;1.256
17494;59249;1.524
132442;58616;1.222
132442;58699;0.924
56264;59249;1.296
23923;45588;1.680
23923;45273;1.817
24556;58599;1.433
38071;45588;1.195
38071;45273;1.341
58704;9230;1.510
58601;58782;1.649
17494;9230;1.522
133439;24122;1.230
132442;45951;1.369
23688;38026;1.153
58601;58704;1.366
23893;38071;1.121
23893;38031;1.480
17806;56264;1.482
132442;23923;1.613
133439;17806;1.478
38031;58668;1.588
23688;24556;1.191
38031;58629;1.660
24342;9441;1.534
58704;58803;1.375
58688;9441;0.924
58629;9441;1.125
23923;38026;1.629
58945;59249;1.440
58656;58803;1.103
24323;58803;0.924
58715;58945;1.414
58691;59239;1.414
24556;55828;1.512
45588;45951;1.384
23923;24556;1.654
17469;45273;1.300
17469;45588;1.160
23991;38712;1.512
132267;58682;2.160
132267;58601;1.972
17806;58923;1.678
17806;58691;1.482
24556;59249;1.325
23923;58715;1.676
132602;58682;1.758
132267;58688;1.814
58587;59239;1.749
23923;58717;1.688
17494;24122;1.607
132602;58601;1.513
58688;58782;1.223
45273;58682;1.829
17806;58656;1.497
45273;58601;1.623
17806;58616;1.632
133439;58599;1.326
38071;58715;1.407
17806;58699;1.581
56264;58945;1.129
55828;58682;1.705
38031;38712;1.738
58688;58704;1.437
56264;58672;1.227
55828;58601;1.566
38071;58717;1.420
132602;58688;1.302
23688;58945;1.313
17494;17806;1.681
45273;58688;1.332
23688;58672;1.243
58699;58803;1.196
17469;38026;0.936
132442;24342;1.711
55828;58688;1.624
58672;58682;1.758
24122;38071;1.406
24122;38031;1.626
58599;58803;1.514
23956;45951;1.566
58668;9230;1.399
23893;58682;1.636
132602;23991;1.301
23893;58601;1.383
17469;24556;0.984
58672;58688;1.302
58668;58682;1.691
58616;58682;1.687
132106;58682;1.760
23893;58688;1.206
132106;58601;1.515
132602;23956;1.326
58717;9230;1.472
58668;58688;1.095
58616;58688;1.000
17469;58715;1.315
24342;58782;1.897
132106;58688;1.306
17469;58717;1.328
132602;23688;1.243
23991;58599;1.498
24342;58704;1.761
58923;59249;1.524
23893;23991;0.978
17494;58599;1.702
133439;59249;1.286
58717;58923;1.544
23893;23956;1.314
24556;58945;1.131
58601;9230;1.472
45588;58587;1.844
24556;58672;1.227
133439;38026;0.924
132267;132442;1.759
24323;56264;0.924
133439;24556;0.924
23991;55828;1.443
38031;58782;1.763
17494;45588;1.306
17494;45273;1.586
24122;58682;1.693
24122;58601;1.588
132442;59239;1.174
59239;9441;0.924
38031;58704;1.557
24122;58688;1.231
23991;59249;1.341
58704;58923;1.564
38031;55828;1.532
23688;24323;0.968
23956;58587;1.907
58656;58923;1.388
24323;58923;0.924
58656;58691;1.342
24323;58691;1.303
23893;9441;0.938
17494;38026;1.462
58923;58945;1.267
38026;45951;1.264
23923;24323;1.604
24323;58656;1.103
45588;59239;1.293
24323;58616;1.000
58715;58717;1.317
58656;58699;1.256
24323;58699;0.924
133439;58945;0.924
133439;58672;0.925
17494;24556;1.476
24342;38712;1.535
24323;9441;0.000
38712;58803;1.344
132106;38071;1.255
132106;38031;1.590
58699;58923;1.210
56264;58715;1.304
24556;9441;0.924
24556;45588;1.164
24556;45273;1.304
56264;58717;1.317
23688;58715;1.362
58601;59249;1.498
45588;9230;1.402
58599;58923;1.573
23688;58717;1.375
58599;58691;1.511
17806;9230;1.479
58629;58682;1.815
23956;59239;1.340
23991;24122;1.395
17469;24323;0.924
58599;58656;1.533
58699;9230;1.350
58599;58616;1.498
23991;58945;1.242
58599;58699;1.495
23991;58672;1.301
58629;58688;1.464
17494;58945;1.581
17494;58672;1.315
24556;38026;0.978
58782;59239;1.223
38031;9441;1.451
58691;58782;1.637
58682;9230;1.673
132267;23991;1.762
132267;56264;1.772
58691;58704;1.353
58682;59239;1.686
17806;45951;1.564
24342;58599;1.874
45951;58682;1.711
45951;58601;1.501
132267;23956;1.794
132602;56264;1.227
17806;23923;1.683
45273;56264;1.308
45588;58668;1.278
38026;58587;1.771
132267;9230;1.927
58688;59249;1.440
45951;58688;1.366
45588;58629;1.345
24556;58715;1.346
132442;58587;1.809
132267;23688;1.760
133439;45588;0.925
133439;45273;1.063
58691;9230;1.460
133439;9441;0.000
24556;58717;1.359
133439;24323;0.000
58656;9441;1.103
58601;58945;1.426
38026;9441;0.924
58601;58672;1.513
23893;56264;1.002
132442;23893;1.120
24342;55828;1.681
132106;23991;1.304
38712;56264;1.507
38031;58599;1.697
23956;58668;1.371
133439;17469;0.924
132106;23956;1.329
23956;58629;1.511
24342;59249;1.741
23991;45588;1.145
23991;45273;1.313
58587;58668;1.781
132106;23688;1.246
58587;58629;1.926
17806;24342;1.767
58587;9230;1.869
38026;59239;1.128
132267;58803;1.749
58923;9230;1.491
23923;58682;1.824
23923;58601;1.688
133439;58715;1.303
17494;24323;1.306
38712;58923;1.384
132602;58803;1.201
133439;58717;1.316
58704;59239;1.437
38712;58691;1.634
38071;58682;1.700
45273;58803;1.317
38071;58601;1.420
23923;58688;1.713
58688;58945;0.924
38712;9441;1.330
17806;58587;1.884
55828;58803;1.358
58656;59239;1.303
38712;58656;1.505
38071;58688;1.174
38712;58616;1.650
23991;38026;1.044
58782;9441;1.220
38712;58699;1.549
132442;9230;1.350
23956;38712;1.564
24122;56264;1.369
58672;58803;1.201
38031;59249;1.459
23991;24556;1.093
23893;58803;1.095
23923;9441;1.604
58668;58803;1.316
58616;58803;1.338
132106;58803;1.204
17469;58682;1.629
23991;58715;1.419
17469;58601;1.328
24323;45951;1.260
23991;58717;1.420
24342;58945;1.761
24342;58672;1.715
17494;58715;1.629
17469;58688;1.116
17494;58717;1.639
45588;58782;1.523
23991;9441;0.978
45588;58704;1.533
17806;59239;1.576
59239;59249;1.440
38026;58668;1.129
132267;132602;1.842
38026;58629;1.367
132442;58668;1.206
132442;58629;1.372
23688;38071;1.238
23688;38031;1.497
38031;58945;1.587
24122;58803;1.491
38031;58672;1.587
55828;9230;1.487
58601;58715;1.317
23956;58782;1.587
58601;58717;1.317
23923;38071;1.613
23923;38031;1.702
23956;58704;1.591
58587;58782;1.912
24323;24342;1.534
58945;9230;1.400
55828;56264;1.488
58587;58704;1.824
23956;55828;1.656
132442;38712;1.549
58691;59249;1.486
58682;58782;1.844
132267;58923;1.593
132267;58691;1.960
45951;56264;1.265
24323;58587;1.748
58682;58704;1.666
24342;45588;1.648
24342;45273;1.753
58717;59239;1.426
132602;58923;1.303
45951;9230;1.416
132267;58656;1.888
132602;58691;1.501
45273;58923;1.252
132267;58616;1.864
132106;56264;1.230
58587;59249;1.896
45273;58691;1.612
132267;58699;1.759
55828;58923;1.570
55828;58691;1.554
17806;58668;1.574
17469;38071;1.037
17469;38031;1.478
132602;58656;1.342
56264;58682;1.622
17806;58629;1.660
132602;58616;1.310
58688;58715;1.414
56264;58601;1.317
45273;58656;1.465
132602;58699;1.251
45273;58616;1.385
23688;58682;1.666
58688;58717;1.426
45273;58699;1.341
23688;58601;1.375
55828;58656;1.513
58672;58923;1.302
55828;58616;1.626
58672;58691;1.501
56264;58688;1.129
55828;58699;1.557
23688;58688;1.313
23893;58923;1.226
132106;133439;0.929
24342;38026;1.660
23893;58691;1.381
132602;45951;1.510
58629;58803;1.321
23991;24323;0.978
58668;58923;1.321
58616;58923;1.335
45273;45951;1.518
58668;58691;1.392
58616;58691;1.473
58672;58699;1.251
132106;58923;1.306
132602;23923;1.729
132106;58691;1.503
58803;9441;0.924
23893;58656;1.198
132442;17494;1.509
38031;45588;1.506
38031;45273;1.714
23893;58616;1.273
24342;24556;1.690
23893;58699;1.120
58616;58656;1.367
23688;23991;1.138
58668;58699;1.206
58616;58699;1.222
132106;58656;1.344
132106;58616;1.320
24323;59239;0.924
132106;58699;1.255
23688;23956;1.338
58691;58945;1.414
24342;58715;1.737
23893;45951;1.261
58803;58923;1.222
23688;9230;1.393
24342;58717;1.738
38026;58782;1.407
23956;24122;1.578
23923;23991;1.633
133439;38071;0.924
23893;23923;1.633
133439;38031;1.451
132442;58782;1.322
45951;58803;1.341
38026;58704;1.354
38712;45951;1.661
17806;23893;1.489
56264;9230;1.245
23923;23956;1.822
132442;58704;1.442
24556;58682;1.617
24556;58601;1.359
45588;58599;1.531
132442;55828;1.557
24556;58688;1.131
132267;24342;1.908
58699;59239;1.173
24122;58923;1.505
24122;58691;1.576
132602;24342;1.715
58599;59239;1.446
132442;59249;1.370
38031;58715;1.508
24122;58656;1.518
38031;58717;1.520
24122;58616;1.231
24122;58699;1.406
17469;23991;1.055
45588;55828;1.450
17494;38071;1.510
23956;58599;1.625
17494;38031;1.629
17469;23956;1.279
38071;9441;0.924
23893;24342;1.603
58587;58599;1.904
17469;23688;1.164
45588;59249;1.356
58656;58668;1.342
24323;58668;0.908
133439;58682;1.616
24323;58629;1.125
23923;58803;1.621
17806;58782;1.785
133439;58601;1.316
17806;58704;1.531
38071;58803;1.197
133439;58688;0.924
17469;9230;1.257
58672;9230;1.498
38712;58587;1.953
38026;38712;1.508
133439;23991;0.978
132442;132602;1.251
132442;24122;1.406
58629;58923;1.396
132602;133439;0.925
58629;58691;1.625
23956;59249;1.556
133439;23956;1.039
132602;59239;1.302
132442;17806;1.581
45273;59239;1.332
58629;58656;1.484
58599;58668;1.389
23991;58682;1.669
24556;38071;1.065
23991;58601;1.420
58629;58699;1.372
58599;58629;1.683
24556;38031;1.493
133439;23688;0.968
17469;58803;1.123
23956;38026;1.272
24122;24342;1.828
17494;58682;1.797
23991;58688;1.242
17494;58601;1.640
58782;59249;1.631
58672;59239;1.302
23956;24556;1.284
17494;58688;1.581
132267;45951;1.933
58682;59249;1.676
132602;9230;1.498
58691;58715;1.304
45588;58945;1.293
23893;59239;1.206
45951;58923;1.492
45588;58672;1.081
58691;58717;1.317
45951;58691;1.500
132267;23923;2.076
58717;58782;1.649
132106;9441;0.929
45951;58656;1.354
38712;59239;1.600
17494;23991;1.427
45951;58616;1.429
45951;58699;1.369
38026;58599;1.418
23956;9230;1.535
132442;58599;1.495
23688;56264;1.152
17494;23956;1.588
58704;9441;1.353
17494;9441;1.306
17806;38712;1.751
58803;59239;1.274
58601;58682;1.637
17494;23688;1.467
23923;56264;1.629
23956;58945;1.340
132106;45951;1.513
58601;58688;1.426
23956;58672;1.326
38071;56264;1.049
58704;58782;1.658
132106;23923;1.744
58587;58945;1.749
58587;58672;1.888
132442;45588;1.195
132442;45273;1.341
38026;55828;1.489
58656;58782;1.567
24323;58782;1.220
58782;58945;1.223
58715;58803;1.324
58656;58704;1.392
24323;58704;1.353
58682;58945;1.686
38026;59249;1.297
23923;58923;1.782
23923;58691;1.676
38071;58923;1.211
38071;58691;1.407
58704;59249;1.534
23923;58656;1.658
132267;58587;2.117
23991;38071;1.159
23923;58616;1.729
17469;56264;0.937
59249;9230;1.344
23991;38031;1.513
23923;58699;1.613
132442;38026;1.048
58656;59249;1.373
56264;58803;1.112
38071;58656;1.257
17806;58599;1.688
38071;58616;1.222
132602;58587;1.888
38071;58699;0.924
23688;58803;0.971
58699;58782;1.322
45273;58587;1.880
38712;58668;1.650
24122;45951;1.492
38712;58629;1.635
132442;24556;1.065
55828;58587;1.952
58699;58704;1.442
58599;58782;1.668
38031;38071;1.537
58668;9441;0.909
132106;24342;1.718
58599;58704;1.556
132602;23893;1.264
17469;58923;1.235
17469;58691;1.315
58717;9441;1.317
23893;58587;1.790
23956;45588;1.333
23956;45273;1.483
132106;58587;1.890
17469;58656;1.170
17806;55828;1.567
24342;58682;1.920
17469;58616;1.183
24342;58601;1.738
17469;58699;1.037
23956;24323;1.039
133439;56264;0.924
24342;58688;1.761
132267;59239;1.814
38026;58945;1.128
38026;58672;1.226
132442;58945;1.174
17806;59249;1.551
45588;58715;1.485
132442;58672;1.251
58601;9441;1.317
58599;9230;1.598
45588;58717;1.497
24556;58803;1.152
24323;38712;1.330
55828;59239;1.624
45273;9230;1.551
38031;58682;1.695
38031;58601;1.520
58668;59239;1.095
58616;59239;1.000
38031;58688;1.587
24122;58587;1.834
132106;59239;1.306
23956;58715;1.549
132106;132442;1.255
23956;58717;1.561
17494;56264;1.462
58587;58715;1.820
58715;58923;1.531
58587;58717;1.831
133439;58803;0.924
17806;24122;1.633
24323;58599;1.326
58682;58715;1.627
17806;58945;1.576
58717;59249;1.497
17806;58672;1.668
58682;58717;1.639
38712;58782;1.738
132267;58668;1.836
132267;58629;1.789
56264;58923;1.233
38026;45588;1.151
38026;45273;1.308
56264;58691;1.305
38712;58704;1.658
58715;9230;1.460
23688;58923;1.259
23688;58691;1.363
132602;58668;1.298
45273;58668;1.363
132602;58629;1.481
45588;9441;0.925
24342;38071;1.711
56264;58656;1.159
45273;58629;1.474
24342;38031;1.781
56264;58616;1.196
55828;58668;1.627
132442;24323;0.924
58616;9230;1.463
56264;58699;1.049
24122;59239;1.231
17806;9441;1.478
23688;58656;1.148
55828;58629;1.518
23688;58616;1.377
23688;58699;1.238
58699;9441;0.924
24323;55828;1.361
24556;56264;0.980
23991;58803;1.134
23893;58668;1.208
23688;45951;1.345
23893;58629;1.315
58616;58668;1.166
17494;58803;1.408
132267;38712;1.769
132442;17469;1.037
58682;9441;1.616
58616;58629;1.526
24323;59249;1.286
132106;58668;1.301
23688;23923;1.638
132106;58629;1.484
132602;38712;1.557
23923;45951;1.682
132267;23893;1.751
38071;45951;1.370
58717;58945;1.426
38026;58715;1.304
24556;58923;1.244
24556;58691;1.346
132267;9441;1.592
38026;58717;1.317
132442;58715;1.407
58691;9441;1.303
132442;58717;1.420
45951;58587;1.849
24556;58656;1.205
24556;58616;1.189
17806;45588;1.597
17806;45273;1.728
24556;58699;1.065
23893;38712;1.488
58699;59249;1.370
58601;58803;1.337
58599;59249;1.626
58629;59239;1.464
132267;17494;1.961
24122;58668;1.314
17469;45951;1.264
23688;24342;1.573
24122;58629;1.564
132106;23893;1.267
58704;58945;1.437
17469;23923;1.630
132602;17494;1.315
24342;9230;1.703
17806;38026;1.482
58688;9230;1.400
58629;9230;1.462
24342;56264;1.659
58656;58945;1.303
24323;58945;0.924
58656;58672;1.341
24323;58672;0.925
23923;24342;1.843
58587;9441;1.748
17806;24556;1.522
58923;9441;0.924
133439;58923;0.924
132267;58782;1.867
133439;58691;1.303
45951;59239;1.366
132267;58704;1.982
132602;58782;1.522
23991;56264;1.043
133439;58656;1.103
45273;58782;1.590
133439;58616;1.000
17806;58715;1.482
133439;58699;0.924
23923;58587;1.984
132267;55828;1.970
132602;58704;1.547
17806;58717;1.494
58688;58803;1.274
55828;58782;1.795
45273;58704;1.628
24122;38712;1.769
132442;9441;0.924
55828;58704;1.603
38071;58587;1.809
132602;55828;1.486
58699;58945;1.173
45273;55828;1.638
38712;58599;1.778
58672;58782;1.528
38031;56264;1.468
58599;58945;1.446
58672;58704;1.547
58599;58672;1.498
23893;58782;1.481
133439;23923;1.604
17469;24342;1.668
58668;58782;1.375
58616;58782;1.233
23956;38071;1.306
132602;59249;1.447
23991;58923;1.259
23956;38031;1.691
23893;58704;1.431
45273;59249;1.578
23991;58691;1.419
132106;58782;1.531
58668;58704;1.437
58616;58704;1.491
58629;58668;1.390
132106;58704;1.549
17494;58923;1.567
23893;55828;1.414
17494;58691;1.629
23991;58656;1.236
23688;59239;1.313
23991;58616;1.309
23991;58699;1.159
24342;58803;1.549
17469;58587;1.768
58672;59249;1.467
17494;58656;1.531
24122;9230;1.466
17494;58616;1.594
38712;55828;1.652
17494;58699;1.509
23893;59249;1.310
45588;58682;1.700
45588;58601;1.497
23923;59239;1.713
24323;45588;0.925
24323;45273;1.063
45588;58688;1.293
38071;59239;1.174
17494;45951;1.616
38712;59249;1.689
45951;58668;1.408
45951;58629;1.532
17494;23923;1.780
133439;24342;1.534
58601;58923;1.544
132267;24122;1.960
58803;59249;1.335
58601;58691;1.317
24122;58782;1.429
55828;9441;1.361
38031;58803;1.357
24323;38026;0.924
24122;58704;1.589
132602;24122;1.492
132267;17806;2.055
58601;58656;1.355
59239;9230;1.400
58601;58616;1.485
23956;58682;1.825
58601;58699;1.420
23956;58601;1.561
132106;132602;0.929
24122;55828;1.629
58945;9441;0.924
132602;17806;1.668
17469;59239;1.116
24323;24556;0.924
58587;58682;1.957
23956;58688;1.340
58587;58601;1.831
58704;58715;1.354
58704;58717;1.367
58587;58688;1.749
58656;58715;1.342
24323;58715;1.303
