12615;44814;1.527
21230;47872;1.473
34295;59900;1.240
34770;39401;0.904
20682;34295;1.307
197216;39505;1.419
20682;50020;0.951
12615;31287;1.544
39184;50360;1.425
31287;60447;1.435
12716;20657;1.514
12716;38932;1.508
38932;8877;1.453
42410;43205;1.458
29687;42049;1.272
25556;42794;0.926
39401;62047;0.892
34224;8808;1.506
20657;25556;1.472
12615;21230;1.482
15669;9127;1.261
59900;6802;1.246
34295;50360;1.323
43561;50020;1.508
13124;8672;1.489
47872;57344;1.478
39505;43561;1.490
34909;42410;1.280
12564;61996;0.950
13147;39251;1.425
42555;48452;1.338
31287;47748;1.390
34524;8390;1.321
21230;24750;1.247
25206;42555;1.221
199364;42049;1.471
197216;44814;1.522
8390;8672;1.237
35654;48115;1.045
39505;60168;1.390
15669;39251;1.464
57344;60447;1.496
197216;31287;1.388
47748;61996;0.932
20657;34295;1.482
24750;29582;0.951
12564;29582;1.294
31083;38932;1.372
41313;50360;1.509
20657;50020;1.434
31083;8717;1.512
31083;42459;1.433
12829;8717;1.510
31287;42081;1.514
29030;29687;1.425
41313;8808;1.500
24750;61996;0.951
29687;8672;1.273
197216;21230;1.241
8431;9127;1.441
12829;42459;1.473
34569;43205;1.448
3245;39505;1.492
25556;59772;1.413
34770;57344;1.476
12716;60859;1.486
20911;25206;1.460
42794;59620;1.458
31083;8262;1.519
13147;48452;1.421
12829;8262;1.511
20682;34770;1.274
31029;42410;1.476
57463;59620;1.502
20682;41313;1.523
42794;47872;1.485
25556;8431;1.456
34524;8866;1.494
39401;48030;1.468
15669;48452;1.031
8262;8808;1.516
13124;42049;1.505
42049;59742;1.282
12829;20657;1.434
12829;38932;1.432
199364;60447;1.460
196807;25556;1.327
12615;35654;1.507
29687;60447;1.318
12615;57463;1.508
34909;8672;1.272
12615;29030;1.539
3245;44814;1.545
29030;31029;1.515
31287;42555;1.452
35654;39401;1.332
59900;60168;1.300
12716;20682;1.465
35654;8390;1.060
12716;59900;1.453
59620;6802;1.440
29084;59742;1.440
196807;34295;1.185
34524;8877;1.371
29687;47748;1.311
13147;34524;1.420
196807;50020;1.311
20657;34770;1.474
20657;41313;1.541
199847;31250;1.482
31029;34569;1.504
50020;8390;0.951
197216;35654;1.045
12564;15669;1.296
29084;42794;1.498
15669;34524;1.311
42049;42794;1.328
12716;50360;1.485
48452;59620;1.391
31083;60859;1.260
197216;57463;1.476
39184;48115;1.416
50360;60168;0.906
29030;8672;1.449
42410;48452;1.280
13147;16154;1.498
196807;8808;1.295
199364;47748;1.420
57463;8390;1.473
44814;6802;1.496
29687;42081;1.415
12829;60859;1.251
34569;39251;1.488
34295;48115;1.310
34524;50020;1.320
20682;47872;1.516
12564;59742;1.341
25556;3245;1.441
13236;8717;1.524
35654;8866;1.513
34909;38932;1.372
12615;8717;1.550
199364;42081;1.504
34909;42459;1.433
13124;60447;1.499
34224;8390;1.547
197216;29030;1.419
16154;51555;1.484
25556;43205;1.458
47748;59742;1.355
60859;8672;1.143
43561;47872;1.517
13236;8262;1.513
35654;57344;1.517
50020;8866;1.523
20682;59620;1.381
41313;48115;1.525
31083;59900;1.218
15669;16154;1.399
29030;62047;1.460
12615;8262;1.548
12829;20682;0.951
24750;59742;1.367
199847;39505;1.353
13236;42049;0.925
12829;59900;1.253
42049;59772;1.419
20911;39184;1.505
34569;48452;1.455
60168;6802;1.278
57463;8866;1.516
13124;47748;1.522
39505;9127;1.351
29687;42555;1.272
3245;35654;1.407
35654;8877;1.414
196807;34770;1.330
20682;24750;0.951
21230;9127;0.990
196807;41313;1.494
42459;44814;1.515
20657;59620;1.456
31250;42049;1.476
43561;59620;1.531
3245;57463;1.518
31029;9127;1.457
16344;25206;1.229
20657;47872;1.534
31083;50360;1.280
24750;42794;1.284
12564;42794;0.961
13147;42410;1.412
39184;39401;1.425
34224;39184;1.555
41313;8390;1.523
39505;61996;1.222
31029;38932;1.502
50020;8877;1.392
29084;59772;1.472
48030;57463;1.517
31029;42459;1.513
199364;42555;1.471
13124;42081;1.505
34224;8866;1.527
15669;42410;1.270
199847;44814;1.486
51555;8672;1.424
34295;39401;0.974
34524;34770;1.280
57463;8877;1.434
34524;41313;1.504
199847;31287;1.447
50020;59620;1.380
61996;8431;1.376
8262;8390;1.511
13236;60447;1.307
12615;43561;1.532
12829;50360;1.275
20657;24750;1.434
3245;8672;1.480
38932;51555;1.448
199847;21230;1.279
34909;60859;1.260
34224;8877;1.531
25556;39251;1.421
16154;29687;1.449
39184;8672;1.433
13147;34569;1.471
12564;59772;1.435
20911;34909;1.474
41313;8866;1.523
12615;60168;1.496
34909;59900;1.218
42049;43205;1.458
13124;42555;1.505
12716;48115;1.469
196807;59620;1.448
12615;29084;1.533
15669;34569;1.442
47748;59772;1.412
59900;61996;0.925
196807;47872;1.487
39184;57344;1.493
34224;34909;1.522
12716;13236;1.483
31250;60447;1.477
29030;48030;1.429
12564;9070;1.472
197216;43561;1.512
39401;8431;1.456
199847;9127;1.293
8262;8866;1.532
24750;59772;1.423
47748;8431;1.382
29084;43205;1.513
196807;8390;1.313
34295;57344;1.490
41313;8877;1.507
13236;47748;1.266
25556;48452;1.277
42459;57463;1.468
31029;60859;1.463
16154;31029;1.514
34524;59620;1.433
48452;9070;1.472
29030;31083;1.424
25206;31250;1.454
197216;60168;1.267
31250;47748;1.424
50360;61996;0.905
39505;59742;1.381
34524;47872;1.454
31029;59900;1.462
197216;8672;1.230
196807;24750;1.313
199847;35654;1.242
13124;9127;1.485
13236;42081;1.440
34909;50360;1.280
8262;8877;1.527
41313;57344;1.527
199847;57463;1.410
16344;39184;1.425
34569;42410;1.430
13236;196807;1.327
21230;25206;0.926
31250;42081;1.494
12615;20911;1.539
42081;60447;1.410
8390;9127;1.266
15669;8808;1.232
12564;43205;1.466
42049;8672;1.310
25206;8431;1.436
59772;60859;1.414
31083;48115;1.310
47872;50020;1.516
29084;8431;1.510
12716;39401;1.483
196807;8866;1.487
197216;29084;1.480
13147;38932;1.460
12829;48115;0.951
25556;34524;1.278
13147;42459;1.440
3245;43561;1.536
12716;199364;1.516
29687;9127;1.251
42081;47748;1.439
39505;42794;1.399
199847;29030;1.486
29582;39184;1.416
12829;13236;1.272
15669;42459;1.479
24750;43205;1.477
3245;60168;1.442
31029;50360;1.476
13236;42555;0.925
197216;20911;1.424
13147;20657;1.508
8431;8808;1.448
29084;39251;1.523
196807;8877;1.336
31250;42555;1.476
59772;59900;1.432
34770;50020;1.273
48030;60168;1.468
16154;62047;1.462
25206;3245;1.459
15669;20657;1.431
15669;38932;1.423
42555;60859;1.289
42049;48452;1.338
39401;42049;0.925
34909;9127;1.250
25206;39505;1.341
16344;34909;1.278
25206;44814;1.488
29030;9127;1.454
60447;9070;1.491
25206;31287;1.447
39505;59772;1.465
31083;39401;1.278
12716;57344;1.536
34770;8672;1.071
48115;57463;1.476
42410;42459;1.432
29084;3245;1.491
29084;48452;1.490
12829;39401;1.272
12615;29582;1.521
20911;8672;1.476
29582;34909;1.310
42081;42555;1.419
13147;60859;1.419
12615;61996;1.451
42555;59900;1.223
57344;8672;1.477
50360;59742;1.310
12716;199847;1.450
25556;42410;0.905
60859;9127;1.198
20911;51555;1.502
13147;59900;1.351
15669;60859;1.245
42459;43561;1.518
24750;39251;1.458
31250;8431;1.456
12564;39251;1.435
12716;34224;1.553
21230;39184;1.402
34909;48115;1.310
42555;8431;1.459
34770;41313;1.509
38932;62047;1.412
42555;50360;1.320
34569;38932;1.343
12564;48452;1.305
29687;31250;1.432
12564;8717;1.530
34224;51555;1.532
31287;39505;1.494
29084;34524;1.463
42459;60168;1.430
34569;42459;1.499
25556;6802;1.277
13147;20682;1.418
199847;43561;1.474
197216;61996;0.931
42459;8431;1.534
59742;60859;1.291
39401;60447;1.307
47748;48452;1.029
39251;51555;1.452
12564;8262;1.520
31083;57344;1.438
16154;48030;1.463
199364;31250;1.469
47872;59620;1.529
25556;34569;1.427
15669;8390;0.954
15669;20682;0.954
15669;59900;1.252
12829;57344;1.514
48115;8431;1.381
197216;29582;0.931
24750;48452;1.029
199847;60168;1.339
21230;34909;1.228
20682;25206;1.248
20657;9070;1.502
25206;35654;1.264
35654;50020;1.041
12716;197216;1.469
42410;60859;1.154
31029;48115;1.481
39401;47748;1.266
13147;50360;1.412
31287;44814;1.544
25206;57463;1.414
16154;31083;1.449
12615;15669;1.521
12564;12716;1.497
48030;8672;1.457
34770;47872;1.482
39505;8808;1.395
16154;8672;1.459
21230;8808;1.192
12564;34524;1.305
42410;59900;1.302
48452;8717;1.514
3245;9127;1.463
31029;8808;1.473
39505;43205;1.471
59742;59900;1.299
51555;9127;1.404
31083;34224;1.522
34909;39401;1.278
39184;9127;1.404
39401;42081;1.440
31250;3245;1.467
47872;8672;1.482
12829;34224;1.547
34770;59620;1.451
199847;29084;1.454
20911;29687;1.474
48452;8262;1.513
43205;8672;1.455
25206;29030;1.451
13124;31250;1.535
50360;59772;1.416
15669;8866;1.524
3245;61996;1.402
24750;34524;1.321
20657;25206;1.460
43205;51555;1.450
15669;50360;1.270
34569;60859;1.409
48030;61996;1.414
29084;42410;1.495
29687;39505;1.358
38932;48030;1.476
42049;42410;1.320
12615;59742;1.460
29687;44814;1.493
12564;16154;1.474
199847;20911;1.479
39184;50020;1.426
199364;9070;1.515
42410;50360;0.905
29687;31287;1.465
35654;41313;1.515
25556;38932;1.412
15669;8877;1.402
31029;39401;1.475
20911;31029;1.514
12716;8431;1.500
25556;42459;1.430
39401;42555;0.925
8431;8866;1.539
34295;8431;1.461
199364;39505;1.493
12615;42794;1.498
16344;51555;1.418
34295;50020;1.306
16154;199364;1.436
48115;60168;1.267
199364;44814;1.548
197216;9127;1.259
42410;8672;1.072
12716;16344;1.483
60447;8717;1.497
44814;51555;1.512
199364;31287;1.452
42555;48115;1.316
59772;9070;1.403
29030;42049;1.480
34569;59900;1.443
61996;6802;0.926
31287;35654;1.378
34909;57344;1.438
6802;8431;1.437
199847;8808;1.325
197216;59742;1.354
31287;57463;1.527
29084;34569;1.490
60447;8262;1.494
42794;8431;1.459
199364;21230;1.450
41313;50020;1.525
59900;8672;1.288
8431;8877;1.483
29582;51555;1.423
196807;25206;1.202
20682;39184;1.427
34569;50360;1.430
197216;42794;1.278
24750;42410;1.275
13124;39505;1.486
12564;42410;0.961
42049;9127;1.239
13124;8808;1.489
13147;48115;1.426
13124;44814;1.525
42459;61996;1.312
13236;31250;1.469
42081;8431;1.504
39184;41313;1.535
57344;57463;1.514
35654;59620;1.392
13124;31287;1.546
39505;48452;1.413
31029;57344;1.521
8390;8808;1.237
29030;60447;1.480
15669;48115;0.934
13147;13236;1.409
39401;6802;1.277
39251;9070;1.514
12564;34569;1.435
35654;47872;1.513
47748;6802;1.297
25206;43561;1.483
12716;3245;1.500
34295;34770;1.322
29687;35654;1.337
34295;41313;1.492
20911;62047;1.480
13124;21230;1.484
25556;60859;1.153
39505;8390;1.412
12829;199364;1.411
199847;61996;0.925
29687;57463;1.442
12615;59772;1.504
21230;8390;1.247
12716;25556;1.483
12829;16344;1.272
20657;39184;1.485
16154;199847;1.468
16344;29687;1.279
59742;9070;1.407
3245;59742;1.479
31029;8390;1.479
29687;8808;1.273
25556;59900;1.298
20657;8717;1.532
21230;51555;1.398
199364;35654;1.424
199847;29582;1.301
24750;34569;1.450
48030;59742;1.470
199364;57463;1.517
31029;34224;1.537
3245;42794;1.491
20682;34909;1.321
29084;38932;1.485
12716;34295;1.437
20657;8262;1.537
29084;42459;1.539
31287;8431;1.419
12716;50020;1.465
25206;6802;1.207
42049;42459;1.413
29582;29687;1.311
42410;48115;1.269
25206;60168;1.231
29084;6802;1.446
59620;8672;1.447
29030;47748;1.419
197216;59772;1.412
13147;39401;1.409
25206;29084;1.464
34909;8808;1.272
34224;62047;1.529
16344;31029;1.475
34770;9127;1.247
39505;8866;1.505
39184;59620;1.475
21230;8866;1.492
20911;9127;1.464
199364;29030;1.468
15669;39401;1.267
31029;8866;1.523
60447;61996;0.930
48115;61996;0.931
39184;47872;1.491
39251;62047;1.421
29030;42081;1.495
13124;35654;1.529
25556;50360;0.905
13236;39505;1.389
57344;9127;1.474
20657;34909;1.439
42555;57344;1.481
196807;39184;1.430
13236;44814;1.495
44814;8672;1.492
34295;47872;1.487
12615;43205;1.518
12829;25556;1.272
31250;39505;1.479
29582;31029;1.481
12829;199847;1.301
13236;31287;1.469
39505;8877;1.358
199364;8717;1.535
21230;8877;1.371
29030;8808;1.449
42049;60859;1.289
31287;43561;1.535
34569;48115;1.441
31029;8877;1.490
20911;48030;1.470
31250;31287;1.471
16154;197216;1.399
41313;59620;1.530
34295;59620;1.448
13236;21230;1.228
31083;34295;1.294
13147;199364;1.499
24750;38932;1.432
42459;59742;1.440
41313;47872;1.529
12564;20657;1.481
12564;38932;1.424
199364;8262;1.530
31083;50020;1.320
13124;57463;1.513
12564;199364;1.485
12829;34295;1.307
24750;42459;1.473
34524;39184;1.381
13124;29030;1.530
3245;59772;1.495
12716;34770;1.485
12564;42459;1.440
31287;60168;1.470
31287;3245;1.437
59772;8717;1.529
20911;31083;1.474
29030;42555;1.480
34224;48030;1.553
13147;57344;1.508
31250;44814;1.542
29084;60859;1.486
197216;43205;1.471
39505;42410;1.392
48030;59772;1.487
60168;8672;1.061
199847;8390;1.301
13124;8390;1.520
43205;62047;1.458
60859;8808;1.143
20682;9070;1.466
199847;59742;1.290
39251;48030;1.514
15669;57344;1.509
42794;51555;1.423
16344;62047;0.891
59772;8262;1.523
21230;29687;1.229
16154;42049;1.462
42049;59900;1.223
42081;44814;1.508
8866;9127;1.496
44814;62047;1.495
12716;41313;1.546
48030;9127;1.463
199847;8866;1.487
12829;50020;0.951
16154;9127;1.433
196807;34909;1.257
199847;42794;1.350
57344;60168;1.476
29687;43561;1.483
51555;62047;1.418
42459;42794;1.435
31083;8431;1.445
13147;199847;1.321
42555;6802;1.250
13147;34224;1.531
12829;8431;1.385
29084;59900;1.474
12564;60859;1.182
29687;8390;1.322
12615;39251;1.520
34569;39401;1.427
29582;62047;1.265
47872;9127;1.475
48452;51555;1.424
39251;8717;1.502
43205;9127;1.448
15669;34224;1.547
13236;35654;1.332
199364;43561;1.534
51555;8808;1.424
12829;197216;0.951
21230;31029;1.454
13124;8866;1.527
42459;6802;1.442
47748;60859;1.244
196807;199364;1.467
13236;57463;1.367
25206;61996;0.926
199847;8877;1.355
34524;34909;0.925
31083;34770;1.280
31083;41313;1.504
31250;6802;1.460
42410;57344;1.476
34569;9070;1.482
3245;43205;1.506
39251;8262;1.525
8877;9070;1.503
59742;8717;1.515
29084;50360;1.495
12829;34770;1.274
48115;59742;1.354
8390;8866;1.523
48115;6802;1.297
42049;50360;1.320
12564;199847;1.366
24750;60859;1.251
12716;47872;1.528
199364;60168;1.477
24750;9070;1.466
43205;48030;1.485
25206;29582;1.241
3245;8808;1.480
29687;60168;1.279
34909;8390;1.321
25556;48115;1.265
59620;62047;1.450
8672;9127;1.215
12564;20682;1.301
59742;8262;1.510
197216;39251;1.463
12615;48452;1.521
42459;59772;1.507
12564;59900;1.331
39184;8808;1.433
38932;42049;1.415
20682;51555;1.417
13236;29030;1.460
13124;8877;1.501
31250;35654;1.446
29687;8866;1.495
12716;59620;1.511
16154;60447;1.457
31250;57463;1.509
12829;41313;1.523
47748;59900;1.251
34909;50020;1.320
42410;9127;1.247
8390;8877;1.391
13124;43561;1.527
199364;29084;1.510
43561;51555;1.500
16344;48030;1.468
199847;59772;1.429
31083;3245;1.476
12829;3245;1.428
24750;59900;1.253
34569;57344;1.489
44814;48030;1.542
29030;8390;1.429
16154;47748;1.399
13147;197216;1.426
12615;12716;1.543
47748;50360;1.269
197216;48452;1.029
29687;8877;1.371
59900;9127;1.227
16344;31083;1.278
34909;8866;1.494
12615;34524;1.480
21230;62047;1.228
20657;51555;1.475
39505;42459;1.422
199364;20911;1.445
196807;199847;1.234
12716;24750;1.465
13236;8431;1.456
24750;50360;1.275
31083;47872;1.454
12564;50360;0.961
31029;34295;1.489
50020;51555;1.427
29582;48030;1.431
16154;42081;1.494
197216;8808;1.230
12615;8431;1.540
42081;57463;1.440
3245;39251;1.519
31029;50020;1.494
12615;16154;1.534
25556;39401;0.892
13124;60168;1.493
12716;6802;1.476
39401;39505;1.389
60859;8390;1.251
31287;61996;1.378
13124;29084;1.550
42459;43205;1.519
12564;197216;1.294
29582;31083;1.310
31083;59620;1.433
34909;8877;1.371
42049;8808;1.310
48115;59772;1.412
13147;16344;1.409
38932;60447;1.441
29030;8866;1.537
12829;59620;1.381
42049;48115;1.316
62047;9070;1.459
197216;34524;1.310
34909;41313;1.504
20682;29687;1.322
12829;47872;1.516
34770;39184;1.425
25206;59742;1.274
199847;43205;1.472
20682;8717;1.510
42794;6802;1.289
34295;6802;1.271
3245;48452;1.436
39401;44814;1.495
16154;42555;1.462
38932;47748;1.423
57344;61996;1.438
197216;199364;1.419
29084;48115;1.480
16344;199364;1.476
43561;9070;1.543
48030;48452;1.440
20682;8262;1.511
13236;43561;1.502
29030;8877;1.483
21230;48030;1.459
51555;8390;1.417
60859;8866;1.503
196807;51555;1.419
13147;9070;1.512
15669;16344;1.267
29687;61996;0.926
59620;9127;1.417
13236;3245;1.441
12829;24750;0.951
12615;42410;1.496
42081;6802;1.445
38932;42081;1.472
13124;20911;1.541
42794;62047;0.926
31029;34770;1.476
39505;60859;1.396
25556;57344;1.476
31029;41313;1.500
20657;29687;1.439
13236;60168;0.895
12615;3245;1.541
57463;62047;1.367
3245;8390;1.428
196807;197216;1.314
25206;42794;1.244
39505;59900;1.227
3245;34524;1.476
42555;50020;1.313
199364;61996;1.409
39184;8390;1.427
34770;8808;1.071
34569;8717;1.534
34524;51555;1.396
12564;48115;1.294
60859;8877;1.402
31250;43561;1.540
13147;25556;1.409
34909;59620;1.433
20911;8808;1.476
20682;31029;1.479
44814;9127;1.490
34770;34909;1.280
34909;47872;1.454
12564;13236;0.949
21230;31083;1.228
51555;8866;1.511
199364;29582;1.419
47748;48115;0.932
15669;25556;1.267
34569;8262;1.540
197216;42410;1.269
13236;29084;1.482
25556;34224;1.529
57344;8808;1.477
29030;31250;1.419
31250;60168;1.469
42081;43561;1.461
20657;31029;1.522
38932;42555;1.415
29084;39401;1.482
12615;34569;1.487
199847;39251;1.399
24750;48115;0.951
13147;34295;1.345
3245;8866;1.534
13147;50020;1.421
25556;8672;1.059
197216;199847;1.300
16344;199847;1.338
24750;8717;1.510
20911;42049;1.478
31287;59742;1.462
25206;59772;1.398
15669;34295;1.312
48452;62047;1.277
59900;60859;1.285
13124;61996;1.470
51555;8877;1.405
39184;8866;1.543
39505;50360;1.392
39401;57463;1.367
13236;20911;1.480
196807;29687;1.257
31029;59620;1.496
35654;39184;1.409
197216;8390;0.951
60168;9127;1.245
24750;8262;1.511
31029;47872;1.523
31287;42794;1.474
31287;6802;1.449
34224;42049;1.519
13124;29582;1.522
197216;34569;1.441
199847;48452;1.325
3245;8877;1.490
42049;57344;1.481
42081;60168;1.441
42049;8390;1.317
42459;48452;1.474
50360;60859;1.154
42794;48030;1.472
15669;50020;0.936
57344;59742;1.441
39184;8877;1.475
3245;42410;1.488
20682;62047;1.272
16344;9070;1.459
48030;8808;1.457
16154;8808;1.459
196807;31029;1.490
29084;57344;1.527
16344;197216;1.265
24750;39401;1.272
29687;59742;1.116
12564;39401;0.949
42410;50020;1.273
197216;8866;1.524
20657;62047;1.472
39251;42049;1.398
43561;62047;1.502
62047;8717;1.524
13147;34770;1.412
12615;38932;1.486
13147;41313;1.498
29030;39505;1.481
50360;9070;1.459
47872;8808;1.482
12615;42459;1.531
43205;8808;1.455
29030;44814;1.543
199847;34524;1.316
50360;59900;1.302
25206;43205;1.442
29582;9070;1.457
15669;34770;1.270
199364;59742;1.474
20911;60447;1.466
42049;8866;1.467
29030;31287;1.477
62047;8262;1.513
3245;34569;1.497
43561;8717;1.526
29084;34224;1.555
197216;8877;1.401
12615;20657;1.542
50020;62047;1.270
12564;57344;1.481
38932;9070;1.471
34224;60447;1.525
31287;59772;1.489
13147;8717;1.512
20911;47748;1.425
13124;15669;1.522
13236;61996;0.891
31083;6802;1.143
29687;42794;1.290
42555;47872;1.479
47872;51555;1.507
34770;8390;1.274
12829;6802;1.313
197216;38932;1.422
43561;8262;1.548
15669;41313;1.525
34569;50020;1.467
20682;48030;1.436
47748;57344;1.509
20911;8390;1.422
197216;42459;1.478
48115;48452;1.029
39251;60447;1.396
42049;8877;1.367
12716;25206;1.474
13236;29582;1.265
13147;8262;1.509
34295;39184;1.431
42410;8808;1.072
34224;47748;1.547
24750;57344;1.514
57344;8390;1.514
42555;59620;1.448
20911;42081;1.519
199364;42794;1.480
13124;59742;1.510
43561;48030;1.543
16344;42049;0.925
196807;62047;1.327
39505;48115;1.419
12564;34224;1.531
8672;8808;0.853
57344;59772;1.489
197216;20657;1.431
13147;59620;1.487
31250;61996;1.405
13147;47872;1.507
61996;8672;0.853
34770;51555;1.420
34224;42081;1.534
59900;8808;1.288
39401;43561;1.502
12564;8431;1.469
12615;60859;1.490
34770;8866;1.509
29687;59772;1.376
199847;42410;1.341
20657;48030;1.450
20682;31083;1.321
20911;8866;1.540
34524;62047;1.278
42081;61996;1.308
29582;42049;1.316
29030;35654;1.449
24750;34224;1.547
39251;47748;1.463
39401;60168;0.895
29030;57463;1.508
16154;31250;1.465
31287;43205;1.509
3245;42459;1.533
57344;8866;1.525
20911;42555;1.478
43205;60447;1.468
13124;42794;1.498
20657;31083;1.439
199364;59772;1.496
15669;59620;1.377
34569;34770;1.429
34569;41313;1.508
13147;24750;1.418
25206;39251;1.411
34770;8877;1.415
15669;47872;1.514
44814;60447;1.487
39251;42081;1.436
34295;34909;1.294
12829;25206;1.248
197216;60859;1.243
12615;20682;1.522
20911;8877;1.503
12615;59900;1.496
39401;8672;1.059
34224;42555;1.519
48030;8390;1.436
16154;8390;1.403
13124;196807;1.505
47748;8672;1.230
51555;60447;1.419
3245;38932;1.489
43205;47748;1.471
34524;9070;1.426
48452;8431;1.399
42410;59620;1.451
13236;15669;1.267
60168;62047;0.895
199847;34569;1.444
57344;8877;1.502
25556;34295;0.974
39251;42555;1.398
42410;47872;1.483
16344;60447;1.307
25556;50020;1.270
47872;8390;1.516
12615;50360;1.496
43205;8390;1.477
15669;24750;0.954
196807;48030;1.490
12564;3245;1.454
13236;59742;1.309
25206;48452;1.275
13124;59772;1.543
29687;43205;1.425
197216;20682;0.951
16344;47748;1.266
12716;39184;1.496
197216;59900;1.250
59620;8808;1.447
31250;59742;1.464
13236;6802;1.277
50360;8717;1.526
29582;60447;1.221
44814;47748;1.522
12615;6802;1.469
25206;8672;1.192
48030;8866;1.539
196807;31083;1.257
16154;8866;1.538
29084;8672;1.487
59620;60447;1.442
29582;8717;1.514
16344;8717;1.524
199364;43205;1.501
21230;42049;1.221
31287;39251;1.521
3245;60859;1.478
35654;51555;1.450
34524;48030;1.448
16344;42081;1.440
50360;8262;1.516
197216;50360;1.269
34569;47872;1.490
16154;39505;1.483
16154;44814;1.543
47872;8866;1.523
29582;47748;0.933
16344;8262;1.513
48030;60859;1.459
29582;8262;1.514
43205;8866;1.518
44814;8808;1.492
38932;8717;1.533
42410;8390;1.275
39505;57344;1.495
60447;8431;1.445
25206;34524;1.229
16154;31287;1.468
8866;8877;1.502
13236;42794;0.926
35654;9070;1.468
48030;8877;1.493
16154;8877;1.484
34569;59620;1.473
25556;9127;1.243
25556;34770;0.904
31250;42794;1.474
42081;59742;1.439
25556;41313;1.507
199847;38932;1.432
38932;8262;1.538
16154;21230;1.427
29582;42081;1.439
199847;42459;1.412
50020;9070;1.465
12564;16344;0.949
31287;48452;1.399
59900;8390;1.253
3245;59900;1.457
47872;8877;1.497
60859;61996;0.910
43205;8877;1.473
31083;39184;1.381
21230;60447;1.238
12716;34909;1.477
16344;42555;0.925
57463;9070;1.519
12829;39184;1.427
48030;59900;1.462
29030;43561;1.539
60168;8808;1.061
199847;20657;1.484
42410;8866;1.509
3245;50360;1.488
29084;34295;1.435
13236;59772;1.413
29084;50020;1.484
13124;43205;1.520
39401;61996;0.892
29030;60168;1.461
8672;8866;1.500
42049;50020;1.313
38932;39505;1.449
34224;9070;1.554
42081;42794;1.446
31250;59772;1.479
12615;199364;1.542
38932;44814;1.516
29582;42555;1.316
47872;62047;1.482
29687;39251;1.419
31287;34524;1.464
59900;8866;1.492
12615;48115;1.521
42459;60859;1.437
42410;8877;1.415
31250;8672;1.445
39184;51555;1.494
20657;8431;1.461
25556;59620;1.450
16154;35654;1.414
21230;47748;1.241
25206;42410;1.233
42555;8672;1.310
12615;13236;1.495
199364;39251;1.520
25556;47872;1.482
50360;57344;1.476
48030;50360;1.469
8672;8877;1.398
12564;34295;1.012
24750;25556;1.272
29030;29084;1.512
12564;25556;0.949
34295;51555;1.422
31083;34909;0.925
41313;9070;1.546
34524;8717;1.512
199847;60859;1.309
42459;8672;1.426
12829;34909;1.321
59900;8877;1.330
29687;48452;1.340
21230;42081;1.406
34770;62047;0.904
59620;8390;1.381
42081;59772;1.491
47748;50020;0.934
197216;48115;0.931
57463;60447;1.416
34524;8262;1.519
42459;59900;1.400
48115;8672;1.230
16154;57463;1.504
24750;34295;1.307
16154;29030;1.461
41313;51555;1.507
13236;43205;1.458
29084;34770;1.495
8262;9070;1.541
24750;50020;0.951
12564;50020;1.299
29084;41313;1.537
199364;48452;1.420
47872;48030;1.536
25206;34569;1.406
20682;42049;1.317
13124;39251;1.510
34909;39184;1.381
42794;60447;1.319
199847;20682;1.301
199847;59900;1.219
12615;39401;1.495
12615;199847;1.480
44814;8390;1.521
39401;59742;1.309
199364;8431;1.455
31287;42410;1.471
29687;34524;0.926
21230;42555;1.221
60447;60859;1.285
20657;3245;1.470
61996;9127;0.990
59620;8866;1.536
20911;31250;1.477
42794;47748;1.278
31250;43205;1.493
199847;50360;1.341
12564;34770;0.961
42459;50360;1.432
34770;48030;1.469
48452;60447;1.272
35654;8717;1.493
3245;48115;1.432
199364;34524;1.467
196807;9070;1.484
59772;8431;1.477
13124;48452;1.520
197216;39401;1.265
20657;42049;1.480
31029;39184;1.524
48115;60859;1.243
48030;48115;1.431
60168;8390;1.273
38932;57463;1.458
44814;8866;1.521
59620;8877;1.474
35654;8262;1.505
50020;8717;1.510
13147;25206;1.376
24750;34770;1.274
12716;8672;1.486
48115;59900;1.250
24750;41313;1.523
39401;42794;0.926
12564;41313;1.511
42049;59620;1.448
34295;8672;1.313
31287;34569;1.499
29084;47872;1.522
12716;51555;1.502
8808;9127;1.215
57463;8717;1.518
39401;9127;1.244
15669;25206;1.243
42049;47872;1.479
47748;9127;1.260
50020;8262;1.511
12615;57344;1.508
42081;43205;1.490
25206;38932;1.389
20682;60447;1.223
35654;62047;1.332
25206;42459;1.427
29030;61996;1.399
6802;8672;1.264
57463;8262;1.523
13124;34524;1.494
44814;8877;1.505
12564;6802;1.311
199364;3245;1.454
29084;59620;1.505
25206;9127;0.991
39251;8431;1.517
42794;8672;1.078
12615;197216;1.521
34224;8717;1.547
43561;60447;1.484
13236;39251;1.421
60168;8866;1.507
29030;29582;1.419
29687;42410;1.281
20682;47748;0.952
13124;16154;1.536
3245;39401;1.441
31250;39251;1.511
13236;48452;1.277
59742;8431;1.448
20911;39505;1.507
39401;59772;1.413
12615;34224;1.539
34224;8262;1.553
197216;57344;1.509
196807;42049;1.174
48115;50360;1.269
31029;34909;1.477
61996;62047;0.891
29084;9127;1.467
43561;47748;1.513
199364;42410;1.477
20911;31287;1.454
47748;47872;1.514
16154;43561;1.532
42081;8672;1.425
20657;60447;1.480
20682;42081;1.428
50020;60447;1.211
34224;39505;1.531
12564;59620;1.464
25206;60859;1.168
60168;8877;1.413
39505;50020;1.413
41313;8717;1.545
48452;6802;1.337
31083;51555;1.396
24750;47872;1.516
12564;47872;1.486
16154;60168;1.462
12829;51555;1.417
35654;48030;1.456
31287;38932;1.487
39251;39505;1.394
20911;44814;1.544
47748;59620;1.376
39184;62047;1.425
34524;42049;1.271
31250;48452;1.434
16154;29084;1.510
20657;47748;1.431
29687;34569;1.396
31287;42459;1.539
197216;34224;1.547
41313;8262;1.538
16344;31250;1.469
199847;48115;1.300
13236;34524;1.278
24750;59620;1.381
42459;48115;1.478
8262;8717;1.537
34224;44814;1.525
15669;199364;1.420
20911;21230;1.459
13124;42410;1.496
199364;34569;1.496
25556;8808;1.059
20657;42081;1.495
20682;42555;1.317
25206;59900;1.206
13147;39184;1.469
3245;57344;1.540
12564;24750;1.301
31287;8672;1.464
39251;44814;1.503
12716;29687;1.477
29582;31250;1.424
15669;39184;1.416
41313;62047;1.507
48030;57344;1.526
34295;62047;0.974
196807;60447;1.227
31250;34524;1.431
38932;43561;1.512
42081;48452;1.433
42555;9127;1.239
13236;16154;1.462
29030;59742;1.459
39505;41313;1.503
16154;20911;1.461
196807;8717;1.503
39401;43205;1.458
3245;34224;1.552
38932;60168;1.414
196807;47748;1.315
13124;34569;1.516
20657;42555;1.480
12716;31029;1.538
199847;39401;1.338
34524;60447;1.317
15669;9070;1.457
20682;8431;1.385
31250;9127;1.458
25206;50360;1.233
29687;38932;1.372
31287;60859;1.461
196807;8262;1.509
29687;42459;1.434
20911;35654;1.427
48115;9127;1.259
60447;6802;1.265
12615;16344;1.495
43205;44814;1.519
16344;39505;1.389
39184;48030;1.490
196807;42081;1.392
20911;57463;1.527
13147;34909;1.420
20911;29030;1.468
15669;199847;1.302
34909;51555;1.396
16344;44814;1.495
34524;47748;1.311
42459;9127;1.434
199364;38932;1.489
29030;42794;1.466
16344;31287;1.469
15669;34909;1.311
12829;29687;1.322
34295;48030;1.487
34224;35654;1.544
199364;42459;1.539
34224;57463;1.530
8431;9070;1.482
57344;60859;1.475
60168;60447;1.308
42459;57344;1.526
13236;42410;0.905
16344;21230;1.228
31287;59900;1.444
34524;42081;1.415
29582;39505;1.419
21230;31250;1.453
16154;61996;1.391
39505;59620;1.477
39251;57463;1.464
29582;44814;1.522
31250;42410;1.470
34569;8431;1.487
199364;20657;1.472
41313;48030;1.535
12716;13124;1.548
39505;47872;1.495
29687;60859;1.261
29582;31287;1.389
13236;34569;1.427
196807;42555;1.174
34569;39184;1.440
20657;6802;1.467
31083;8672;1.272
16154;29582;1.399
31029;51555;1.491
12829;8672;1.237
199847;57344;1.490
31287;50360;1.471
12829;31029;1.479
20682;3245;1.428
13124;38932;1.516
12716;62047;1.483
29030;59772;1.476
13124;42459;1.525
199364;60859;1.468
57344;59900;1.482
12615;25556;1.495
25556;8390;1.272
24750;8431;1.385
34524;42555;1.271
61996;8808;0.853
42081;42410;1.443
29687;59900;1.218
31250;34569;1.480
13124;20657;1.537
199847;34224;1.521
15669;197216;0.934
34770;42049;1.320
39401;48452;1.277
16344;35654;1.332
43205;57463;1.500
12615;34295;1.481
12716;9127;1.478
12615;50020;1.522
38932;61996;1.314
34295;9127;1.252
199364;59900;1.452
12716;13147;1.476
44814;57463;1.511
197216;25556;1.265
25206;48115;1.241
34569;34909;1.396
12829;13124;1.520
51555;57463;1.467
21230;39505;1.340
24750;3245;1.428
12716;48030;1.520
25556;8866;1.507
21230;44814;1.488
31083;62047;1.278
6802;9127;1.231
29582;35654;1.045
39401;8808;1.059
47872;60447;1.493
16344;57463;1.367
47748;8808;1.230
16344;29030;1.460
21230;31287;1.446
12829;62047;1.272
29030;43205;1.490
42794;9127;1.258
199364;20682;1.411
42555;51555;1.420
48115;57344;1.509
42081;9127;1.408
197216;34295;1.310
29687;50360;1.281
20911;43561;1.541
62047;8431;1.456
13124;60859;1.493
8717;9127;1.510
197216;50020;0.932
199364;6802;1.469
25556;39184;1.425
39505;9070;1.497
13236;8672;1.059
21230;9070;1.458
50360;59620;1.451
16154;59742;1.457
13124;59900;1.479
15669;8717;1.514
13236;20657;1.472
13236;38932;1.412
25556;8877;1.412
12615;8672;1.495
31029;9070;1.536
20911;60168;1.480
199364;50360;1.477
13236;42459;1.430
29582;57463;1.476
34224;43561;1.535
31250;38932;1.476
20911;29084;1.517
43561;8431;1.540
31250;42459;1.526
34770;60447;1.309
12716;31083;1.477
59772;6802;1.352
15669;8262;1.514
12615;34770;1.495
12615;41313;1.520
39251;43561;1.504
13147;51555;1.434
25206;8808;1.192
29084;8808;1.487
31287;48115;1.388
13147;8431;1.498
34224;60168;1.529
25206;39401;1.229
12829;13147;1.418
13124;20682;1.520
15669;51555;1.423
31083;48030;1.448
39251;60168;1.422
8431;8717;1.535
39251;6802;1.431
34770;47748;1.269
12829;48030;1.436
3245;34295;1.441
35654;42049;1.212
16154;42794;1.469
42794;44814;1.499
3245;50020;1.428
34909;62047;1.278
13124;50360;1.496
13236;60859;1.153
59742;6802;1.129
197216;34770;1.268
21230;35654;1.263
25556;34909;1.278
24750;25206;1.248
20682;31250;1.429
12564;25206;1.261
34770;42081;1.442
31287;9127;1.451
42081;42459;1.449
25206;57344;1.470
21230;57463;1.414
39401;42410;0.905
61996;8390;0.951
38932;59742;1.357
20657;31250;1.416
43205;43561;1.513
199847;9070;1.484
42410;51555;1.420
16344;43561;1.502
29030;39251;1.514
197216;41313;1.525
12829;31083;1.321
48030;50020;1.436
31287;39401;1.469
31250;60859;1.464
13236;20682;1.272
31029;62047;1.475
16154;59772;1.481
12615;47872;1.510
13236;59900;1.298
21230;29030;1.450
13147;3245;1.479
43205;60168;1.458
13147;29687;1.421
29084;39184;1.475
31250;59900;1.450
29687;48115;1.310
34770;42555;1.320
44814;60168;1.496
13124;9070;1.548
61996;8866;1.467
39401;8390;1.272
38932;42794;1.418
12615;59620;1.533
29582;43561;1.512
3245;34770;1.487
20682;39505;1.412
47748;8390;0.952
35654;60447;1.162
51555;60168;1.418
8390;9070;1.466
31250;8808;1.445
29030;48452;1.433
12564;12615;1.500
199364;48115;1.419
25206;34224;1.522
42555;8808;1.310
12615;24750;1.522
34569;51555;1.455
16344;60168;0.895
199847;25556;1.338
197216;47872;1.514
39184;42049;1.423
16344;29084;1.482
42081;60859;1.435
13147;31029;1.496
15669;29687;1.312
34909;48030;1.448
196807;31250;1.478
29687;9070;1.426
61996;8877;1.230
3245;41313;1.539
13236;50360;0.905
42459;8808;1.426
20911;29582;1.424
20682;44814;1.521
34295;42049;0.974
42081;59900;1.383
197216;59620;1.376
31287;57344;1.539
199847;34295;1.176
31250;50360;1.470
59772;62047;1.413
50360;8431;1.457
20682;31287;1.385
13124;13236;1.493
8808;8866;1.500
39401;8866;1.507
39505;8717;1.516
29582;60168;1.267
20911;61996;1.420
48115;8808;1.230
25206;8390;1.248
199847;50020;1.295
20657;39505;1.484
21230;8717;1.508
38932;59772;1.426
47748;8866;1.524
29084;8390;1.484
35654;42081;1.453
16344;8431;1.456
29582;8431;1.381
59620;60168;1.451
42459;50020;1.473
20657;44814;1.542
20682;6802;1.313
197216;24750;0.951
43561;44814;1.526
31029;8717;1.548
29084;34909;1.463
29030;34524;1.424
42794;57463;1.379
35654;47748;1.047
31083;9127;1.250
20682;21230;1.247
29687;39401;1.279
24750;39184;1.427
12829;9127;1.266
12564;39184;1.446
13124;48115;1.522
20657;31287;1.475
41313;42049;1.492
39505;8262;1.515
34909;9070;1.426
15669;31029;1.481
21230;8262;1.495
34224;61996;1.512
31029;48030;1.516
31029;8262;1.536
38932;8431;1.475
29030;9070;1.496
8808;8877;1.398
3245;47872;1.534
16154;43205;1.501
39401;8877;1.412
31287;34224;1.550
199364;39401;1.476
16344;20911;1.480
39251;61996;1.304
39401;42459;1.430
47748;8877;1.401
21230;43561;1.483
42081;50360;1.443
31029;31083;1.477
48452;57463;1.471
42555;62047;0.925
25206;8866;1.493
29687;57344;1.438
29084;8866;1.539
35654;42555;1.212
12564;34909;1.305
39184;60447;1.440
3245;59620;1.449
13147;62047;1.409
20657;21230;1.460
21230;60168;1.230
60859;9070;1.461
48030;59620;1.448
34295;60447;1.189
196807;39505;1.377
199847;34770;1.341
25556;51555;1.418
199847;41313;1.494
199364;57344;1.533
39184;47748;1.416
20682;35654;1.060
16344;3245;1.441
29582;3245;1.432
24750;34909;1.321
12716;8808;1.486
13236;48115;1.265
25206;8877;1.371
196807;31287;1.454
13124;39401;1.493
34295;8808;1.313
29084;8877;1.508
12716;12829;1.465
20682;57463;1.473
48115;50020;0.932
20682;29030;1.429
34569;6802;1.379
199847;8717;1.493
34295;47748;1.310
29030;42410;1.462
20911;59742;1.478
41313;60447;1.488
43205;61996;1.413
21230;29084;1.463
15669;62047;1.267
12716;42049;1.444
24750;6802;1.313
16344;61996;0.891
34524;39505;1.357
39184;42081;1.493
6802;8808;1.264
196807;44814;1.495
38932;43205;1.441
43561;57463;1.497
13236;199364;1.476
31250;8390;1.429
44814;61996;1.462
42555;48030;1.485
42794;8808;1.078
13236;9127;1.243
42555;8390;1.317
16154;39251;1.518
39401;60859;1.153
34295;42081;1.423
16344;29582;1.265
29687;34224;1.522
12564;8672;1.078
41313;47748;1.525
51555;61996;1.324
12615;9127;1.487
42410;62047;0.905
13124;8717;1.550
31250;48115;1.424
20657;35654;1.451
196807;21230;1.202
34524;8431;1.445
39401;59900;1.298
59742;62047;1.309
20657;57463;1.512
42459;8390;1.473
8390;8717;1.510
29582;61996;0.931
3245;9070;1.513
20657;29030;1.428
34524;44814;1.493
199847;8262;1.494
50020;57463;1.473
13124;8262;1.544
199364;34224;1.555
20911;42794;1.484
51555;9070;1.504
29030;34569;1.473
34224;59742;1.523
41313;42081;1.510
42081;8808;1.425
39184;9070;1.407
57463;60168;1.368
42459;59620;1.532
48115;8390;0.951
39184;42555;1.423
199847;47872;1.483
8717;8808;1.515
13124;57344;1.529
13147;48030;1.514
42794;43561;1.507
25556;29687;1.279
16154;48452;1.408
42459;47872;1.521
29687;8717;1.512
39251;59742;1.427
31250;8866;1.537
42049;51555;1.420
34224;42794;1.532
42555;8866;1.467
34295;42555;0.974
15669;48030;1.432
62047;6802;1.277
48452;8672;1.252
31083;42049;1.271
59620;61996;1.368
25206;25556;1.229
42081;48115;1.439
42794;60168;0.926
13147;31083;1.420
199847;59620;1.455
29687;8262;1.520
39251;42794;1.426
12829;42049;1.317
12716;60447;1.447
13236;39401;0.892
42459;8866;1.511
39401;50360;0.905
29084;51555;1.516
38932;39251;1.480
13236;199847;1.338
199847;24750;1.301
13124;34224;1.538
31250;8877;1.481
41313;42555;1.492
31250;39401;1.469
20911;59772;1.503
34909;8717;1.512
25206;34295;1.234
196807;35654;1.247
42555;8877;1.367
25556;31029;1.475
48115;8866;1.524
31287;8808;1.464
25206;50020;1.246
34569;62047;1.427
197216;9070;1.457
16154;34524;1.449
196807;57463;1.431
35654;8431;1.398
12716;47748;1.469
196807;29030;1.477
13147;6802;1.394
48452;60168;1.278
34909;8262;1.519
15669;31083;1.311
42459;8877;1.427
42410;48030;1.469
43205;59742;1.435
13236;57344;1.476
50020;8431;1.385
29030;38932;1.468
43561;6802;1.491
21230;61996;0.925
16344;59742;1.309
34524;35654;1.336
38932;48452;1.441
12716;42081;1.499
12716;8390;1.465
29030;42459;1.528
12564;51555;1.429
20682;43561;1.507
48115;59620;1.376
48115;8877;1.401
34295;8390;1.307
29030;8717;1.532
44814;59742;1.489
34524;57463;1.442
57463;8431;1.523
60447;8672;1.287
21230;29582;1.241
34224;59772;1.553
51555;59742;1.436
47748;51555;1.423
31083;60447;1.317
20682;60168;1.273
42049;9070;1.476
29030;8262;1.534
6802;8390;1.313
12615;25206;1.482
20682;29084;1.484
12829;60447;1.223
39251;59772;1.495
29582;59742;1.354
24750;51555;1.417
13236;34224;1.529
42794;8390;1.284
31250;57344;1.528
34224;8431;1.551
31287;34295;1.450
43561;60168;1.502
34569;48030;1.480
29084;29687;1.464
60859;8717;1.520
31287;50020;1.385
31083;47748;1.311
25206;34770;1.232
16344;42794;0.926
25206;41313;1.472
13236;197216;1.265
12716;42555;1.444
25556;62047;0.891
20657;43561;1.541
12716;8866;1.515
34909;42049;1.271
29030;60859;1.454
34295;8866;1.471
16154;42410;1.463
60859;8262;1.513
12716;196807;1.470
34770;39505;1.391
59620;59742;1.444
42081;8390;1.428
197216;25206;1.241
20911;43205;1.508
20657;60168;1.472
31083;42081;1.415
31250;34224;1.551
50020;60168;1.271
6802;8866;1.501
41313;8431;1.536
20657;29084;1.511
12829;42081;1.428
42794;61996;0.926
29582;42794;1.278
42794;8866;1.511
42081;57344;1.511
12829;47748;0.952
12716;8877;1.480
39401;48115;1.265
57463;61996;1.350
31083;8808;1.272
34295;8877;1.372
20682;20911;1.422
12829;8808;1.237
34224;43205;1.535
51555;8717;1.524
43205;59772;1.486
13124;16344;1.493
29030;59900;1.451
16344;59772;1.413
20657;8672;1.459
34770;9070;1.459
31029;42049;1.486
34770;44814;1.498
8262;8431;1.538
39251;43205;1.499
20911;9070;1.522
44814;59772;1.530
51555;8262;1.535
6802;8877;1.406
16154;34569;1.493
3245;8717;1.524
31287;34770;1.471
29084;31029;1.540
24750;29687;1.322
42081;8866;1.508
51555;59772;1.492
12564;29687;1.305
31287;41313;1.542
42794;8877;1.419
25206;59620;1.412
31083;42555;1.271
57344;9070;1.489
199364;25556;1.476
31287;8390;1.385
196807;43561;1.444
21230;59742;1.274
8717;8866;1.513
39184;8717;1.532
29687;34295;1.295
25206;47872;1.473
12829;42555;1.317
16344;6802;1.277
29582;6802;1.297
3245;8262;1.534
29687;50020;1.321
29582;59772;1.412
34909;60447;1.317
38932;42410;1.415
20657;20911;1.482
196807;60168;1.329
39184;8262;1.523
48452;61996;1.026
196807;29084;1.434
199364;34295;1.470
25556;48030;1.468
12615;39184;1.501
50360;6802;1.278
38932;6802;1.361
42081;8877;1.311
29030;50360;1.462
20911;39251;1.534
34524;43561;1.483
199364;50020;1.411
196807;8431;1.455
8717;8877;1.514
47872;57463;1.508
34909;47748;1.311
12564;31029;1.479
59620;59772;1.472
25556;31083;1.278
199364;8672;1.473
13124;25556;1.493
42049;62047;0.925
31287;8866;1.534
34524;60168;1.279
21230;42794;1.243
34224;39251;1.531
20682;29582;0.951
35654;39505;1.416
39505;51555;1.401
197216;8717;1.514
31029;60447;1.480
12564;9127;1.276
34909;42081;1.415
8866;9070;1.547
20682;61996;0.951
24750;31029;1.479
197216;39184;1.416
48030;9070;1.500
16154;9070;1.503
13236;8808;1.059
34770;35654;1.335
16154;38932;1.491
20911;48452;1.427
13236;16344;0.891
59772;8672;1.420
31287;47872;1.532
29084;62047;1.482
13124;34295;1.505
16154;42459;1.537
197216;8262;1.514
12615;8808;1.495
42049;8717;1.483
34770;57463;1.372
48452;9127;1.284
16344;43205;1.458
29687;34770;1.281
13124;50020;1.522
42794;59742;1.320
31287;8877;1.491
29687;41313;1.504
20657;61996;1.414
29582;43205;1.471
31029;47748;1.481
196807;20911;1.475
43561;61996;1.444
35654;44814;1.521
57463;59742;1.426
47872;9070;1.503
34224;48452;1.549
43205;9070;1.501
12615;34909;1.480
42049;8262;1.496
31287;59620;1.452
59772;60447;1.441
12564;13124;1.497
20657;29582;1.431
21230;59772;1.398
16154;20657;1.468
199364;34770;1.477
39401;57344;1.476
199364;41313;1.537
39251;48452;1.461
13147;42049;1.354
31029;42081;1.497
196807;3245;1.459
34909;42555;1.271
31083;8390;1.321
42049;48030;1.485
12829;8390;0.951
12564;62047;0.949
50020;61996;0.931
20911;34524;1.474
15669;42049;1.318
39251;8672;1.417
8672;9070;1.464
3245;39184;1.497
199847;25206;1.279
47748;62047;1.266
57344;59620;1.524
197216;34909;1.310
34224;34524;1.522
29084;48030;1.517
59742;8672;1.332
13236;34295;0.974
42410;9070;1.459
24750;62047;1.272
13236;25556;0.891
42555;60447;1.198
48452;59742;1.379
38932;42459;1.492
50360;51555;1.420
13124;34770;1.496
29687;59620;1.434
34770;8717;1.526
39184;39505;1.463
13124;41313;1.494
31029;42555;1.486
16154;60859;1.451
29030;48115;1.419
20911;8717;1.539
29687;47872;1.454
34524;6802;1.143
16344;39251;1.421
31083;8866;1.494
12829;8866;1.523
12564;13147;1.428
34295;39505;1.370
43205;48452;1.484
196807;29582;1.315
16154;59900;1.446
34770;8262;1.515
59900;9070;1.474
42555;47748;1.316
57344;8717;1.545
21230;43205;1.442
199364;59620;1.417
20911;8262;1.533
13236;50020;1.270
42794;59772;1.424
60447;9127;1.258
196807;61996;0.927
199364;47872;1.536
12564;48030;1.475
31250;34295;1.479
39184;44814;1.533
13147;60447;1.236
35654;57463;1.454
57463;59772;1.478
20682;59742;1.367
29084;31083;1.463
31250;50020;1.429
57344;8262;1.550
29582;39251;1.463
31083;8877;1.371
16154;196807;1.463
16154;20682;1.403
47872;60168;1.482
3245;34909;1.476
47748;48030;1.431
41313;44814;1.524
12829;8877;1.391
15669;60447;1.223
34295;44814;1.491
16344;48452;1.277
20911;42410;1.481
20657;59742;1.469
20682;42794;1.284
43561;59742;1.488
13147;47748;1.427
44814;48452;1.525
24750;48030;1.436
34524;61996;0.925
13236;8390;1.272
12716;31250;1.512
199364;24750;1.411
13236;34770;0.904
15669;8431;1.381
34770;43561;1.504
34569;42049;1.428
34224;42410;1.531
13124;59620;1.535
16154;50360;1.463
50020;6802;1.307
12615;8390;1.522
29030;39401;1.460
38932;60859;1.398
59742;60447;1.326
13124;47872;1.530
12564;31083;1.305
13147;42081;1.426
29582;48452;1.029
35654;6802;1.275
39251;42410;1.423
57463;6802;1.420
42081;50020;1.429
34770;60168;0.906
50020;59742;1.366
38932;59900;1.430
48030;8717;1.535
16154;8717;1.532
48452;59772;1.432
199847;39184;1.429
15669;42081;1.439
16344;34524;1.278
42410;60447;1.310
13236;41313;1.507
20911;34569;1.498
15669;47748;0.936
20657;42794;1.479
60168;61996;0.895
59620;9070;1.500
48030;8262;1.535
31250;34770;1.470
20682;8672;1.237
24750;31083;1.321
16154;8262;1.532
31250;41313;1.541
39505;62047;1.389
47872;8717;1.540
20657;9127;1.464
43205;8717;1.536
13236;8866;1.507
29030;57344;1.525
13124;24750;1.520
12615;51555;1.518
34224;34569;1.534
12829;196807;1.313
12615;8866;1.532
196807;59742;1.270
42410;47748;1.269
12716;39505;1.477
47872;8262;1.551
29582;34524;1.310
13147;42555;1.354
42794;43205;1.462
43205;8262;1.544
39184;57463;1.476
21230;39251;1.411
31083;31250;1.431
20682;59772;1.423
44814;9070;1.534
34295;35654;1.203
34224;6802;1.527
12829;31250;1.429
15669;42555;1.318
21230;48452;1.275
38932;50360;1.415
15669;3245;1.432
34295;57463;1.428
13236;8877;1.412
34569;60447;1.452
20657;59772;1.482
43561;59772;1.531
12615;8877;1.513
34524;59742;1.116
197216;51555;1.423
12716;44814;1.534
34569;8672;1.408
199847;34909;1.316
42410;8717;1.526
12716;31287;1.488
13236;59620;1.450
196807;42794;1.338
41313;57463;1.502
34569;47748;1.441
25556;42049;0.925
59900;62047;1.298
13236;47872;1.482
8672;8717;1.515
35654;43561;1.504
31250;59620;1.452
41313;6802;1.498
20911;38932;1.493
16344;42410;0.905
199364;9127;1.455
29030;34224;1.552
42410;8262;1.516
60168;9070;1.459
12716;21230;1.473
20911;42459;1.548
50020;59772;1.422
31250;47872;1.531
13147;196807;1.361
21230;34524;1.228
59900;8717;1.505
31083;39505;1.357
42410;42555;1.320
35654;60168;1.333
34569;42081;1.476
16154;48115;1.399
12829;39505;1.412
34524;42794;1.290
12615;29687;1.480
24750;8672;1.237
39505;48030;1.491
34224;42459;1.547
20682;43205;1.477
59772;9127;1.400
47872;61996;1.443
59900;8262;1.499
12564;8808;1.078
29582;42410;1.269
13236;24750;1.272
39251;42459;1.353
196807;59772;1.426
3245;51555;1.489
12564;196807;1.352
39401;50020;1.270
31083;44814;1.493
42081;59620;1.493
34224;38932;1.533
16344;34569;1.427
50360;62047;0.905
48030;51555;1.475
12829;44814;1.521
31083;31287;1.464
42081;47872;1.501
39505;8431;1.490
21230;8431;1.435
12829;31287;1.385
31029;8431;1.521
34569;42555;1.428
34770;61996;0.903
12716;35654;1.443
34524;59772;1.376
25556;60447;1.307
42794;48452;1.288
20657;43205;1.494
48452;8808;1.252
12716;57463;1.512
196807;6802;1.240
12829;21230;1.247
39251;9127;1.418
31029;31250;1.521
29582;34569;1.441
20911;60859;1.472
16154;39401;1.462
62047;8672;1.059
199364;199847;1.473
38932;48115;1.422
197216;29687;1.310
12615;31029;1.519
39184;43561;1.535
59742;9127;1.288
25556;47748;1.266
59620;8717;1.531
20911;59900;1.470
34224;60859;1.528
29084;42049;1.426
20682;39251;1.458
12716;29030;1.516
34295;43561;1.473
39184;60168;1.425
25206;39184;1.402
59620;8262;1.528
43561;8672;1.491
39401;41313;1.507
39251;60859;1.433
25556;42081;1.440
21230;42410;1.232
34909;39505;1.357
13147;8672;1.420
34295;60168;0.975
34909;44814;1.493
44814;8717;1.540
16344;38932;1.412
21230;3245;1.459
197216;31029;1.481
12564;12829;1.301
16344;42459;1.430
41313;43561;1.521
31083;35654;1.336
31029;3245;1.524
21230;34569;1.406
196807;43205;1.461
31083;57463;1.442
12829;35654;1.060
34224;59900;1.524
20682;48452;1.029
60447;8808;1.287
47872;59742;1.445
20911;50360;1.481
12829;57463;1.473
41313;60168;1.507
12615;13124;1.527
16154;57344;1.526
20657;39251;1.512
38932;39401;1.412
199847;51555;1.431
16344;20657;1.472
39251;59900;1.371
42049;60447;1.198
29582;38932;1.422
42459;51555;1.474
29582;42459;1.478
25556;42555;0.925
43561;48452;1.511
31029;39505;1.472
12615;62047;1.495
199364;25206;1.451
34224;50360;1.531
34524;43205;1.425
199847;8431;1.457
60168;8717;1.524
13124;8431;1.539
12564;8390;1.301
44814;8262;1.529
35654;61996;0.929
24750;42049;1.317
12564;42049;0.969
43205;60859;1.454
25206;34909;1.229
31287;39184;1.492
31029;31287;1.525
12829;29030;1.429
39401;59620;1.450
29084;60447;1.467
8390;8431;1.385
34770;59742;1.309
60168;8262;1.514
39401;47872;1.482
16154;34224;1.553
44814;60859;1.500
20682;34524;1.321
20657;48452;1.440
31029;44814;1.522
51555;60859;1.437
13147;31250;1.505
34770;42794;0.926
29084;47748;1.481
29687;8431;1.445
197216;62047;1.265
20682;9127;1.266
42049;47748;1.316
39251;50360;1.423
16344;60859;1.153
16344;196807;1.327
34909;35654;1.336
199847;3245;1.456
12716;43561;1.523
12615;13147;1.505
13124;25206;1.484
43205;59900;1.458
196807;39251;1.431
48452;8390;1.029
12564;8866;1.511
38932;57344;1.484
16344;59900;1.298
12564;60447;1.333
29030;34295;1.484
20657;8808;1.459
29084;42081;1.521
29030;50020;1.429
44814;59900;1.493
12615;48030;1.542
12716;60168;1.483
42049;42081;1.419
20657;34524;1.439
47748;60447;1.222
48115;51555;1.423
51555;59900;1.382
34909;8431;1.445
43205;50360;1.458
47872;59772;1.488
29582;60859;1.244
15669;31250;1.424
13124;3245;1.543
31287;34909;1.464
21230;38932;1.388
59620;60859;1.439
34909;57463;1.442
34524;39251;1.419
16344;20682;1.272
21230;42459;1.427
24750;60447;1.223
12564;8877;1.428
29582;59900;1.250
50360;8672;1.072
15669;6802;1.298
196807;48452;1.335
34569;9127;1.414
29687;39184;1.381
8877;9127;1.380
25556;9070;1.459
199847;29687;1.316
16344;8672;1.059
29582;8672;1.230
48452;8866;1.527
3245;62047;1.441
12716;29084;1.518
39184;61996;1.314
24750;9127;1.266
197216;48030;1.431
20911;48115;1.424
20682;42410;1.275
29084;42555;1.426
24750;47748;0.952
12564;47748;1.295
16344;50360;0.905
42049;42555;0.925
12615;31083;1.480
29687;3245;1.477
41313;61996;1.472
48030;62047;1.468
29030;8431;1.453
31083;43561;1.483
199364;39184;1.498
34295;61996;0.974
34770;59772;1.416
42555;44814;1.489
44814;50360;1.498
38932;8672;1.392
31029;35654;1.506
59620;59900;1.430
12829;43561;1.507
34524;48452;1.340
13147;39505;1.374
60447;8390;1.223
34224;48115;1.547
35654;59742;1.336
31029;57463;1.504
199364;8808;1.473
12716;20911;1.522
31083;60168;1.279
24750;42081;1.428
48452;8877;1.400
12564;42081;1.447
29030;34770;1.462
21230;60859;1.167
13147;31287;1.491
15669;39505;1.420
29030;41313;1.537
196807;34524;1.257
199847;31029;1.484
39251;48115;1.463
12829;60168;1.273
29582;50360;1.269
35654;42794;1.344
13236;25206;1.229
16154;16344;1.462
60859;8431;1.450
39505;42049;1.359
197216;31083;1.310
20657;42410;1.474
59772;8808;1.420
20682;34569;1.450
13147;44814;1.499
29030;3245;1.473
29687;34909;0.926
13124;199364;1.542
13124;39184;1.543
3245;48030;1.481
15669;44814;1.522
60447;8866;1.492
20911;39401;1.480
12829;29084;1.484
21230;59900;1.205
15669;31287;1.389
24750;42555;1.317
13147;21230;1.375
12564;42555;0.969
199364;34909;1.467
25206;51555;1.399
34770;43205;1.458
42410;44814;1.498
15669;21230;1.243
42459;62047;1.430
39184;59742;1.323
34909;43561;1.483
34224;39401;1.529
51555;8431;1.484
62047;9127;1.243
43205;48115;1.471
20657;34569;1.484
60447;8877;1.360
29030;59620;1.448
20657;8390;1.434
12829;20911;1.422
39251;8808;1.417
39251;39401;1.421
29030;47872;1.534
42555;57463;1.421
3245;8431;1.466
199847;62047;1.338
196807;42410;1.330
34524;8672;1.272
57463;60859;1.426
16154;25556;1.462
59742;8808;1.332
35654;59772;1.405
43561;9127;1.485
12716;61996;1.398
39505;6802;1.378
39184;8431;1.480
39505;60447;1.340
21230;6802;1.206
21230;50360;1.232
13124;34909;1.494
20682;38932;1.432
41313;59742;1.499
16344;48115;1.265
13147;9127;1.382
34569;39505;1.457
34295;59742;1.304
20682;42459;1.473
34909;60168;1.279
39184;42794;1.433
20911;57344;1.536
12716;29582;1.469
13124;199847;1.505
42794;60859;1.164
44814;48115;1.522
61996;9070;1.401
13147;35654;1.384
16154;34295;1.462
25556;31250;1.469
34524;42410;1.280
31287;51555;1.495
39505;47748;1.419
20657;8866;1.538
13147;57463;1.430
16154;50020;1.403
13147;29030;1.508
42794;59900;1.312
34295;42794;1.330
15669;35654;1.048
13236;39184;1.425
34224;57344;1.532
57463;59900;1.425
31029;6802;1.484
15669;57463;1.476
25206;29687;1.229
29582;48115;0.931
47872;48452;1.520
25556;8717;1.524
31029;43561;1.526
196807;34569;1.430
34770;39251;1.423
34569;44814;1.518
31250;39184;1.482
60447;62047;1.307
199364;8390;1.411
48115;62047;1.265
39251;57344;1.507
39505;42081;1.400
48452;60859;1.268
20911;34224;1.553
20657;38932;1.481
41313;42794;1.511
199847;48030;1.492
197216;8431;1.381
20657;8877;1.483
25556;8262;1.513
20657;42459;1.526
31029;60168;1.475
42459;48030;1.531
39184;59772;1.318
59900;60447;1.161
31083;61996;0.925
8808;9070;1.464
39401;9070;1.459
35654;8672;1.295
35654;43205;1.487
47748;9070;1.457
15669;29030;1.419
59772;8390;1.423
13236;34909;1.278
12829;61996;0.951
13124;197216;1.522
34524;34569;1.396
42049;8431;1.459
16344;39401;0.892
25206;31029;1.455
42794;50360;0.926
34770;48452;1.280
25206;9070;1.458
50020;8672;1.235
42410;57463;1.372
12829;29582;0.951
20682;60859;1.251
48452;59900;1.294
50360;60447;1.310
199364;8866;1.539
59772;60168;1.413
39505;42555;1.359
12716;15669;1.469
16154;34770;1.463
38932;50020;1.451
16154;41313;1.528
21230;48115;1.241
57463;8672;1.408
197216;3245;1.432
199847;31083;1.316
9070;9127;1.460
41313;59772;1.533
34295;59772;1.428
29582;39401;1.265
43205;57344;1.480
29687;51555;1.396
20682;8808;1.237
43561;60859;1.496
25556;39505;1.389
31250;34909;1.431
48452;50360;1.280
29084;9070;1.505
199847;6802;1.272
12615;12829;1.522
13124;6802;1.506
12716;59742;1.474
59772;8866;1.540
196807;38932;1.416
44814;57344;1.520
39251;8390;1.458
25556;31287;1.469
34224;8672;1.506
16344;9127;1.243
196807;42459;1.449
199364;8877;1.488
42555;43561;1.472
199364;51555;1.483
34569;35654;1.452
51555;57344;1.499
20682;59900;1.253
12615;42049;1.479
20657;60859;1.470
12716;42794;1.488
34569;57463;1.459
59742;8390;1.367
50020;60859;1.249
16344;57344;1.476
34909;61996;0.925
25556;44814;1.495
50360;9127;1.247
42555;60168;0.928
34770;8431;1.457
35654;39251;1.457
20657;59900;1.454
196807;20657;1.482
43561;59900;1.480
34524;38932;1.372
59772;8877;1.471
20911;8431;1.452
29582;9127;1.259
29687;6802;1.144
34524;42459;1.433
20682;50360;1.275
25206;62047;1.229
34569;8808;1.408
41313;8672;1.500
39184;43205;1.488
29084;31250;1.508
13147;43561;1.496
16154;59620;1.391
57344;8431;1.524
38932;41313;1.507
12829;15669;0.954
39251;8866;1.499
197216;42049;1.316
16154;47872;1.529
38932;9127;1.396
29582;57344;1.509
43561;50360;1.504
20657;20682;1.434
13124;51555;1.501
34295;43205;1.466
15669;43561;1.512
16344;34224;1.529
50020;59900;1.242
13147;60168;1.410
31083;59742;1.116
61996;8717;1.464
59742;8866;1.500
35654;48452;1.135
34909;6802;1.143
8262;8672;1.516
13147;29084;1.488
12829;59742;1.367
21230;39401;1.228
15669;60168;1.268
42555;9070;1.476
42410;43561;1.504
24750;8808;1.237
39251;8877;1.404
20657;50360;1.474
31083;42794;1.290
61996;8262;1.469
41313;43205;1.518
196807;60859;1.294
42794;48115;1.278
12564;31250;1.478
50020;50360;1.273
34770;42410;0.905
12615;60447;1.492
16154;24750;1.403
199364;29687;1.468
12829;42794;1.284
29582;34224;1.547
12716;59772;1.499
196807;59900;1.258
31029;61996;1.444
59742;8877;1.398
31250;9070;1.499
29084;39505;1.500
59742;60168;1.310
20911;3245;1.467
29030;6802;1.455
48115;9070;1.457
29687;31029;1.478
42049;44814;1.489
15669;29084;1.481
3245;42049;1.440
25556;35654;1.332
21230;57344;1.470
12615;47748;1.521
24750;31250;1.429
48030;8431;1.455
39401;8717;1.524
34524;60859;1.260
16154;8431;1.463
38932;59620;1.464
47748;8717;1.514
196807;8672;1.295
25556;57463;1.367
25556;29030;1.460
39184;39251;1.496
38932;47872;1.487
42459;9070;1.529
196807;20682;1.313
13236;51555;1.418
42410;60168;0.906
34524;59900;1.218
13147;20911;1.507
197216;60447;1.221
25206;48030;1.459
20911;25556;1.480
199364;31029;1.514
39401;8262;1.513
31287;62047;1.469
20682;8390;0.951
59772;61996;1.311
47872;8431;1.535
29084;44814;1.543
47748;8262;1.514
12615;42081;1.521
43205;8431;1.496
34295;39251;1.390
12615;196807;1.482
13124;29687;1.494
15669;20911;1.424
60859;6802;1.246
29084;31287;1.507
34909;59742;1.116
62047;8808;1.059
25206;31083;1.229
196807;50360;1.330
21230;34224;1.522
197216;47748;0.932
34524;9127;1.250
60168;60859;1.154
20911;34295;1.479
34569;43561;1.513
20682;48115;0.951
31083;59772;1.376
20911;50020;1.422
39184;48452;1.429
25206;8717;1.508
31250;51555;1.473
29084;8717;1.535
12716;43205;1.520
57344;62047;1.476
12829;59772;1.423
24750;39505;1.412
43561;8808;1.491
12564;39505;1.412
34569;60168;1.428
197216;42081;1.439
34224;34295;1.519
12564;44814;1.500
34295;48452;1.331
13124;31029;1.483
43561;48115;1.512
25206;8262;1.496
34524;50360;1.280
20682;8866;1.523
34224;50020;1.547
29084;8262;1.530
12615;42555;1.479
42555;61996;0.925
13147;8808;1.420
12564;31287;1.486
34569;8390;1.450
29687;62047;1.279
42410;8431;1.457
51555;6802;1.432
16154;3245;1.460
31029;59742;1.486
3245;60447;1.447
34909;42794;1.290
35654;42410;1.335
31287;48030;1.481
12564;21230;1.261
48030;60447;1.483
41313;48452;1.527
24750;44814;1.521
42049;57463;1.421
20657;48115;1.431
199364;62047;1.476
3245;6802;1.474
13147;29582;1.426
42081;51555;1.430
59900;8431;1.444
3245;47748;1.433
24750;31287;1.385
20682;8877;1.391
12716;9070;1.512
34295;9070;1.482
39184;6802;1.351
42794;57344;1.478
34770;42459;1.431
197216;42555;1.316
13147;61996;1.236
34295;34524;1.294
39251;50020;1.458
29084;35654;1.431
24750;8390;0.951
35654;9127;1.283
199847;42049;1.180
20682;39401;1.272
29084;57463;1.510
20911;34770;1.481
31083;43205;1.425
20911;41313;1.536
34569;8866;1.519
13236;29687;1.279
15669;61996;0.934
31029;42794;1.477
3245;42081;1.509
6802;9070;1.429
34909;59772;1.376
12829;43205;1.477
50020;9127;1.266
34770;38932;1.415
12716;39251;1.459
42794;9070;1.463
42081;9070;1.515
15669;29582;0.935
34224;34770;1.531
48452;57344;1.518
43205;50020;1.484
8717;9070;1.539
42410;61996;0.905
13124;62047;1.493
57463;9127;1.415
16344;25556;0.891
47872;60859;1.474
25556;43561;1.502
59742;61996;0.925
12564;35654;1.360
34569;8877;1.463
31250;8717;1.531
24750;8866;1.523
12564;57463;1.379
196807;48115;1.314
42555;8717;1.483
20657;39401;1.472
197216;6802;1.297
13236;31029;1.475
25556;60168;0.895
29687;48030;1.448
42459;60447;1.410
34224;41313;1.535
34224;9127;1.524
3245;42555;1.440
25556;29084;1.482
16344;34295;0.974
31029;59772;1.527
12716;48452;1.467
31250;8262;1.535
47748;57463;1.476
13147;15669;1.426
16344;50020;1.270
62047;8390;1.272
39184;42410;1.425
42555;8262;1.496
42459;8717;1.511
24750;35654;1.060
39251;41313;1.515
20682;57344;1.514
29030;39184;1.479
59620;8431;1.448
44814;50020;1.521
29687;31083;0.926
47872;59900;1.482
34770;60859;1.152
24750;57463;1.473
20911;59620;1.446
15669;8672;1.232
199364;48030;1.465
24750;29030;1.429
42555;59742;1.282
12564;29030;1.468
13124;13147;1.509
34524;48115;1.310
34295;42410;1.323
199847;60447;1.150
24750;8877;1.391
48115;8717;1.514
20911;47872;1.537
42459;8262;1.537
31083;39251;1.419
13147;59742;1.396
43561;57344;1.520
29582;34295;1.310
43561;8390;1.507
50360;8808;1.072
39505;44814;1.503
12829;39251;1.458
199364;31083;1.467
41313;9127;1.472
42555;42794;1.328
29582;50020;0.933
42049;6802;1.250
48115;8262;1.514
35654;42459;1.471
13147;8390;1.418
16344;8808;1.059
29582;8808;1.230
34224;47872;1.531
199847;47748;1.301
44814;8431;1.537
31287;9070;1.506
41313;42410;1.509
12716;34524;1.477
20682;34224;1.547
42459;47748;1.479
34569;61996;1.342
62047;8866;1.507
8431;8672;1.448
34909;43205;1.425
34770;59900;1.301
20657;57344;1.530
196807;39401;1.327
20911;24750;1.422
42049;43561;1.472
50020;57344;1.514
39401;51555;1.418
8262;9127;1.497
38932;8808;1.392
12716;16154;1.518
34224;59620;1.553
13124;48030;1.532
35654;38932;1.436
31083;48452;1.340
199847;42081;1.410
13236;62047;0.891
47872;50360;1.483
34295;34569;1.438
15669;59742;1.356
16344;34770;0.904
12829;48452;1.029
13147;42794;1.420
16344;41313;1.507
29030;34909;1.424
31250;62047;1.469
39251;59620;1.513
42049;60168;0.928
43561;8866;1.511
34770;50360;0.905
13124;31083;1.494
16154;25206;1.427
62047;8877;1.412
39251;47872;1.507
29084;43561;1.533
20911;6802;1.473
34524;39401;1.278
15669;42794;1.279
15669;196807;1.316
60168;8431;1.456
13147;8866;1.507
21230;34295;1.234
42410;59742;1.310
21230;25556;1.228
20657;34224;1.551
12716;8717;1.473
57344;6802;1.458
31029;43205;1.511
29084;60168;1.482
34295;8717;1.476
48115;60447;1.221
29582;34770;1.268
29582;41313;1.525
34770;6802;1.276
43561;8877;1.457
31083;34524;0.925
196807;9127;1.237
199847;42555;1.180
42555;59772;1.419
43205;47872;1.494
12716;8262;1.534
42459;42555;1.413
12829;34524;1.321
34295;8262;1.501
35654;60859;1.308
13147;8877;1.387
6802;8717;1.517
196807;57344;1.486
13147;59772;1.471
21230;50020;1.246
42081;62047;1.440
12564;43561;1.508
12716;42410;1.485
42794;8717;1.529
13236;48030;1.468
34909;39251;1.419
12829;16154;1.403
39184;42459;1.505
25206;42049;1.221
42410;42794;0.926
25556;29582;1.265
43205;59620;1.486
6802;8262;1.509
16344;59620;1.450
12564;60168;0.950
34295;38932;1.426
42794;8262;1.518
25556;61996;0.891
16344;47872;1.482
34295;42459;1.408
44814;59620;1.543
34524;57344;1.438
24750;43561;1.507
31083;9070;1.426
39505;57463;1.437
47748;60168;1.267
12829;9070;1.466
44814;47872;1.517
196807;34224;1.523
51555;59620;1.467
35654;59900;1.239
34524;8808;1.272
42081;8717;1.519
47872;48115;1.514
21230;34770;1.231
15669;59772;1.412
48030;6802;1.466
34569;59742;1.376
16154;6802;1.455
31250;48030;1.444
24750;60168;1.273
34909;48452;1.340
29582;59620;1.376
12716;34569;1.517
50360;8390;1.275
41313;42459;1.531
12615;31250;1.542
39505;8672;1.395
13236;31083;1.278
24750;29084;1.484
42081;8262;1.532
31029;39251;1.507
12564;29084;1.493
21230;8672;1.192
29582;47872;1.514
42555;43205;1.458
16344;8390;1.272
29582;8390;0.951
42410;59772;1.416
31029;8672;1.473
34569;42794;1.432
16344;24750;1.272
43205;6802;1.437
31083;42410;1.280
59742;59772;1.318
21230;41313;1.472
16154;39184;1.483
12829;42410;1.275
42794;50020;1.282
34770;48115;1.268
31287;42049;1.452
38932;8390;1.432
12564;20911;1.488
31287;8717;1.523
35654;50360;1.335
25206;60447;1.239
39184;60859;1.413
47872;6802;1.462
42081;48030;1.505
197216;31250;1.424
31029;48452;1.479
13147;43205;1.481
50360;8866;1.509
39184;59900;1.433
34295;60859;1.297
60859;62047;1.153
31287;8262;1.535
16344;8866;1.507
29582;8866;1.524
35654;8808;1.295
48452;50020;1.029
12615;39505;1.507
15669;43205;1.472
42049;61996;0.925
25206;47748;1.241
42410;6802;1.278
25556;59742;1.309
31083;34569;1.396
20682;25556;1.272
50360;57463;1.372
29084;29582;1.480
29030;51555;1.473
12829;34569;1.450
50020;8808;1.235
38932;8866;1.517
41313;60859;1.507
50360;8877;1.415
13236;9070;1.459
12716;42459;1.469
25206;42081;1.406
29084;61996;1.389
21230;59620;1.411
12615;9070;1.530
31029;34524;1.477
16154;34909;1.449
34569;59772;1.439
29582;8877;1.401
16344;8877;1.412
57463;8808;1.408
199847;8672;1.325
41313;59900;1.495
38932;39184;1.428
