12615;44814;2.443
21230;47872;2.075
34295;59900;1.274
34770;39401;0.904
20682;34295;1.341
197216;39505;1.486
20682;50020;0.952
12615;31287;2.363
39184;50360;1.607
31287;60447;1.688
12716;20657;1.940
12716;38932;1.829
38932;8877;1.646
42410;43205;1.864
29687;42049;1.273
25556;42794;0.926
39401;62047;0.892
34224;8808;2.494
20657;25556;1.702
12615;21230;2.153
15669;9127;1.302
59900;6802;1.247
34295;50360;1.350
43561;50020;2.129
13124;8672;2.158
47872;57344;2.353
39505;43561;2.108
34909;42410;1.280
12564;61996;0.950
13147;39251;1.803
42555;48452;1.425
31287;47748;1.562
34524;8390;1.336
21230;24750;1.259
25206;42555;1.222
199364;42049;1.778
197216;44814;2.154
8390;8672;1.246
35654;48115;1.045
39505;60168;1.566
15669;39251;1.759
57344;60447;2.260
197216;31287;1.560
47748;61996;0.932
20657;34295;1.793
24750;29582;0.952
12564;29582;1.315
31083;38932;1.459
41313;50360;2.281
20657;50020;1.601
31083;8717;2.272
31083;42459;1.873
12829;8717;2.164
31287;42081;1.918
29030;29687;1.562
41313;8808;2.251
24750;61996;0.951
29687;8672;1.273
197216;21230;1.241
8431;9127;1.734
12829;42459;1.875
34569;43205;1.791
3245;39505;1.751
25556;59772;1.415
34770;57344;2.216
12716;60859;1.788
20911;25206;1.807
42794;59620;1.639
31083;8262;2.320
13147;48452;1.517
12829;8262;2.241
20682;34770;1.282
31029;42410;1.988
57463;59620;2.099
20682;41313;2.305
42794;47872;2.143
25556;8431;1.734
34524;8866;2.344
39401;48030;1.812
15669;48452;1.053
8262;8808;2.286
13124;42049;2.276
42049;59742;1.282
12829;20657;1.601
12829;38932;1.449
199364;60447;1.722
196807;25556;1.327
12615;35654;2.191
29687;60447;1.322
12615;57463;2.334
34909;8672;1.272
12615;29030;2.348
3245;44814;2.273
29030;31029;2.095
31287;42555;1.717
35654;39401;1.332
59900;60168;1.301
12716;20682;1.636
35654;8390;1.061
12716;59900;1.705
59620;6802;1.572
29084;59742;1.725
196807;34295;1.211
34524;8877;1.485
29687;47748;1.312
13147;34524;1.589
196807;50020;1.312
20657;34770;1.705
20657;41313;2.409
199847;31250;1.781
31029;34569;2.044
50020;8390;0.952
197216;35654;1.045
12564;15669;1.317
29084;42794;1.846
15669;34524;1.313
42049;42794;1.337
12716;50360;1.804
48452;59620;1.475
31083;60859;1.260
197216;57463;1.971
39184;48115;1.500
50360;60168;0.906
29030;8672;1.689
42410;48452;1.306
13147;16154;1.789
196807;8808;1.295
199364;47748;1.580
57463;8390;1.984
44814;6802;2.114
29687;42081;1.649
12829;60859;1.265
34569;39251;1.969
34295;48115;1.343
34524;50020;1.321
20682;47872;2.150
12564;59742;1.361
25556;3245;1.459
13236;8717;2.242
35654;8866;2.325
34909;38932;1.459
12615;8717;2.439
199364;42081;1.777
34909;42459;1.873
13124;60447;2.206
34224;8390;2.623
197216;29030;1.551
16154;51555;1.703
25556;43205;1.863
47748;59742;1.356
60859;8672;1.143
43561;47872;2.351
13236;8262;2.301
35654;57344;2.269
50020;8866;2.361
20682;59620;1.392
41313;48115;2.305
31083;59900;1.218
15669;16154;1.477
29030;62047;1.732
12615;8262;2.569
12829;20682;0.951
24750;59742;1.386
199847;39505;1.489
13236;42049;0.925
12829;59900;1.262
42049;59772;1.571
20911;39184;1.876
34569;48452;1.606
60168;6802;1.279
57463;8866;2.487
13124;47748;2.222
39505;9127;1.539
29687;42555;1.273
3245;35654;1.429
35654;8877;1.430
196807;34770;1.330
20682;24750;0.951
21230;9127;0.990
196807;41313;2.282
42459;44814;2.241
20657;59620;1.745
31250;42049;1.778
43561;59620;2.232
3245;57463;2.146
31029;9127;1.911
16344;25206;1.229
20657;47872;2.291
31083;50360;1.280
24750;42794;1.301
12564;42794;0.961
13147;42410;1.547
39184;39401;1.606
34224;39184;2.660
41313;8390;2.305
39505;61996;1.286
31029;38932;1.998
50020;8877;1.395
29084;59772;1.778
48030;57463;2.247
31029;42459;2.237
199364;42555;1.778
13124;42081;2.252
34224;8866;2.741
15669;42410;1.272
199847;44814;2.084
51555;8672;1.559
34295;39401;0.974
34524;34770;1.280
57463;8877;2.007
34524;41313;2.265
199847;31287;1.702
50020;59620;1.381
61996;8431;1.500
8262;8390;2.241
13236;60447;1.307
12615;43561;2.441
12829;50360;1.283
20657;24750;1.601
3245;8672;1.655
38932;51555;1.673
199847;21230;1.279
34909;60859;1.260
34224;8877;2.611
25556;39251;1.788
16154;29687;1.659
39184;8672;1.592
13147;34569;1.748
12564;59772;1.460
20911;34909;1.811
41313;8866;2.622
12615;60168;2.192
34909;59900;1.218
42049;43205;1.869
13124;42555;2.277
12716;48115;1.641
196807;59620;1.595
12615;29084;2.287
15669;34569;1.540
47748;59772;1.417
59900;61996;0.925
196807;47872;2.071
39184;57344;2.243
34224;34909;2.556
12716;13236;1.802
31250;60447;1.756
29030;48030;1.685
12564;9070;1.790
197216;43561;2.137
39401;8431;1.734
199847;9127;1.339
8262;8866;2.524
24750;59772;1.445
47748;8431;1.506
29084;43205;1.995
196807;8390;1.320
34295;57344;2.250
41313;8877;2.285
13236;47748;1.266
25556;48452;1.302
42459;57463;2.157
31029;60859;1.887
16154;31029;2.029
34524;59620;1.571
48452;9070;1.727
29030;31083;1.561
25206;31250;1.720
197216;60168;1.268
31250;47748;1.592
50360;61996;0.905
39505;59742;1.585
34524;47872;2.059
31029;59900;1.926
197216;8672;1.230
196807;24750;1.320
199847;35654;1.242
13124;9127;2.154
13236;42081;1.646
34909;50360;1.280
8262;8877;2.324
41313;57344;2.576
199847;57463;1.930
16344;39184;1.606
34569;42410;1.645
13236;196807;1.327
21230;25206;0.926
31250;42081;1.908
12615;20911;2.377
42081;60447;1.588
8390;9127;1.316
15669;8808;1.233
12564;43205;1.892
42049;8672;1.310
25206;8431;1.684
59772;60859;1.545
31083;48115;1.310
47872;50020;2.150
29084;8431;1.960
12716;39401;1.802
196807;8866;2.263
197216;29084;1.693
13147;38932;1.676
12829;48115;0.951
25556;34524;1.278
13147;42459;1.907
3245;43561;2.233
12716;199364;1.939
29687;9127;1.285
42081;47748;1.573
39505;42794;1.582
199847;29030;1.776
29582;39184;1.500
12829;13236;1.279
15669;42459;1.866
24750;43205;1.796
3245;60168;1.461
31029;50360;1.988
13236;42555;0.925
197216;20911;1.673
13147;20657;1.840
8431;8808;1.694
29084;39251;2.079
196807;8877;1.457
31250;42555;1.779
59772;59900;1.543
34770;50020;1.273
48030;60168;1.813
16154;62047;1.684
25206;3245;1.616
15669;20657;1.599
15669;38932;1.425
42555;60859;1.289
42049;48452;1.425
39401;42049;0.925
34909;9127;1.284
25206;39505;1.487
16344;34909;1.278
25206;44814;2.082
29030;9127;1.710
60447;9070;1.795
25206;31287;1.760
39505;59772;1.715
31083;39401;1.278
12716;57344;2.434
34770;8672;1.071
48115;57463;1.971
42410;42459;1.837
29084;3245;1.724
29084;48452;1.772
12829;39401;1.279
12615;29582;2.232
20911;8672;1.824
29582;34909;1.310
42081;42555;1.653
13147;60859;1.531
12615;61996;2.068
42555;59900;1.223
57344;8672;2.205
50360;59742;1.311
12716;199847;1.666
25556;42410;0.905
60859;9127;1.222
20911;51555;1.933
13147;59900;1.443
15669;60859;1.246
42459;43561;2.302
24750;39251;1.768
31250;8431;1.788
12564;39251;1.819
12716;34224;2.642
21230;39184;1.598
34909;48115;1.310
42555;8431;1.744
34770;41313;2.281
38932;62047;1.555
42555;50360;1.320
34569;38932;1.438
12564;48452;1.348
29687;31250;1.602
12564;8717;2.261
34224;51555;2.636
31287;39505;1.857
29084;34524;1.778
42459;60168;1.835
34569;42459;2.073
25556;6802;1.278
13147;20682;1.439
199847;43561;2.074
197216;61996;0.931
42459;8431;2.154
59742;60859;1.292
39401;60447;1.307
47748;48452;1.050
39251;51555;1.861
12564;8262;2.318
31083;57344;2.117
16154;48030;1.788
199364;31250;1.857
47872;59620;2.234
25556;34569;1.642
15669;8390;0.955
15669;20682;0.955
15669;59900;1.253
12829;57344;2.266
48115;8431;1.505
197216;29582;0.931
24750;48452;1.056
199847;60168;1.341
21230;34909;1.228
20682;25206;1.260
20657;9070;1.919
25206;35654;1.265
35654;50020;1.041
12716;197216;1.641
42410;60859;1.154
31029;48115;1.933
39401;47748;1.266
13147;50360;1.547
31287;44814;2.331
25206;57463;1.906
16154;31083;1.659
12615;15669;2.232
12564;12716;1.834
48030;8672;1.770
34770;47872;2.135
39505;8808;1.545
16154;8672;1.643
21230;8808;1.192
12564;34524;1.324
42410;59900;1.302
48452;8717;2.190
3245;9127;1.666
31029;8808;1.957
39505;43205;1.930
59742;59900;1.300
51555;9127;1.571
31083;34224;2.556
34909;39401;1.278
39184;9127;1.607
39401;42081;1.646
31250;3245;1.773
47872;8672;2.111
12829;34224;2.623
34770;59620;1.622
199847;29084;1.750
20911;29687;1.812
48452;8262;2.261
43205;8672;1.826
25206;29030;1.680
13124;31250;2.360
50360;59772;1.418
15669;8866;2.364
3245;61996;1.420
24750;34524;1.336
20657;25206;1.730
43205;51555;1.859
15669;50360;1.272
34569;60859;1.574
48030;61996;1.622
29084;42410;1.836
29687;39505;1.517
38932;48030;1.804
42049;42410;1.320
12615;59742;2.080
29687;44814;2.089
12564;16154;1.716
199847;20911;1.822
39184;50020;1.511
199364;9070;2.005
42410;50360;0.905
29687;31287;1.786
35654;41313;2.299
25556;38932;1.555
15669;8877;1.405
31029;39401;1.987
20911;31029;2.171
12716;8431;1.890
25556;42459;1.835
39401;42555;0.925
8431;8866;2.542
34295;8431;1.761
199364;39505;1.812
12615;42794;2.202
16344;51555;1.572
34295;50020;1.339
16154;199364;1.686
48115;60168;1.268
199364;44814;2.323
197216;9127;1.298
42410;8672;1.072
12716;16344;1.802
60447;8717;2.172
44814;51555;2.218
199364;31287;1.802
42555;48115;1.316
59772;9070;1.593
29030;42049;1.780
34569;59900;1.651
61996;6802;0.926
31287;35654;1.547
34909;57344;2.117
6802;8431;1.668
199847;8808;1.325
197216;59742;1.355
31287;57463;2.287
29084;34569;1.876
60447;8262;2.241
42794;8431;1.747
199364;21230;1.646
41313;50020;2.308
59900;8672;1.288
8431;8877;1.688
29582;51555;1.458
196807;25206;1.202
20682;39184;1.511
34569;50360;1.645
197216;42794;1.288
24750;42410;1.283
13124;39505;2.153
12564;42410;0.961
42049;9127;1.280
13124;8808;2.158
13147;48115;1.447
13124;44814;2.415
42459;61996;1.635
13236;31250;1.783
42081;8431;1.823
39184;41313;2.369
57344;57463;2.494
35654;59620;1.438
13124;31287;2.479
39505;48452;1.534
31029;57344;2.426
8390;8808;1.246
29030;60447;1.730
15669;48115;0.934
13147;13236;1.543
39401;6802;1.278
39251;9070;2.146
12564;34569;1.670
35654;47872;2.111
47748;6802;1.299
25206;43561;2.061
12716;3245;1.755
34295;34770;1.350
29687;35654;1.338
34295;41313;2.280
20911;62047;1.865
13124;21230;2.145
25556;60859;1.153
39505;8390;1.479
12829;199364;1.569
199847;61996;0.925
29687;57463;2.007
12615;59772;2.185
21230;8390;1.259
12716;25556;1.802
12829;16344;1.279
20657;39184;1.802
16154;199847;1.709
16344;29687;1.279
59742;9070;1.595
3245;59742;1.697
31029;8390;1.946
29687;8808;1.273
25556;59900;1.298
20657;8717;2.357
21230;51555;1.523
199364;35654;1.624
199847;29582;1.301
24750;34569;1.547
48030;59742;1.786
199364;57463;2.193
31029;34224;2.706
3245;42794;1.704
20682;34909;1.336
29084;38932;1.810
12716;34295;1.673
20657;8262;2.401
29084;42459;2.190
31287;8431;1.755
12716;50020;1.636
25206;6802;1.208
42049;42459;1.835
29582;29687;1.312
42410;48115;1.270
25206;60168;1.231
29084;6802;1.747
59620;8672;1.569
29030;47748;1.553
197216;59772;1.416
13147;39401;1.543
25206;29084;1.744
34909;8808;1.272
34224;62047;2.570
16344;31029;1.987
34770;9127;1.248
39505;8866;2.365
39184;59620;1.726
21230;8866;2.286
20911;9127;1.838
199364;29030;1.846
15669;39401;1.268
31029;8866;2.550
60447;61996;0.930
48115;61996;0.931
39184;47872;2.127
39251;62047;1.788
29030;42081;1.877
13124;35654;2.260
25556;50360;0.905
13236;39505;1.564
57344;9127;2.227
20657;34909;1.607
42555;57344;2.239
196807;39184;1.648
13236;44814;2.129
44814;8672;2.115
34295;47872;2.092
12615;43205;2.295
12829;25556;1.279
31250;39505;1.797
29582;31029;1.933
12829;199847;1.315
13236;31287;1.823
39505;8877;1.519
199364;8717;2.332
21230;8877;1.471
29030;8808;1.689
42049;60859;1.289
31287;43561;2.262
34569;48115;1.538
31029;8877;2.028
20911;48030;1.873
31250;31287;1.887
16154;197216;1.477
41313;59620;2.320
34295;59620;1.601
13236;21230;1.228
31083;34295;1.330
13147;199364;1.832
24750;38932;1.449
42459;59742;1.897
41313;47872;2.493
12564;20657;1.732
12564;38932;1.589
199364;8262;2.375
31083;50020;1.321
13124;57463;2.336
12564;199364;1.831
12829;34295;1.341
24750;42459;1.876
34524;39184;1.535
13124;29030;2.306
3245;59772;1.721
12716;34770;1.804
12564;42459;1.865
31287;60168;1.825
31287;3245;1.676
59772;8717;2.277
20911;31083;1.811
29030;42555;1.780
34224;48030;2.712
13147;57344;2.342
31250;44814;2.283
29084;60859;1.798
197216;43205;1.788
39505;42410;1.568
48030;59772;1.807
60168;8672;1.061
199847;8390;1.315
13124;8390;2.220
43205;62047;1.863
60859;8808;1.143
20682;9070;1.673
199847;59742;1.290
39251;48030;2.070
15669;57344;2.259
42794;51555;1.587
16344;62047;0.891
59772;8262;2.357
21230;29687;1.229
16154;42049;1.698
42049;59900;1.223
42081;44814;2.206
8866;9127;2.329
44814;62047;2.129
12716;41313;2.465
48030;9127;1.752
199847;8866;2.270
12829;50020;0.952
16154;9127;1.549
196807;34909;1.258
199847;42794;1.359
57344;60168;2.212
29687;43561;2.121
51555;62047;1.572
42459;42794;1.846
31083;8431;1.653
13147;199847;1.398
42555;6802;1.251
13147;34224;2.597
12829;8431;1.509
29084;59900;1.757
12564;60859;1.199
29687;8390;1.338
12615;39251;2.389
34569;39401;1.642
29582;62047;1.265
47872;9127;2.112
48452;51555;1.539
39251;8717;2.277
43205;9127;1.796
15669;34224;2.624
13236;35654;1.332
199364;43561;2.210
51555;8808;1.559
12829;197216;0.951
21230;31029;1.874
13124;8866;2.654
42459;6802;1.873
47748;60859;1.245
196807;199364;1.731
13236;57463;1.848
25206;61996;0.926
199847;8877;1.437
34524;34909;0.925
31083;34770;1.280
31083;41313;2.265
31250;6802;1.733
42410;57344;2.218
34569;9070;1.829
3245;43205;1.936
39251;8262;2.366
8877;9070;1.901
59742;8717;2.245
29084;50360;1.836
12829;34770;1.282
48115;59742;1.355
8390;8866;2.378
48115;6802;1.298
42049;50360;1.320
12564;199847;1.386
24750;60859;1.265
12716;47872;2.201
199364;60168;1.804
24750;9070;1.673
43205;48030;1.886
25206;29582;1.243
3245;8808;1.655
29687;60168;1.279
34909;8390;1.336
25556;48115;1.265
59620;62047;1.620
8672;9127;1.219
12564;20682;1.328
59742;8262;2.328
197216;39251;1.757
12615;48452;2.250
42459;59772;2.038
12564;59900;1.350
39184;8808;1.592
38932;42049;1.563
20682;51555;1.452
13236;29030;1.732
13124;8877;2.227
31250;35654;1.645
29687;8866;2.345
12716;59620;1.873
16154;60447;1.651
31250;57463;2.213
12829;41313;2.305
47748;59900;1.252
34909;50020;1.321
42410;9127;1.248
8390;8877;1.411
13124;43561;2.439
199364;29084;1.946
43561;51555;2.171
16344;48030;1.812
199847;59772;1.573
31083;3245;1.700
12829;3245;1.447
24750;59900;1.262
34569;57344;2.269
44814;48030;2.319
29030;8390;1.574
16154;47748;1.477
13147;197216;1.447
12615;12716;2.329
47748;50360;1.271
197216;48452;1.050
29687;8877;1.485
59900;9127;1.266
16344;31083;1.278
34909;8866;2.344
12615;34524;2.151
21230;62047;1.228
20657;51555;1.785
39505;42459;1.905
199364;20911;1.799
196807;199847;1.235
12716;24750;1.636
13236;8431;1.734
24750;50360;1.283
31083;47872;2.059
12564;50360;0.961
31029;34295;2.029
50020;51555;1.462
29582;48030;1.641
16154;42081;1.797
197216;8808;1.230
12615;8431;2.403
42081;57463;2.046
3245;39251;1.956
31029;50020;1.957
12615;16154;2.351
25556;39401;0.892
13124;60168;2.169
12716;6802;1.755
39401;39505;1.564
60859;8390;1.265
31287;61996;1.547
13124;29084;2.440
42459;43205;2.251
12564;197216;1.315
29582;31083;1.310
31083;59620;1.571
34909;8877;1.485
42049;8808;1.310
48115;59772;1.416
13147;16344;1.543
38932;60447;1.533
29030;8866;2.520
12829;59620;1.392
42049;48115;1.316
62047;9070;1.755
197216;34524;1.310
34909;41313;2.265
20682;29687;1.338
12829;47872;2.150
34770;39184;1.607
25206;59742;1.275
199847;43205;1.887
20682;8717;2.164
42794;6802;1.298
34295;6802;1.309
3245;48452;1.531
39401;44814;2.129
16154;42555;1.698
38932;47748;1.424
57344;61996;2.112
197216;199364;1.578
29084;48115;1.693
16344;199364;1.804
43561;9070;2.381
48030;48452;1.690
20682;8262;2.241
13236;43561;2.138
29030;8877;1.776
21230;48030;1.722
51555;8390;1.452
60859;8866;2.319
196807;51555;1.591
13147;9070;1.919
15669;16344;1.268
29687;61996;0.926
59620;9127;1.465
13236;3245;1.459
12829;24750;0.951
12615;42410;2.192
42081;6802;1.688
38932;42081;1.778
13124;20911;2.386
42794;62047;0.926
31029;34770;1.988
39505;60859;1.530
25556;57344;2.211
31029;41313;2.280
20657;29687;1.607
13236;60168;0.895
12615;3245;2.299
57463;62047;1.848
3245;8390;1.447
196807;197216;1.315
25206;42794;1.252
39505;59900;1.296
3245;34524;1.700
42555;50020;1.313
199364;61996;1.566
39184;8390;1.511
34770;8808;1.071
34569;8717;2.294
34524;51555;1.552
12564;48115;1.315
60859;8877;1.505
31250;43561;2.347
13147;25556;1.543
34909;59620;1.571
20911;8808;1.824
20682;31029;1.946
44814;9127;2.116
34770;34909;1.280
34909;47872;2.059
12564;13236;0.949
21230;31083;1.228
51555;8866;2.405
199364;29582;1.578
47748;48115;0.933
15669;25556;1.268
34569;8262;2.400
197216;42410;1.270
13236;29084;1.702
25556;34224;2.570
57344;8808;2.205
29030;31250;1.665
31250;60168;1.785
42081;43561;2.010
20657;31029;2.135
38932;42555;1.563
29084;39401;1.702
12615;34569;2.168
199847;39251;1.691
24750;48115;0.951
13147;34295;1.474
3245;8866;2.404
13147;50020;1.442
25556;8672;1.059
197216;199847;1.301
16344;199847;1.338
24750;8717;2.164
20911;42049;1.863
31287;59742;1.743
25206;59772;1.521
15669;34295;1.346
48452;62047;1.302
59900;60859;1.285
13124;61996;2.109
51555;8877;1.563
39184;8866;2.508
39505;50360;1.568
39401;57463;1.848
13236;20911;1.865
196807;29687;1.258
31029;59620;1.956
35654;39184;1.510
197216;8390;0.951
60168;9127;1.246
24750;8262;2.242
31029;47872;2.367
31287;42794;1.836
31287;6802;1.748
34224;42049;2.587
13124;29582;2.221
197216;34569;1.538
199847;48452;1.399
3245;8877;1.715
42049;57344;2.239
42081;60168;1.648
42049;8390;1.332
42459;48452;1.899
50360;60859;1.154
42794;48030;1.828
15669;50020;0.936
57344;59742;2.117
39184;8877;1.738
3245;42410;1.692
20682;62047;1.279
16344;9070;1.755
48030;8808;1.770
16154;8808;1.643
196807;31029;2.024
29084;57344;2.361
16344;197216;1.265
24750;39401;1.279
29687;59742;1.117
12564;39401;0.949
42410;50020;1.274
197216;8866;2.363
20657;62047;1.702
39251;42049;1.733
43561;62047;2.138
62047;8717;2.242
13147;34770;1.546
12615;38932;2.148
13147;41313;2.276
29030;39505;1.780
50360;9070;1.756
47872;8808;2.111
12615;42459;2.408
43205;8808;1.826
29030;44814;2.297
199847;34524;1.316
50360;59900;1.302
25206;43205;1.753
29582;9070;1.663
15669;34770;1.271
199364;59742;1.790
20911;60447;1.797
42049;8866;2.220
29030;31287;1.921
62047;8262;2.301
3245;34569;1.777
43561;8717;2.418
29084;34224;2.677
197216;8877;1.403
12615;20657;2.361
50020;62047;1.270
12564;57344;2.229
38932;9070;1.748
34224;60447;2.563
31287;59772;1.776
13147;8717;2.218
20911;47748;1.674
13124;15669;2.222
13236;61996;0.891
31083;6802;1.143
29687;42794;1.301
42555;47872;2.102
47872;51555;2.247
34770;8390;1.282
12829;6802;1.327
197216;38932;1.423
43561;8262;2.562
15669;41313;2.306
34569;50020;1.566
20682;48030;1.653
47748;57344;2.259
20911;8390;1.670
197216;42459;1.865
48115;48452;1.050
39251;60447;1.684
42049;8877;1.486
12716;25206;1.759
13236;29582;1.265
13147;8262;2.291
34295;39184;1.683
42410;8808;1.072
34224;47748;2.623
24750;57344;2.266
57344;8390;2.266
42555;59620;1.610
20911;42081;1.881
199364;42794;1.817
13124;59742;2.221
43561;48030;2.348
16344;42049;0.925
196807;62047;1.327
39505;48115;1.486
12564;34224;2.576
8672;8808;0.853
57344;59772;2.225
197216;20657;1.597
13147;59620;1.722
31250;61996;1.570
13147;47872;2.184
61996;8672;0.853
34770;51555;1.574
34224;42081;2.634
59900;8808;1.288
39401;43561;2.138
12564;8431;1.769
12615;60859;2.151
34770;8866;2.372
29687;59772;1.455
199847;42410;1.342
20657;48030;1.817
20682;31083;1.336
20911;8866;2.551
34524;62047;1.278
42081;61996;1.420
29582;42049;1.316
29030;35654;1.627
24750;34224;2.623
39251;47748;1.757
39401;60168;0.895
29030;57463;2.173
16154;31250;1.811
31287;43205;2.026
3245;42459;2.064
57344;8866;2.634
20911;42555;1.863
43205;60447;1.843
13124;42794;2.181
20657;31083;1.607
199364;59772;1.818
15669;59620;1.379
34569;34770;1.645
34569;41313;2.300
13147;24750;1.439
25206;39251;1.723
34770;8877;1.543
15669;47872;2.146
44814;60447;2.078
39251;42081;1.870
34295;34909;1.330
12829;25206;1.260
197216;60859;1.244
12615;20682;2.236
20911;8877;1.786
12615;59900;2.202
39401;8672;1.059
34224;42555;2.587
48030;8390;1.653
16154;8390;1.481
13124;196807;2.247
47748;8672;1.231
51555;60447;1.527
3245;38932;1.702
43205;47748;1.788
34524;9070;1.680
48452;8431;1.607
42410;59620;1.622
13236;15669;1.268
60168;62047;0.895
199847;34569;1.676
57344;8877;2.297
25556;34295;0.974
39251;42555;1.734
42410;47872;2.136
16344;60447;1.307
25556;50020;1.270
47872;8390;2.150
12615;50360;2.192
43205;8390;1.796
15669;24750;0.955
196807;48030;1.868
12564;3245;1.496
13236;59742;1.309
25206;48452;1.349
13124;59772;2.304
29687;43205;1.750
197216;20682;0.951
16344;47748;1.266
12716;39184;1.843
197216;59900;1.250
59620;8808;1.569
31250;59742;1.735
13236;6802;1.278
50360;8717;2.245
29582;60447;1.223
44814;47748;2.155
12615;6802;2.139
25206;8672;1.193
48030;8866;2.559
196807;31083;1.258
16154;8866;2.482
29084;8672;1.799
59620;60447;1.562
29582;8717;2.168
16344;8717;2.242
199364;43205;1.965
21230;42049;1.221
31287;39251;2.015
3245;60859;1.659
35654;51555;1.514
34524;48030;1.712
16344;42081;1.646
50360;8262;2.304
197216;50360;1.270
34569;47872;2.127
16154;39505;1.764
16154;44814;2.280
47872;8866;2.507
29582;47748;0.933
16344;8262;2.301
48030;60859;1.769
29582;8262;2.246
43205;8866;2.493
44814;8808;2.115
38932;8717;2.275
42410;8390;1.283
39505;57344;2.272
60447;8431;1.672
25206;34524;1.229
16154;31287;1.864
8866;8877;2.346
13236;42794;0.926
35654;9070;1.691
48030;8877;1.839
16154;8877;1.740
34569;59620;1.719
25556;9127;1.245
25556;34770;0.904
31250;42794;1.797
42081;59742;1.710
25556;41313;2.279
199847;38932;1.575
38932;8262;2.365
16154;21230;1.507
29582;42081;1.572
199847;42459;1.796
50020;9070;1.673
12564;16344;0.949
31287;48452;1.656
59900;8390;1.262
3245;59900;1.610
47872;8877;2.169
60859;61996;0.910
43205;8877;1.919
31083;39184;1.535
21230;60447;1.241
12716;34909;1.790
16344;42555;0.925
57463;9070;2.268
12829;39184;1.511
48030;59900;1.736
29030;43561;2.315
60168;8808;1.061
199847;20657;1.751
42410;8866;2.372
3245;50360;1.692
29084;34295;1.658
13236;59772;1.415
29084;50020;1.697
13124;43205;2.376
39401;61996;0.892
29030;60168;1.734
8672;8866;2.337
42049;50020;1.313
38932;39505;1.684
34224;9070;2.674
42081;42794;1.660
31250;59772;1.754
12615;199364;2.403
38932;44814;2.174
29582;42555;1.316
47872;62047;2.134
29687;39251;1.760
31287;34524;1.785
59900;8866;2.274
12615;48115;2.232
42459;60859;1.809
42410;8877;1.544
31250;8672;1.660
39184;51555;1.787
20657;8431;1.779
25556;59620;1.620
16154;35654;1.537
21230;47748;1.243
25206;42410;1.233
42555;8672;1.310
12615;13236;2.191
199364;39251;2.015
25556;47872;2.134
50360;57344;2.218
48030;50360;1.814
8672;8877;1.492
12564;34295;1.016
24750;25556;1.279
29030;29084;1.943
12564;25556;0.949
34295;51555;1.587
31083;34909;0.925
41313;9070;2.471
34524;8717;2.272
199847;60859;1.309
42459;8672;1.819
12829;34909;1.336
59900;8877;1.379
29687;48452;1.422
21230;42081;1.606
34770;62047;0.904
59620;8390;1.392
42081;59772;1.810
47748;50020;0.934
197216;48115;0.931
57463;60447;1.923
34524;8262;2.320
42459;59900;1.800
48115;8672;1.230
16154;57463;2.136
24750;34295;1.341
16154;29030;1.779
41313;51555;2.283
13236;43205;1.863
29084;34770;1.835
8262;9070;2.502
24750;50020;0.952
12564;50020;1.320
29084;41313;2.453
199364;48452;1.655
47872;48030;2.345
25206;34569;1.588
20682;42049;1.332
13124;39251;2.313
34909;39184;1.535
42794;60447;1.329
199847;20682;1.315
199847;59900;1.219
12615;39401;2.191
12615;199847;2.162
44814;8390;2.153
39401;59742;1.309
199364;8431;1.760
31287;42410;1.826
29687;34524;0.926
21230;42555;1.221
60447;60859;1.287
20657;3245;1.790
61996;9127;0.990
59620;8866;2.431
20911;31250;1.892
42794;47748;1.289
31250;43205;1.962
199847;50360;1.342
12564;34770;0.961
42459;50360;1.837
34770;48030;1.814
48452;60447;1.319
35654;8717;2.124
3245;48115;1.450
199364;34524;1.760
196807;9070;1.823
59772;8431;1.707
13124;48452;2.240
197216;39401;1.265
20657;42049;1.792
31029;39184;2.110
48115;60859;1.244
48030;48115;1.641
60168;8390;1.282
38932;57463;2.029
44814;8866;2.582
59620;8877;1.652
35654;8262;2.236
50020;8717;2.164
13147;25206;1.495
24750;34770;1.282
12716;8672;1.770
48115;59900;1.250
24750;41313;2.305
39401;42794;0.926
12564;41313;2.294
42049;59620;1.610
34295;8672;1.340
31287;34569;1.887
29084;47872;2.202
12716;51555;1.866
8808;9127;1.219
57463;8717;2.326
39401;9127;1.245
15669;25206;1.246
42049;47872;2.102
47748;9127;1.300
50020;8262;2.241
12615;57344;2.434
42081;43205;2.013
25206;38932;1.488
20682;60447;1.232
35654;62047;1.332
25206;42459;1.826
29030;61996;1.531
6802;8672;1.265
57463;8262;2.423
13124;34524;2.170
44814;8877;2.169
12564;6802;1.330
199364;3245;1.751
29084;59620;1.855
25206;9127;0.992
39251;8431;2.050
42794;8672;1.078
12615;197216;2.232
34224;8717;2.682
43561;60447;2.073
13236;39251;1.788
60168;8866;2.371
29030;29582;1.552
29687;42410;1.281
20682;47748;0.953
13124;16154;2.295
3245;39401;1.459
31250;39251;2.026
13236;48452;1.302
59742;8431;1.670
20911;39505;1.898
39401;59772;1.415
12615;34224;2.673
34224;8262;2.812
197216;57344;2.258
196807;42049;1.174
48115;50360;1.270
31029;34909;1.948
61996;62047;0.891
29084;9127;1.788
43561;47748;2.137
199364;42410;1.805
20911;31287;1.857
47748;47872;2.146
16154;43561;2.246
42081;8672;1.614
20657;60447;1.743
20682;42081;1.561
50020;60447;1.213
34224;39505;2.621
12564;59620;1.656
25206;60859;1.168
60168;8877;1.542
39505;50020;1.480
41313;8717;2.561
48452;6802;1.418
31083;51555;1.552
24750;47872;2.150
12564;47872;2.152
16154;60168;1.685
12829;51555;1.452
35654;48030;1.713
31287;38932;1.799
39251;39505;1.720
20911;44814;2.328
47748;59620;1.378
39184;62047;1.606
34524;42049;1.271
31250;48452;1.643
16154;29084;1.915
20657;47748;1.598
29687;34569;1.574
31287;42459;2.124
197216;34224;2.623
41313;8262;2.556
16344;31250;1.783
199847;48115;1.301
13236;34524;1.278
24750;59620;1.392
42459;48115;1.865
8262;8717;2.497
34224;44814;2.620
15669;199364;1.580
20911;21230;1.806
13124;42410;2.171
199364;34569;1.886
25556;8808;1.059
20657;42081;1.883
20682;42555;1.333
25206;59900;1.207
13147;39184;1.747
3245;57344;2.378
12564;24750;1.328
31287;8672;1.777
39251;44814;2.169
12716;29687;1.792
29582;31250;1.591
15669;39184;1.502
41313;62047;2.279
48030;57344;2.374
34295;62047;0.974
196807;60447;1.230
31250;34524;1.601
38932;43561;2.190
42081;48452;1.625
42555;9127;1.280
13236;16154;1.684
29030;59742;1.697
39505;41313;2.265
16154;20911;1.869
196807;8717;2.171
39401;43205;1.863
3245;34224;2.655
38932;60168;1.557
196807;47748;1.316
13124;34569;2.258
20657;42555;1.793
12716;31029;2.267
199847;39401;1.338
34524;60447;1.320
15669;9070;1.664
20682;8431;1.509
31250;9127;1.762
25206;50360;1.233
29687;38932;1.460
31287;60859;1.790
196807;8262;2.292
29687;42459;1.874
20911;35654;1.707
48115;9127;1.299
60447;6802;1.268
12615;16344;2.191
43205;44814;2.290
16344;39505;1.564
39184;48030;1.857
196807;42081;1.614
20911;57463;2.259
13147;34909;1.589
20911;29030;1.813
15669;199847;1.304
34909;51555;1.552
16344;44814;2.129
34524;47748;1.312
42459;9127;1.859
199364;38932;1.808
29030;42794;1.749
16344;31287;1.823
15669;34909;1.313
12829;29687;1.338
34295;48030;1.839
34224;35654;2.613
199364;42459;2.136
34224;57463;2.665
8431;9070;1.795
57344;60859;2.202
60168;60447;1.309
42459;57344;2.503
13236;42410;0.905
16344;21230;1.228
31287;59900;1.724
34524;42081;1.648
29582;39505;1.486
21230;31250;1.718
16154;61996;1.468
39505;59620;1.699
39251;57463;2.147
29582;44814;2.154
31250;42410;1.786
34569;8431;1.820
199364;20657;1.834
41313;48030;2.400
12716;13124;2.443
39505;47872;2.206
29687;60859;1.261
29582;31287;1.560
13236;34569;1.642
196807;42555;1.174
34569;39184;1.666
20657;6802;1.739
31083;8672;1.272
16154;29582;1.477
31029;51555;2.025
12829;8672;1.246
199847;57344;2.282
31287;50360;1.826
12829;31029;1.946
20682;3245;1.447
13124;38932;2.238
12716;62047;1.802
29030;59772;1.717
13124;42459;2.377
199364;60859;1.757
57344;59900;2.196
12615;25556;2.191
25556;8390;1.279
24750;8431;1.509
34524;42555;1.272
61996;8808;0.853
42081;42410;1.649
29687;59900;1.219
31250;34569;1.807
13124;20657;2.345
199847;34224;2.549
15669;197216;0.934
34770;42049;1.320
39401;48452;1.302
16344;35654;1.332
43205;57463;2.276
12615;34295;2.149
12716;9127;1.808
12615;50020;2.236
38932;61996;1.314
34295;9127;1.291
199364;59900;1.694
12716;13147;1.739
44814;57463;2.323
197216;25556;1.265
25206;48115;1.243
34569;34909;1.574
12829;13124;2.220
51555;57463;2.075
21230;39505;1.487
24750;3245;1.447
12716;48030;2.034
25556;8866;2.370
21230;44814;2.081
31083;62047;1.278
6802;9127;1.268
29582;35654;1.045
39401;8808;1.059
47872;60447;2.108
16344;57463;1.848
47748;8808;1.231
16344;29030;1.732
21230;31287;1.759
12829;62047;1.279
29030;43205;1.932
42794;9127;1.268
199364;20682;1.569
42555;51555;1.587
48115;57344;2.258
42081;9127;1.638
197216;34295;1.343
29687;50360;1.281
20911;43561;2.301
62047;8431;1.734
13124;60859;2.143
8717;9127;2.218
197216;50020;0.932
199364;6802;1.767
25556;39184;1.606
39505;9070;1.928
13236;8672;1.059
21230;9070;1.779
50360;59620;1.622
16154;59742;1.705
13124;59900;2.125
15669;8717;2.170
13236;20657;1.702
13236;38932;1.555
25556;8877;1.540
12615;8672;2.170
31029;9070;2.224
20911;60168;1.867
199364;50360;1.805
13236;42459;1.835
29582;57463;1.971
34224;43561;2.710
31250;38932;1.751
20911;29084;1.997
43561;8431;2.324
31250;42459;2.133
34770;60447;1.310
12716;31083;1.790
59772;6802;1.426
15669;8262;2.248
12615;34770;2.191
12615;41313;2.487
39251;43561;2.229
13147;51555;1.636
25206;8808;1.193
29084;8808;1.799
31287;48115;1.560
13147;8431;1.809
34224;60168;2.570
25206;39401;1.229
12829;13147;1.439
13124;20682;2.220
15669;51555;1.460
31083;48030;1.712
39251;60168;1.789
8431;8717;2.386
39251;6802;1.781
34770;47748;1.269
12829;48030;1.653
3245;34295;1.483
35654;42049;1.212
16154;42794;1.701
42794;44814;2.139
3245;50020;1.447
34909;62047;1.278
13124;50360;2.171
13236;60859;1.153
59742;6802;1.130
197216;34770;1.268
21230;35654;1.264
25556;34909;1.278
24750;25206;1.260
20682;31250;1.597
12564;25206;1.278
34770;42081;1.648
31287;9127;1.812
42081;42459;1.967
25206;57344;2.203
21230;57463;1.906
39401;42410;0.905
61996;8390;0.951
38932;59742;1.426
20657;31250;1.640
43205;43561;2.282
199847;9070;1.838
42410;51555;1.574
16344;43561;2.138
29030;39251;2.042
197216;41313;2.305
12829;31083;1.336
48030;50020;1.646
31287;39401;1.823
31250;60859;1.743
13236;20682;1.279
31029;62047;1.987
16154;59772;1.742
12615;47872;2.299
13236;59900;1.298
21230;29030;1.679
13147;3245;1.674
43205;60168;1.864
13147;29687;1.590
29084;39184;1.835
31250;59900;1.704
29687;48115;1.311
34770;42555;1.320
44814;60168;2.130
13124;9070;2.409
61996;8866;2.214
39401;8390;1.279
38932;42794;1.572
12615;59620;2.319
29582;43561;2.137
3245;34770;1.691
20682;39505;1.479
47748;8390;0.953
35654;60447;1.164
51555;60168;1.572
8390;9070;1.673
31250;8808;1.660
29030;48452;1.610
12564;12615;2.211
199364;48115;1.578
25206;34224;2.556
42555;8808;1.310
12615;24750;2.236
34569;51555;1.746
16344;60168;0.895
199847;25556;1.338
197216;47872;2.145
39184;42049;1.656
16344;29084;1.702
42081;60859;1.638
13147;31029;2.081
15669;29687;1.314
34909;48030;1.712
196807;31250;1.804
29687;9070;1.681
61996;8877;1.232
3245;41313;2.407
13236;50360;0.905
42459;8808;1.819
20911;29582;1.673
20682;44814;2.153
34295;42049;0.974
42081;59900;1.553
197216;59620;1.376
31287;57344;2.436
199847;34295;1.206
31250;50360;1.786
59772;62047;1.415
50360;8431;1.736
20682;31287;1.556
13124;13236;2.167
8808;8866;2.337
39401;8866;2.370
39505;8717;2.280
29582;60168;1.268
20911;61996;1.668
48115;8808;1.230
25206;8390;1.260
199847;50020;1.296
20657;39505;1.789
21230;8717;2.189
38932;59772;1.507
47748;8866;2.364
29084;8390;1.697
35654;42081;1.603
16344;8431;1.734
29582;8431;1.504
59620;60168;1.621
42459;50020;1.859
20657;44814;2.268
20682;6802;1.327
197216;24750;0.951
43561;44814;2.451
31029;8717;2.486
29084;34909;1.778
29030;34524;1.561
42794;57463;1.866
35654;47748;1.047
31083;9127;1.284
20682;21230;1.259
29687;39401;1.279
24750;39184;1.511
12829;9127;1.316
12564;39184;1.650
13124;48115;2.221
20657;31287;1.888
41313;42049;2.309
39505;8262;2.280
34909;9070;1.680
15669;31029;1.935
21230;8262;2.225
34224;61996;2.515
31029;48030;2.110
31029;8262;2.488
38932;8431;1.733
29030;9070;1.886
8808;8877;1.492
3245;47872;2.220
16154;43205;1.902
39401;8877;1.540
31287;34224;2.647
199364;39401;1.804
16344;20911;1.865
39251;61996;1.534
39401;42459;1.835
47748;8877;1.404
21230;43561;2.060
42081;50360;1.649
31029;31083;1.948
48452;57463;1.982
42555;62047;0.925
25206;8866;2.287
29687;57344;2.117
29084;8866;2.445
35654;42555;1.212
12564;34909;1.324
39184;60447;1.612
3245;59620;1.635
13147;62047;1.543
20657;21230;1.731
21230;60168;1.230
60859;9070;1.775
48030;59620;1.720
34295;60447;1.223
196807;39505;1.556
199847;34770;1.341
25556;51555;1.572
199847;41313;2.268
199364;57344;2.429
39184;47748;1.501
20682;35654;1.061
16344;3245;1.459
29582;3245;1.451
24750;34909;1.336
12716;8808;1.770
13236;48115;1.265
25206;8877;1.472
196807;31287;1.708
13124;39401;2.167
34295;8808;1.340
29084;8877;1.875
12716;12829;1.636
20682;57463;1.984
48115;50020;0.932
20682;29030;1.574
34569;6802;1.549
199847;8717;2.160
34295;47748;1.344
29030;42410;1.736
20911;59742;1.810
41313;60447;2.239
43205;61996;1.694
21230;29084;1.743
15669;62047;1.268
12716;42049;1.685
24750;6802;1.327
16344;61996;0.891
34524;39505;1.516
39184;42081;1.843
6802;8808;1.265
196807;44814;2.147
38932;43205;1.741
43561;57463;2.308
13236;199364;1.804
31250;8390;1.597
44814;61996;1.997
42555;48030;1.858
42794;8808;1.078
13236;9127;1.245
42555;8390;1.333
16154;39251;2.006
39401;60859;1.153
34295;42081;1.654
16344;29582;1.265
29687;34224;2.557
12564;8672;1.078
41313;47748;2.306
51555;61996;1.357
12615;9127;2.179
42410;62047;0.905
13124;8717;2.595
31250;48115;1.590
20657;35654;1.655
196807;21230;1.202
34524;8431;1.653
39401;59900;1.298
59742;62047;1.309
20657;57463;2.198
42459;8390;1.875
8390;8717;2.164
29582;61996;0.931
3245;9070;1.916
20657;29030;1.684
34524;44814;2.088
199847;8262;2.233
50020;57463;1.968
13124;8262;2.573
199364;34224;2.694
20911;42794;1.878
51555;9070;1.866
29030;34569;1.761
34224;59742;2.552
41313;42081;2.297
42081;8808;1.614
39184;9070;1.616
57463;60168;1.850
42459;59620;2.063
48115;8390;0.951
39184;42555;1.657
199847;47872;2.101
8717;8808;2.210
13124;57344;2.515
13147;48030;1.919
42794;43561;2.151
25556;29687;1.279
16154;48452;1.555
42459;47872;2.331
29687;8717;2.272
39251;59742;1.807
31250;8866;2.509
42049;51555;1.587
34224;42794;2.575
42555;8866;2.220
34295;42555;0.974
15669;48030;1.643
62047;6802;1.278
48452;8672;1.287
31083;42049;1.271
59620;61996;1.368
25206;25556;1.229
42081;48115;1.572
42794;60168;0.926
13147;31083;1.589
199847;59620;1.621
29687;8262;2.320
39251;42794;1.800
12829;42049;1.332
12716;60447;1.654
13236;39401;0.892
42459;8866;2.431
39401;50360;0.905
29084;51555;1.911
38932;39251;1.888
13236;199847;1.338
199847;24750;1.315
13124;34224;2.772
31250;8877;1.796
41313;42555;2.309
31250;39401;1.783
20911;59772;1.839
34909;8717;2.272
25206;34295;1.235
196807;35654;1.248
42555;8877;1.486
25556;31029;1.987
48115;8866;2.363
31287;8808;1.777
25206;50020;1.247
34569;62047;1.642
197216;9070;1.663
16154;34524;1.659
196807;57463;1.977
35654;8431;1.564
12716;47748;1.642
196807;29030;1.770
13147;6802;1.538
48452;60168;1.304
34909;8262;2.320
15669;31083;1.313
42459;8877;1.873
42410;48030;1.814
43205;59742;1.737
13236;57344;2.211
50020;8431;1.509
29030;38932;1.712
43561;6802;2.120
21230;61996;0.925
16344;59742;1.309
34524;35654;1.336
38932;48452;1.530
12716;42081;1.897
12716;8390;1.636
29030;42459;2.152
12564;51555;1.606
20682;43561;2.129
48115;59620;1.376
48115;8877;1.403
34295;8390;1.341
29030;8717;2.353
44814;59742;2.101
34524;57463;2.007
57463;8431;2.263
60447;8672;1.288
21230;29582;1.241
34224;59772;2.652
51555;59742;1.643
47748;51555;1.459
31083;60447;1.320
20682;60168;1.282
42049;9070;1.831
29030;8262;2.407
6802;8390;1.327
12615;25206;2.154
20682;29084;1.697
12829;60447;1.232
39251;59772;1.950
29582;59742;1.355
24750;51555;1.452
13236;34224;2.570
42794;8390;1.301
31250;57344;2.396
34224;8431;2.649
31287;34295;1.716
43561;60168;2.140
34569;48030;1.853
29084;29687;1.779
60859;8717;2.206
31287;50020;1.556
31083;47748;1.312
25206;34770;1.232
16344;42794;0.926
25206;41313;2.187
13236;197216;1.265
12716;42555;1.685
25556;62047;0.891
20657;43561;2.334
12716;8866;2.349
34909;42049;1.271
29030;60859;1.688
34295;8866;2.262
16154;42410;1.686
60859;8262;2.278
12716;196807;1.715
34770;39505;1.567
59620;59742;1.619
42081;8390;1.561
197216;25206;1.243
20911;43205;2.053
20657;60168;1.702
31083;42081;1.648
31250;34224;2.671
50020;60168;1.273
6802;8866;2.342
41313;8431;2.456
20657;29084;1.953
12829;42081;1.561
42794;61996;0.926
29582;42794;1.288
42794;8866;2.379
42081;57344;2.343
12829;47748;0.953
12716;8877;1.776
39401;48115;1.266
57463;61996;1.806
31083;8808;1.272
34295;8877;1.508
20682;20911;1.670
12829;8808;1.246
34224;43205;2.641
51555;8717;2.310
43205;59772;1.813
13124;16344;2.167
29030;59900;1.674
16344;59772;1.415
20657;8672;1.699
34770;9070;1.756
31029;42049;2.048
34770;44814;2.132
8262;8431;2.469
39251;43205;2.118
20911;9070;2.021
44814;59772;2.213
51555;8262;2.351
6802;8877;1.526
16154;34569;1.791
3245;8717;2.202
31287;34770;1.825
29084;31029;2.248
24750;29687;1.338
42081;8866;2.398
51555;59772;1.732
12564;29687;1.325
31287;41313;2.497
42794;8877;1.557
25206;59620;1.413
31083;42555;1.272
57344;9070;2.232
199364;25556;1.804
31287;8390;1.556
196807;43561;1.969
21230;59742;1.274
8717;8866;2.410
39184;8717;2.296
29687;34295;1.331
25206;47872;2.075
12829;42555;1.333
16344;6802;1.278
29582;6802;1.298
3245;8262;2.353
29687;50020;1.322
29582;59772;1.416
34909;60447;1.320
38932;42410;1.558
20657;20911;1.886
196807;60168;1.330
39184;8262;2.369
48452;61996;1.047
196807;29084;1.706
199364;34295;1.756
25556;48030;1.812
12615;39184;2.195
50360;6802;1.279
38932;6802;1.439
42081;8877;1.427
29030;50360;1.736
20911;39251;2.137
34524;43561;2.120
199364;50020;1.569
196807;8431;1.730
8717;8877;2.270
47872;57463;2.350
34909;47748;1.312
12564;31029;2.005
59620;59772;1.655
25556;31083;1.278
199364;8672;1.756
13124;25556;2.167
42049;62047;0.925
31287;8866;2.413
34524;60168;1.279
21230;42794;1.252
34224;39251;2.649
20682;29582;0.951
35654;39505;1.499
39505;51555;1.597
197216;8717;2.168
31029;60447;1.982
12564;9127;1.294
34909;42081;1.648
8866;9070;2.579
20682;61996;0.951
24750;31029;1.946
197216;39184;1.500
48030;9070;1.937
16154;9070;1.913
13236;8808;1.059
34770;35654;1.335
16154;38932;1.729
20911;48452;1.712
13236;16344;0.891
59772;8672;1.474
31287;47872;2.223
29084;62047;1.702
13124;34295;2.263
16154;42459;2.127
197216;8262;2.246
12615;8808;2.170
42049;8717;2.175
34770;57463;1.853
48452;9127;1.363
16344;43205;1.863
29687;34770;1.281
13124;50020;2.225
42794;59742;1.330
31287;8877;1.780
29687;41313;2.266
20657;61996;1.577
29582;43205;1.788
31029;47748;1.935
196807;20911;1.836
43561;61996;1.966
35654;44814;2.156
57463;59742;1.998
47872;9070;2.220
34224;48452;2.633
43205;9070;1.957
12615;34909;2.151
42049;8262;2.232
31287;59620;1.778
59772;60447;1.534
12564;13124;2.186
20657;29582;1.597
21230;59772;1.521
16154;20657;1.819
199364;34770;1.805
39401;57344;2.211
199364;41313;2.389
39251;48452;1.843
13147;42049;1.485
31029;42081;2.096
196807;3245;1.598
34909;42555;1.272
31083;8390;1.336
42049;48030;1.858
12829;8390;0.951
12564;62047;0.949
50020;61996;0.931
20911;34524;1.811
15669;42049;1.319
39251;8672;1.765
8672;9070;1.749
3245;39184;1.780
199847;25206;1.280
47748;62047;1.266
57344;59620;2.343
197216;34909;1.310
34224;34524;2.556
29084;48030;2.015
59742;8672;1.332
13236;34295;0.974
42410;9070;1.756
24750;62047;1.279
13236;25556;0.891
42555;60447;1.201
48452;59742;1.478
38932;42459;2.001
50360;51555;1.574
13124;34770;2.171
29687;59620;1.572
34770;8717;2.244
39184;39505;1.770
13124;41313;2.329
31029;42555;2.048
16154;60859;1.639
29030;48115;1.551
20911;8717;2.382
29687;47872;2.059
34524;6802;1.143
16344;39251;1.788
31083;8866;2.344
12829;8866;2.378
12564;13147;1.584
34295;39505;1.546
43205;48452;1.864
196807;29582;1.316
16154;59900;1.615
34770;8262;2.303
59900;9070;1.786
42555;47748;1.317
57344;8717;2.616
21230;43205;1.753
199364;59620;1.608
20911;8262;2.441
13236;50020;1.270
42794;59772;1.437
60447;9127;1.299
196807;61996;0.927
199364;47872;2.301
12564;48030;1.841
31250;34295;1.775
39184;44814;2.261
13147;60447;1.259
35654;57463;1.957
57463;59772;2.099
20682;59742;1.386
29084;31083;1.778
31250;50020;1.597
57344;8262;2.678
29582;39251;1.757
31083;8877;1.485
16154;196807;1.682
16154;20682;1.481
47872;60168;2.135
3245;34909;1.700
47748;48030;1.641
41313;44814;2.441
12829;8877;1.411
15669;60447;1.225
34295;44814;2.122
16344;48452;1.302
20911;42410;1.868
20657;59742;1.736
20682;42794;1.301
43561;59742;2.120
13147;47748;1.449
44814;48452;2.214
24750;48030;1.653
34524;61996;0.925
13236;8390;1.279
12716;31250;1.944
199364;24750;1.569
13236;34770;0.904
15669;8431;1.507
34770;43561;2.141
34569;42049;1.669
34224;42410;2.572
13124;59620;2.280
16154;50360;1.686
50020;6802;1.308
12615;8390;2.236
29030;39401;1.733
38932;60859;1.499
59742;60447;1.329
13124;47872;2.500
12564;31083;1.324
13147;42081;1.677
29582;48452;1.050
35654;6802;1.276
39251;42410;1.791
57463;6802;1.972
42081;50020;1.564
34770;60168;0.906
50020;59742;1.366
38932;59900;1.543
48030;8717;2.412
16154;8717;2.318
48452;59772;1.532
199847;39184;1.654
15669;42081;1.572
16344;34524;1.278
42410;60447;1.311
13236;41313;2.279
20911;34569;1.880
15669;47748;0.936
20657;42794;1.720
60168;61996;0.895
59620;9070;1.868
48030;8262;2.431
31250;34770;1.786
20682;8672;1.246
24750;31083;1.336
16154;8262;2.355
31250;41313;2.427
39505;62047;1.564
47872;8717;2.417
20657;9127;1.775
43205;8717;2.398
13236;8866;2.370
29030;57344;2.349
13124;24750;2.220
12615;51555;2.306
34224;34569;2.606
12829;196807;1.320
12615;8866;2.549
196807;59742;1.271
42410;47748;1.271
12716;39505;1.817
47872;8262;2.600
29582;34524;1.310
13147;42555;1.485
42794;43205;1.876
43205;8262;2.507
39184;57463;2.120
21230;39251;1.723
31083;31250;1.601
20682;59772;1.445
44814;9070;2.309
34295;35654;1.234
34224;6802;2.579
12829;31250;1.597
15669;42555;1.319
21230;48452;1.349
38932;50360;1.558
15669;3245;1.453
34295;57463;1.976
13236;8877;1.540
34569;60447;1.631
20657;59772;1.753
43561;59772;2.241
12615;8877;2.278
34524;59742;1.116
197216;51555;1.458
12716;44814;2.258
34569;8672;1.596
199847;34909;1.316
42410;8717;2.245
12716;31287;1.701
13236;59620;1.620
196807;42794;1.348
41313;57463;2.344
34569;47748;1.538
25556;42049;0.925
59900;62047;1.298
13236;47872;2.134
8672;8717;2.210
35654;43561;2.099
31250;59620;1.736
41313;6802;2.271
20911;38932;1.842
16344;42410;0.905
199364;9127;1.698
29030;34224;2.678
42410;8262;2.304
60168;9070;1.756
12716;21230;1.758
20911;42459;2.218
50020;59772;1.426
31250;47872;2.263
13147;196807;1.492
21230;34524;1.228
59900;8717;2.226
31083;39505;1.516
42410;42555;1.320
35654;60168;1.334
34569;42081;1.844
16154;48115;1.477
12829;39505;1.479
34524;42794;1.300
12615;29687;2.151
24750;8672;1.246
39505;48030;1.830
34224;42459;2.685
20682;43205;1.796
59772;9127;1.565
47872;61996;1.986
59900;8262;2.217
12564;8808;1.078
29582;42410;1.270
13236;24750;1.279
39251;42459;1.818
196807;59772;1.572
3245;51555;1.715
12564;196807;1.373
39401;50020;1.270
31083;44814;2.088
42081;59620;1.779
34224;38932;2.594
16344;34569;1.642
50360;62047;0.905
48030;51555;1.801
12829;44814;2.153
31083;31287;1.785
42081;47872;2.181
39505;8431;1.816
21230;8431;1.683
12829;31287;1.556
31029;8431;2.173
34569;42555;1.670
34770;61996;0.903
12716;35654;1.589
34524;59772;1.455
25556;60447;1.307
42794;48452;1.322
20657;43205;1.965
48452;8808;1.287
12716;57463;2.214
196807;6802;1.240
12829;21230;1.259
39251;9127;1.775
31029;31250;2.151
29582;34569;1.538
20911;60859;1.820
16154;39401;1.684
62047;8672;1.059
199364;199847;1.746
38932;48115;1.423
197216;29687;1.311
12615;31029;2.373
39184;43561;2.271
59742;9127;1.330
25556;47748;1.266
59620;8717;2.283
20911;59900;1.826
34224;60859;2.561
29084;42049;1.624
20682;39251;1.768
12716;29030;1.977
34295;43561;2.072
39184;60168;1.607
25206;39184;1.599
59620;8262;2.307
43561;8672;2.100
39401;41313;2.279
39251;60859;1.760
25556;42081;1.646
21230;42410;1.232
34909;39505;1.516
13147;8672;1.530
34295;60168;0.975
34909;44814;2.088
44814;8717;2.474
16344;38932;1.555
21230;3245;1.615
197216;31029;1.933
12564;12829;1.328
16344;42459;1.835
41313;43561;2.426
31083;35654;1.336
31029;3245;2.145
21230;34569;1.588
196807;43205;1.805
31083;57463;2.007
12829;35654;1.061
34224;59900;2.587
20682;48452;1.056
60447;8808;1.288
47872;59742;1.990
20911;50360;1.868
12829;57463;1.984
41313;60168;2.279
12615;13124;2.504
16154;57344;2.369
20657;39251;2.010
38932;39401;1.555
199847;51555;1.591
16344;20657;1.702
39251;59900;1.616
42049;60447;1.201
29582;38932;1.423
42459;51555;1.994
29582;42459;1.865
25556;42555;0.925
43561;48452;2.157
31029;39505;2.001
12615;62047;2.191
199364;25206;1.647
34224;50360;2.572
34524;43205;1.750
199847;8431;1.717
60168;8717;2.243
13124;8431;2.385
12564;8390;1.328
44814;8262;2.483
35654;61996;0.929
24750;42049;1.332
12564;42049;0.969
43205;60859;1.822
25206;34909;1.229
31287;39184;1.839
31029;31287;2.261
12829;29030;1.574
39401;59620;1.620
29084;60447;1.741
8390;8431;1.509
34770;59742;1.309
60168;8262;2.302
39401;47872;2.134
16154;34224;2.697
44814;60859;2.085
20682;34524;1.336
20657;48452;1.664
31029;44814;2.322
51555;60859;1.591
13147;31250;1.875
34770;42794;0.926
29084;47748;1.694
29687;8431;1.655
197216;62047;1.265
20682;9127;1.316
42049;47748;1.317
39251;50360;1.791
16344;60859;1.153
16344;196807;1.327
34909;35654;1.336
199847;3245;1.595
12716;43561;2.217
12615;13147;2.236
13124;25206;2.146
43205;59900;1.830
196807;39251;1.788
48452;8390;1.056
12564;8866;2.385
38932;57344;2.229
16344;59900;1.298
12564;60447;1.354
29030;34295;1.794
20657;8808;1.699
29084;42081;1.977
29030;50020;1.562
44814;59900;2.110
12615;48030;2.406
12716;60168;1.803
42049;42081;1.653
20657;34524;1.607
47748;60447;1.224
48115;51555;1.458
51555;59900;1.462
34909;8431;1.653
43205;50360;1.864
47872;59772;2.091
29582;60859;1.244
15669;31250;1.593
13124;3245;2.377
31287;34909;1.785
21230;38932;1.487
59620;60859;1.564
34909;57463;2.007
34524;39251;1.760
16344;20682;1.279
21230;42459;1.826
24750;60447;1.232
12564;8877;1.578
29582;59900;1.250
50360;8672;1.072
15669;6802;1.300
196807;48452;1.411
34569;9127;1.634
29687;39184;1.535
8877;9127;1.514
25556;9070;1.755
199847;29687;1.317
16344;8672;1.059
29582;8672;1.230
48452;8866;2.410
3245;62047;1.459
12716;29084;1.866
39184;61996;1.397
24750;9127;1.316
197216;48030;1.641
20911;48115;1.673
20682;42410;1.283
29084;42555;1.624
24750;47748;0.953
12564;47748;1.316
16344;50360;0.905
42049;42555;0.925
12615;31083;2.151
29687;3245;1.702
41313;61996;2.182
48030;62047;1.812
29030;8431;1.772
31083;43561;2.120
199364;39184;1.871
34295;61996;0.974
34770;59772;1.417
42555;44814;2.130
44814;50360;2.132
38932;8672;1.504
31029;35654;2.003
59620;59900;1.525
12829;43561;2.129
34524;48452;1.422
13147;39505;1.558
60447;8390;1.232
34224;48115;2.623
35654;59742;1.336
31029;57463;2.232
199364;8808;1.756
12716;20911;1.994
31083;60168;1.279
24750;42081;1.561
48452;8877;1.496
12564;42081;1.673
29030;34770;1.736
21230;60859;1.167
13147;31287;1.800
15669;39505;1.489
29030;41313;2.399
196807;34524;1.258
199847;31029;2.035
39251;48115;1.757
12829;60168;1.282
29582;50360;1.270
35654;42794;1.355
13236;25206;1.229
16154;16344;1.684
60859;8431;1.710
39505;42049;1.536
197216;31083;1.310
20657;42410;1.705
59772;8808;1.474
20682;34569;1.547
13147;44814;2.130
29030;3245;1.800
29687;34909;0.926
13124;199364;2.368
13124;39184;2.314
3245;48030;1.873
15669;44814;2.156
60447;8866;2.288
20911;39401;1.866
12829;29084;1.697
21230;59900;1.206
15669;31287;1.562
24750;42555;1.333
13147;21230;1.494
12564;42555;0.969
199364;34909;1.760
25206;51555;1.524
34770;43205;1.864
42410;44814;2.132
15669;21230;1.245
42459;62047;1.835
39184;59742;1.407
34909;43561;2.120
34224;39401;2.570
51555;8431;1.775
62047;9127;1.245
43205;48115;1.788
20657;34569;1.826
60447;8877;1.416
29030;59620;1.704
20657;8390;1.601
12829;20911;1.670
39251;8808;1.765
39251;39401;1.788
29030;47872;2.288
42555;57463;1.969
3245;8431;1.776
199847;62047;1.338
196807;42410;1.331
34524;8672;1.272
57463;60859;1.904
16154;25556;1.684
59742;8808;1.332
35654;59772;1.425
43561;9127;2.090
12716;61996;1.536
39505;6802;1.550
39184;8431;1.771
39505;60447;1.449
21230;6802;1.207
21230;50360;1.232
13124;34909;2.170
20682;38932;1.449
41313;59742;2.273
16344;48115;1.265
13147;9127;1.542
34569;39505;1.740
34295;59742;1.344
20682;42459;1.875
34909;60168;1.279
39184;42794;1.624
20911;57344;2.446
12716;29582;1.641
13124;199847;2.247
42794;60859;1.172
44814;48115;2.154
61996;9070;1.588
13147;35654;1.414
16154;34295;1.685
25556;31250;1.783
34524;42410;1.280
31287;51555;1.861
39505;47748;1.487
20657;8866;2.519
13147;57463;1.997
16154;50020;1.481
13147;29030;1.862
42794;59900;1.321
34295;42794;1.365
15669;35654;1.048
13236;39184;1.606
34224;57344;2.719
57463;59900;1.957
31029;6802;1.977
15669;57463;1.973
25206;29687;1.229
29582;48115;0.931
47872;48452;2.197
25556;8717;2.242
31029;43561;2.335
196807;34569;1.642
34770;39251;1.790
34569;44814;2.212
31250;39184;1.800
60447;62047;1.307
199364;8390;1.569
48115;62047;1.265
39251;57344;2.414
39505;42081;1.660
48452;60859;1.334
20911;34224;2.673
20657;38932;1.758
41313;42794;2.289
199847;48030;1.844
197216;8431;1.504
20657;8877;1.767
25556;8262;2.301
20657;42459;2.118
31029;60168;1.987
42459;48030;2.205
39184;59772;1.402
59900;60447;1.163
31083;61996;0.925
8808;9070;1.749
39401;9070;1.755
35654;8672;1.295
35654;43205;1.810
47748;9070;1.663
15669;29030;1.553
59772;8390;1.446
13236;34909;1.278
12829;61996;0.951
13124;197216;2.221
34524;34569;1.574
42049;8431;1.744
16344;39401;0.892
25206;31029;1.875
42794;50360;0.926
34770;48452;1.305
25206;9070;1.779
50020;8672;1.235
42410;57463;1.854
12829;29582;0.951
20682;60859;1.265
48452;59900;1.351
50360;60447;1.311
199364;8866;2.482
59772;60168;1.416
39505;42555;1.536
12716;15669;1.643
16154;34770;1.686
38932;50020;1.452
16154;41313;2.325
21230;48115;1.241
57463;8672;1.894
197216;3245;1.450
199847;31083;1.316
9070;9127;1.805
41313;59772;2.355
34295;59772;1.616
29582;39401;1.265
43205;57344;2.261
29687;51555;1.554
20682;8808;1.246
43561;60859;2.076
25556;39505;1.564
31250;34909;1.601
48452;50360;1.306
29084;9070;1.983
199847;6802;1.272
12615;12829;2.236
13124;6802;2.211
12716;59742;1.748
59772;8866;2.461
196807;38932;1.551
44814;57344;2.516
39251;8390;1.768
25556;31287;1.823
34224;8672;2.494
16344;9127;1.245
196807;42459;1.896
199364;8877;1.668
42555;43561;2.094
199364;51555;1.784
34569;35654;1.576
51555;57344;2.291
20682;59900;1.262
12615;42049;2.174
20657;60859;1.750
12716;42794;1.815
34569;57463;2.058
59742;8390;1.386
50020;60859;1.250
16344;57344;2.211
34909;61996;0.925
25556;44814;2.129
50360;9127;1.248
42555;60168;0.928
34770;8431;1.736
35654;39251;1.751
20657;59900;1.701
196807;20657;1.804
43561;59900;2.048
34524;38932;1.459
59772;8877;1.664
20911;8431;1.799
29582;9127;1.298
29687;6802;1.145
34524;42459;1.873
20682;50360;1.283
25206;62047;1.229
34569;8808;1.596
41313;8672;2.251
39184;43205;1.861
29084;31250;1.940
13147;43561;2.132
16154;59620;1.469
57344;8431;2.335
38932;41313;2.280
12829;15669;0.955
39251;8866;2.331
197216;42049;1.316
16154;47872;2.243
38932;9127;1.536
29582;57344;2.259
43561;50360;2.142
20657;20682;1.601
13124;51555;2.224
34295;43205;1.850
15669;43561;2.137
16344;34224;2.570
50020;59900;1.243
13147;60168;1.545
31083;59742;1.116
61996;8717;2.081
59742;8866;2.343
35654;48452;1.159
34909;6802;1.143
8262;8672;2.286
13147;29084;1.836
12829;59742;1.386
21230;39401;1.228
15669;60168;1.270
42555;9070;1.831
42410;43561;2.142
24750;8808;1.246
39251;8877;1.740
20657;50360;1.705
31083;42794;1.300
61996;8262;2.163
41313;43205;2.419
196807;60859;1.295
42794;48115;1.288
12564;31250;1.807
50020;50360;1.274
34770;42410;0.905
12615;60447;2.174
16154;24750;1.481
199364;29687;1.761
12829;42794;1.301
29582;34224;2.623
12716;59772;1.790
196807;59900;1.259
31029;61996;1.861
59742;8877;1.547
31250;9070;1.917
29084;39505;1.891
59742;60168;1.311
20911;3245;1.833
29030;6802;1.685
48115;9070;1.663
29687;31029;1.949
42049;44814;2.130
15669;29084;1.694
3245;42049;1.459
25556;35654;1.332
21230;57344;2.202
12615;47748;2.232
24750;31250;1.597
48030;8431;1.785
39401;8717;2.242
34524;60859;1.260
16154;8431;1.789
38932;59620;1.625
47748;8717;2.169
196807;8672;1.295
25556;57463;1.848
25556;29030;1.732
39184;39251;2.021
38932;47872;2.095
42459;9070;2.194
196807;20682;1.320
13236;51555;1.572
42410;60168;0.906
34524;59900;1.218
13147;20911;1.883
197216;60447;1.222
25206;48030;1.722
20911;25556;1.865
199364;31029;2.097
39401;8262;2.301
31287;62047;1.823
20682;8390;0.951
59772;61996;1.311
47872;8431;2.279
29084;44814;2.336
47748;8262;2.247
12615;42081;2.318
43205;8431;1.915
34295;39251;1.730
12615;196807;2.148
13124;29687;2.170
15669;20911;1.675
60859;6802;1.247
29084;31287;1.872
34909;59742;1.116
62047;8808;1.059
25206;31083;1.229
196807;50360;1.331
21230;34224;2.556
197216;47748;0.933
34524;9127;1.284
60168;60859;1.155
20911;34295;1.858
34569;43561;2.206
20682;48115;0.951
31083;59772;1.455
20911;50020;1.671
39184;48452;1.545
25206;8717;2.190
31250;51555;1.795
29084;8717;2.278
12716;43205;2.037
57344;62047;2.211
12829;59772;1.445
24750;39505;1.479
43561;8808;2.100
12564;39505;1.607
34569;60168;1.644
197216;42081;1.572
34224;34295;2.550
12564;44814;2.147
34295;48452;1.429
13124;31029;2.199
43561;48115;2.137
25206;8262;2.226
34524;50360;1.280
20682;8866;2.378
34224;50020;2.623
29084;8262;2.418
12615;42555;2.174
42555;61996;0.925
13147;8808;1.530
12564;31287;1.860
34569;8390;1.547
29687;62047;1.279
42410;8431;1.736
51555;6802;1.601
16154;3245;1.708
31029;59742;1.982
3245;60447;1.566
34909;42794;1.300
35654;42410;1.336
31287;48030;1.984
12564;21230;1.278
48030;60447;1.805
41313;48452;2.332
24750;44814;2.153
42049;57463;1.969
20657;48115;1.597
199364;62047;1.804
3245;6802;1.671
13147;29582;1.447
42081;51555;1.665
59900;8431;1.676
3245;47748;1.452
24750;31287;1.556
20682;8877;1.411
12716;9070;1.973
34295;9070;1.854
39184;6802;1.507
42794;57344;2.224
34770;42459;1.836
197216;42555;1.316
13147;61996;1.256
34295;34524;1.330
39251;50020;1.751
29084;35654;1.625
24750;8390;0.951
35654;9127;1.324
199847;42049;1.180
20682;39401;1.279
29084;57463;2.248
20911;34770;1.868
31083;43205;1.750
20911;41313;2.419
34569;8866;2.438
13236;29687;1.279
15669;61996;0.934
31029;42794;1.997
3245;42081;1.835
6802;9070;1.694
34909;59772;1.455
12829;43205;1.796
50020;9127;1.306
34770;38932;1.558
12716;39251;1.872
42794;9070;1.769
42081;9070;1.970
15669;29582;0.935
34224;34770;2.572
48452;57344;2.287
43205;50020;1.806
8717;9070;2.394
42410;61996;0.905
13124;62047;2.167
57463;9127;1.913
16344;25556;0.891
47872;60859;2.074
25556;43561;2.138
59742;61996;0.925
12564;35654;1.381
34569;8877;1.746
31250;8717;2.341
24750;8866;2.378
12564;57463;1.871
196807;48115;1.315
42555;8717;2.175
20657;39401;1.702
197216;6802;1.298
13236;31029;1.987
25556;60168;0.895
29687;48030;1.713
42459;60447;1.789
34224;41313;2.770
34224;9127;2.570
3245;42555;1.459
25556;29084;1.702
16344;34295;0.974
31029;59772;2.061
12716;48452;1.721
31250;8262;2.406
47748;57463;1.971
13147;15669;1.449
16344;50020;1.270
62047;8390;1.279
39184;42410;1.607
42555;8262;2.232
42459;8717;2.301
24750;35654;1.061
39251;41313;2.370
20682;57344;2.266
29030;39184;1.767
59620;8431;1.697
44814;50020;2.153
29687;31083;0.926
47872;59900;2.127
34770;60859;1.152
24750;57463;1.984
20911;59620;1.799
15669;8672;1.233
199364;48030;1.837
24750;29030;1.574
42555;59742;1.283
12564;29030;1.762
13124;13147;2.261
34524;48115;1.310
34295;42410;1.350
199847;60447;1.152
24750;8877;1.411
48115;8717;2.168
20911;47872;2.296
42459;8262;2.453
31083;39251;1.760
13147;59742;1.572
43561;57344;2.450
29582;34295;1.343
43561;8390;2.129
50360;8808;1.072
39505;44814;2.167
12829;39251;1.768
199364;31083;1.760
41313;9127;2.203
42555;42794;1.338
29582;50020;0.933
42049;6802;1.251
48115;8262;2.246
35654;42459;1.857
13147;8390;1.439
16344;8808;1.059
29582;8808;1.230
34224;47872;2.649
199847;47748;1.302
44814;8431;2.239
31287;9070;1.964
41313;42410;2.281
12716;34524;1.790
20682;34224;2.623
42459;47748;1.866
34569;61996;1.437
62047;8866;2.370
8431;8672;1.694
34909;43205;1.750
34770;59900;1.301
20657;57344;2.398
196807;39401;1.328
20911;24750;1.670
42049;43561;2.094
50020;57344;2.266
39401;51555;1.572
8262;9127;2.252
38932;8808;1.504
12716;16154;1.941
34224;59620;2.674
13124;48030;2.333
35654;38932;1.460
31083;48452;1.422
199847;42081;1.613
13236;62047;0.891
47872;50360;2.136
34295;34569;1.680
15669;59742;1.358
16344;34770;0.904
12829;48452;1.056
13147;42794;1.563
16344;41313;2.279
29030;34909;1.561
31250;62047;1.783
39251;59620;1.942
42049;60168;0.928
43561;8866;2.464
34770;50360;0.905
13124;31083;2.170
16154;25206;1.507
62047;8877;1.540
39251;47872;2.272
29084;43561;2.222
20911;6802;1.819
34524;39401;1.278
15669;42794;1.291
15669;196807;1.318
60168;8431;1.735
13147;8866;2.367
21230;34295;1.234
42410;59742;1.311
21230;25556;1.228
20657;34224;2.672
12716;8717;2.089
57344;6802;2.184
31029;43205;2.170
29084;60168;1.703
34295;8717;2.130
48115;60447;1.222
29582;34770;1.268
29582;41313;2.306
34770;6802;1.277
43561;8877;2.003
31083;34524;0.925
196807;9127;1.264
199847;42555;1.180
42555;59772;1.572
43205;47872;2.204
12716;8262;2.403
42459;42555;1.835
12829;34524;1.336
34295;8262;2.269
35654;60859;1.308
13147;8877;1.546
6802;8717;2.249
196807;57344;2.191
13147;59772;1.695
21230;50020;1.246
42081;62047;1.646
12564;43561;2.160
12716;42410;1.804
42794;8717;2.253
13236;48030;1.812
34909;39251;1.760
12829;16154;1.481
39184;42459;2.066
25206;42049;1.222
42410;42794;0.926
25556;29582;1.265
43205;59620;1.842
6802;8262;2.310
16344;59620;1.620
12564;60168;0.950
34295;38932;1.595
42794;8262;2.311
25556;61996;0.891
16344;47872;2.134
34295;42459;1.832
44814;59620;2.263
34524;57344;2.117
24750;43561;2.129
31083;9070;1.680
39505;57463;2.031
47748;60168;1.269
12829;9070;1.673
44814;47872;2.335
196807;34224;2.550
51555;59620;1.635
35654;59900;1.239
34524;8808;1.272
42081;8717;2.305
47872;48115;2.145
21230;34770;1.232
15669;59772;1.418
48030;6802;1.777
34569;59742;1.535
16154;6802;1.662
31250;48030;1.801
24750;60168;1.282
34909;48452;1.422
29582;59620;1.376
12716;34569;1.908
50360;8390;1.283
41313;42459;2.431
12615;31250;2.351
39505;8672;1.545
13236;31083;1.278
24750;29084;1.697
42081;8262;2.370
31029;39251;2.185
12564;29084;1.735
21230;8672;1.192
29582;47872;2.145
42555;43205;1.869
16344;8390;1.279
29582;8390;0.951
42410;59772;1.418
31029;8672;1.957
34569;42794;1.656
16344;24750;1.279
43205;6802;1.779
31083;42410;1.280
59742;59772;1.318
21230;41313;2.187
16154;39184;1.790
12829;42410;1.283
42794;50020;1.293
34770;48115;1.268
31287;42049;1.717
38932;8390;1.449
12564;20911;1.891
31287;8717;2.212
35654;50360;1.336
25206;60447;1.242
39184;60859;1.617
47872;6802;2.065
42081;48030;1.941
197216;31250;1.590
31029;48452;1.995
13147;43205;1.925
50360;8866;2.372
39184;59900;1.621
34295;60859;1.329
60859;62047;1.153
31287;8262;2.457
16344;8866;2.370
29582;8866;2.363
35654;8808;1.295
48452;50020;1.050
12615;39505;2.268
15669;43205;1.791
42049;61996;0.925
25206;47748;1.243
42410;6802;1.279
25556;59742;1.309
31083;34569;1.574
20682;25556;1.279
50360;57463;1.854
29084;29582;1.693
29030;51555;1.778
12829;34569;1.547
50020;8808;1.235
38932;8866;2.395
41313;60859;2.234
50360;8877;1.544
13236;9070;1.755
12716;42459;1.970
25206;42081;1.607
29084;61996;1.573
21230;59620;1.412
12615;9070;2.324
31029;34524;1.948
16154;34909;1.659
34569;59772;1.609
29582;8877;1.403
16344;8877;1.540
57463;8808;1.894
199847;8672;1.325
41313;59900;2.223
38932;39184;1.581
