39273;59605;1.492
35313;51375;1.285
31452;5416;1.466
35457;59605;1.480
35313;39273;1.304
35313;35457;1.243
31452;51375;1.249
35313;59605;1.499
31452;35457;1.198
31452;35313;1.306
39273;5416;1.419
35313;5416;1.465
35019;35457;1.253
35019;35313;1.265
31452;59605;1.486
51375;59605;1.488
35019;59605;1.475
31452;35019;1.263
35457;35568;1.420
35457;51375;1.178
35313;35568;1.415
35019;5416;1.455
51375;5416;1.467
35568;51375;1.408
35457;39273;1.239
31452;35568;1.429
35568;39273;1.394
35019;35568;1.399
5416;59605;1.524
39273;51375;1.227
35568;59605;1.511
35019;51375;1.159
31452;39273;1.248
35568;5416;1.486
35457;5416;1.470
35019;39273;1.183
