34421;60330;1.243
12406;21236;1.243
20852;21274;1.361
21274;34421;1.362
25106;6697;1.295
12406;28849;1.243
20852;50765;1.266
25106;34421;0.925
28849;42772;0.934
21274;60330;1.413
21274;25106;1.361
12406;21274;1.413
20852;60280;1.252
60330;6697;1.399
50765;6697;1.408
20852;42772;0.934
28849;6697;1.295
12406;60280;0.965
21236;28849;0.923
25106;60330;1.243
21305;34421;1.241
12406;50765;1.271
28849;34421;0.925
21236;21274;1.361
12406;42772;1.247
42772;60330;1.247
21305;25106;1.241
20852;6697;1.295
21274;28849;1.361
34421;50765;1.267
21305;6697;1.398
60280;6697;1.400
21236;60280;1.252
50765;60330;1.271
34421;60280;1.253
34421;6697;1.296
21236;50765;1.266
21305;60330;0.928
28849;60330;1.243
12406;20852;1.243
34421;42772;0.934
25106;28849;0.923
21274;60280;1.418
21236;6697;1.295
20852;34421;0.925
20852;21305;1.241
21274;50765;1.441
60280;60330;0.965
20852;25106;0.923
21236;42772;0.934
12406;34421;1.243
42772;50765;1.272
12406;21305;0.928
25106;60280;1.252
12406;25106;1.243
21305;28849;1.241
20852;60330;1.243
21274;42772;1.364
42772;60280;1.257
25106;50765;1.266
25106;42772;0.934
21236;34421;0.925
12406;60330;0.928
12406;6697;1.399
21274;6697;1.423
21236;21305;1.241
50765;60280;1.280
42772;6697;1.296
21305;60280;0.963
28849;60280;1.252
21305;50765;1.270
20852;21236;0.923
28849;50765;1.266
21305;42772;1.247
21274;21305;1.412
20852;28849;0.923
21236;60330;1.243
21236;25106;0.923
