34421;60330;1.243
12406;21236;1.243
20852;21274;1.450
21274;34421;1.451
25106;6697;1.593
12406;28849;1.243
20852;50765;1.266
25106;34421;0.925
28849;42772;0.934
21274;60330;1.561
21274;25106;1.450
12406;21274;1.561
20852;60280;1.276
60330;6697;1.788
50765;6697;1.739
20852;42772;0.934
28849;6697;1.593
12406;60280;0.970
21236;28849;0.923
25106;60330;1.243
21305;34421;1.241
12406;50765;1.272
28849;34421;0.925
21236;21274;1.450
12406;42772;1.251
42772;60330;1.251
21305;25106;1.241
20852;6697;1.593
21274;28849;1.450
34421;50765;1.268
21305;6697;1.786
60280;6697;1.803
21236;60280;1.276
50765;60330;1.272
34421;60280;1.278
34421;6697;1.593
21236;50765;1.266
21305;60330;0.928
28849;60330;1.243
12406;20852;1.243
34421;42772;0.934
25106;28849;0.923
21274;60280;1.584
21236;6697;1.593
20852;34421;0.925
20852;21305;1.241
21274;50765;1.565
60280;60330;0.969
20852;25106;0.923
21236;42772;0.934
12406;34421;1.243
42772;50765;1.274
12406;21305;0.928
25106;60280;1.276
12406;25106;1.243
21305;28849;1.241
20852;60330;1.243
21274;42772;1.455
42772;60280;1.284
25106;50765;1.266
25106;42772;0.934
21236;34421;0.925
12406;60330;0.928
12406;6697;1.788
21274;6697;1.879
21236;21305;1.241
50765;60280;1.297
42772;6697;1.596
21305;60280;0.967
28849;60280;1.276
21305;50765;1.270
20852;21236;0.923
28849;50765;1.266
21305;42772;1.250
21274;21305;1.559
20852;28849;0.923
21236;60330;1.243
21236;25106;0.923
