1226551 0
6284863 1
4952057 2
2123634 3
902876 4
437483 5
214914 6
119223 7
74663 8
48273 9
32786 10
23686 11
16639 12
12394 13
9441 14
6570 15
4778 16
3755 17
2770 18
1806 19
1190 20
832 21
799 22
769 23
847 24
693 25
577 26
623 27
443 28
310 29
186 30
169 31
113 32
67 33
62 34
44 35
27 36
11 37
8 38
32 40
28 41
5 42
2 43
1 44
2 45
30 46
18 47
5 48
41 49
23 50
7 51
2 52
2 53
28 58
21 59
26 60
15 61
13 62
6 63
7 64
4 65
1 66
2 67
2 69
1 70
1 71
1 72
1 73
22 78
25 79
6 80
2 81
4 82
3 83
1 84
1 85
1 86
1 87
1 94
