6471;7004;1.112
19338;6471;1.108
262237;27651;0.926
16629;22661;1.644
16471;27978;1.793
22661;27978;1.978
20015;262237;1.272
14259;52280;1.487
10778;16471;0.925
22661;52280;1.690
19411;6429;1.219
27651;27678;1.843
16629;19228;1.310
262237;27678;1.856
19228;52280;1.261
16629;27986;1.625
11340;19338;1.842
14259;27978;2.076
14259;7004;1.437
11340;27651;1.794
19411;27651;1.131
19338;52280;1.346
16471;262237;1.141
27986;6471;1.603
10778;52280;1.226
10778;6471;1.138
27651;7004;1.112
19228;27978;1.786
19338;262237;1.272
16471;19338;1.307
14259;6429;1.582
27651;27986;1.603
11340;19411;1.742
16471;27651;1.137
22661;27651;1.602
19338;27978;1.901
27651;6429;1.211
10778;27978;1.793
11340;27678;2.102
20015;6471;1.108
19411;27678;1.808
16629;20015;0.908
27678;6471;1.843
262237;6471;0.926
262237;27986;1.636
27978;6471;1.811
20015;52280;1.345
11340;22661;1.902
11340;6471;1.794
19411;22661;1.482
19338;7004;0.915
16471;19411;1.050
14259;19338;1.436
16471;27678;1.791
22661;27678;2.022
14259;27651;1.441
27978;27986;2.113
11340;19228;1.741
27678;27986;2.137
22661;6471;1.602
16629;6471;1.108
10778;7004;1.311
20015;27978;1.901
19338;6429;1.360
19228;19338;1.311
16471;22661;1.361
16471;6471;1.137
19411;262237;1.179
19228;27651;1.127
11340;27986;2.099
19411;27986;1.692
19338;19411;1.312
52280;6471;1.149
19228;6471;1.128
14259;19411;1.534
10778;19338;1.308
16471;19228;1.036
14259;27678;2.034
19338;27651;1.108
20015;7004;0.914
10778;27651;1.137
27986;7004;1.626
16629;52280;1.345
19338;22661;1.645
19228;19411;0.944
16471;27986;1.669
14259;22661;1.752
22661;27986;1.875
19228;27678;1.807
10778;19411;1.051
27986;6429;1.740
19338;27678;1.895
11340;20015;1.842
14259;19228;1.534
19411;20015;1.311
19228;22661;1.485
10778;27678;1.792
10778;6429;1.239
16629;27978;1.901
11340;14259;2.003
27678;7004;1.897
27651;52280;1.149
262237;7004;1.276
19411;6471;1.131
20015;27651;1.108
14259;27986;1.604
10778;22661;1.362
27978;7004;1.904
11340;7004;1.845
6429;6471;1.211
22661;262237;1.617
10778;262237;1.142
16471;20015;1.306
20015;6429;1.359
11340;16629;1.842
27678;6429;1.913
262237;6429;1.250
19228;27986;1.692
10778;19228;1.036
27651;27978;1.811
22661;7004;1.643
16629;7004;0.914
27978;6429;1.694
11340;6429;1.853
20015;27678;1.895
27978;52280;1.805
19338;27986;1.625
16471;7004;1.311
11340;262237;1.795
262237;27978;1.827
14259;262237;1.474
10778;27986;1.670
14259;16629;1.436
52280;7004;1.350
19228;7004;1.314
16471;16629;1.306
262237;52280;1.099
20015;22661;1.644
14259;6471;1.441
14259;20015;1.436
22661;6429;1.619
16629;6429;1.359
16629;19338;0.909
11340;52280;1.857
27651;6471;0.926
19411;52280;1.275
16629;27651;1.108
11340;16471;1.707
16471;6429;1.240
27986;52280;1.666
19411;7004;1.314
19228;262237;1.176
52280;6429;1.227
27678;27978;2.199
19228;6429;1.220
19228;20015;1.310
10778;11340;1.706
6429;7004;1.364
27678;52280;1.914
10778;16629;1.307
20015;27986;1.625
19338;20015;0.909
16629;19411;1.311
16471;52280;1.225
14259;16471;1.505
11340;27978;2.120
19411;27978;1.797
10778;20015;1.307
16629;27678;1.895
10778;14259;1.507
16629;262237;1.272
