14086163  0
76341639  1
52640402  2
21168888  3
8620895  4
4160866  5
2340564  6
1500874  7
1014747  8
719426  9
493337  10
332633  11
216818  12
148650  13
102224  14
71068  15
50458  16
36816  17
29166  18
21459  19
15428  20
11743  21
9942  22
7300  23
5577  24
3818  25
2390  26
1759  27
1201  28
902  29
571  30
269  31
250  32
206  33
90  34
77  35
212  36
197  37
295  38
212  39
176  40
97  41
114  42
183  43
109  44
79  45
54  46
48  47
30  48
106  49
73  50
32  51
21  52
22  53
7  54
94  55
54  56
85  57
74  58
37  59
13  60
9  61
84  62
67  63
41  64
38  65
27  66
16  67
18  68
10  69
7  70
5  71
2  72
1  73
1  74
2  77
65  78
46  79
18  80
10  81
16  82
18  83
16  84
15  85
9  86
4  87
3  88
1  89
1  90
1  91
2  94
3  95
1  96
1  97
1  98
1  105
