19114;27814;1.235
19582;27757;1.342
22724;27814;1.392
19582;22724;1.384
27841;52482;1.363
27757;27814;1.348
19169;26613;2.042
19582;27814;1.003
27841;27947;1.585
27814;27841;1.321
19169;27947;1.981
27765;27814;1.710
19169;52482;1.820
19169;27757;1.765
26613;27765;2.018
19169;22724;1.973
23487;27765;1.771
22724;23487;1.700
19169;27814;1.808
19582;23487;1.418
27814;52482;0.998
26613;27841;1.569
19114;23487;1.329
27814;27947;1.569
23487;27841;1.496
19114;27765;1.595
22724;27765;1.778
27757;27765;1.806
23487;26613;1.685
19582;27765;1.734
19114;27841;1.267
26613;52482;1.608
22724;27841;1.576
27757;27841;1.554
23487;52482;1.433
26613;27947;1.879
19582;27841;1.354
19114;19582;1.225
19114;26613;1.648
23487;27947;1.690
19169;23487;1.843
22724;26613;1.831
27765;27841;1.696
26613;27757;1.761
19169;27765;2.099
19582;26613;1.599
23487;27757;1.595
27947;52482;1.575
19114;19169;1.744
19114;52482;1.270
26613;27814;1.573
22724;52482;1.408
19114;27947;1.486
27757;52482;1.384
23487;27814;1.389
19169;27841;1.944
22724;27947;1.753
19582;52482;1.019
27757;27947;1.683
19114;27757;1.268
19582;27947;1.571
27765;52482;1.741
19114;22724;1.526
22724;27757;1.582
19169;19582;1.806
27765;27947;1.873
