198432;31479;1.671
15699;31577;1.704
12357;60917;1.220
16030;29119;2.356
15915;50046;1.762
12334;48569;1.685
12386;48569;1.579
201942;766;1.895
12541;3324;1.852
20815;31577;1.490
12430;13066;1.291
3324;50046;1.681
12430;198432;1.525
198934;48427;1.323
13041;31479;1.868
31479;8311;1.784
15954;43578;1.663
15732;198934;1.013
15450;15699;1.748
12715;3324;2.452
12430;43578;1.545
15732;60917;0.944
13041;198934;1.605
12430;39551;1.051
16206;39020;1.893
16030;51007;1.295
3352;59682;1.518
12386;12715;2.432
12334;12715;2.399
35699;59682;2.070
16371;3324;1.811
15919;31479;1.759
39551;57023;1.907
15915;15954;1.922
13041;60203;1.539
12540;8311;1.735
15450;6739;1.940
12479;15450;1.761
6739;8903;2.228
15915;29119;2.470
12541;8903;1.875
12541;35699;2.216
12540;15732;1.469
12334;49835;1.837
12386;49835;1.906
60171;60203;1.486
39551;50146;1.182
30892;3352;1.669
12956;3352;2.637
12540;15734;2.058
12357;198934;1.300
15915;15919;1.973
12541;57023;2.047
31577;59682;1.051
21057;31577;0.924
12541;13041;1.646
31577;6739;1.805
12715;8903;2.426
12541;50146;1.511
12430;50046;1.291
12946;59682;1.911
12715;21057;2.287
12956;48569;2.593
198934;24592;1.355
12321;60171;1.592
16371;8903;1.945
16030;16371;1.840
12924;35699;2.142
43578;49835;1.633
3324;51007;1.714
15915;60917;1.682
13041;43833;2.048
45037;48569;1.775
12924;13041;1.688
3324;60917;1.653
16371;31577;1.704
12540;201942;1.567
16030;201942;1.377
16030;16338;1.266
12321;39551;1.454
34977;766;1.928
12338;3324;1.808
12430;15954;1.727
15734;59682;1.738
12479;45037;2.008
16030;20815;1.649
12430;15915;1.869
12430;29119;2.431
51007;57023;1.875
48569;49835;1.492
12334;31479;1.965
12386;31479;1.945
39020;59682;1.649
29119;35699;2.515
30892;8311;1.851
12956;8311;2.628
12430;15919;1.417
35699;8311;2.233
198934;39020;1.613
15954;45037;1.824
15915;766;2.107
15915;16371;1.969
12956;49835;2.626
30892;60171;1.699
29119;57023;2.441
16206;766;2.118
12321;3324;1.847
31479;43578;1.705
12946;6739;2.213
12321;50046;1.375
2134;45037;2.529
12430;51007;1.327
15915;16338;1.762
13066;35699;2.070
12338;8903;2.016
30892;39551;1.546
15954;60917;1.474
12430;60917;1.292
13066;57023;1.860
12541;2134;2.460
15450;21057;1.388
12541;59682;1.480
15704;50146;1.989
13066;50146;1.219
12338;16206;1.872
198432;60171;1.579
15732;766;1.837
24592;39020;1.670
12321;8903;1.950
31479;50046;1.585
12321;15954;1.701
39551;766;1.915
12715;2134;2.704
12357;15450;1.463
60203;8903;1.760
43833;59682;1.842
13041;48569;1.553
12321;15915;1.744
12321;29119;2.386
50146;8903;1.686
16030;43578;1.424
12956;31479;2.687
12430;16371;1.693
198432;39551;1.407
16371;2134;2.477
12321;15919;1.630
12924;59682;1.408
35699;57023;2.166
15919;60171;1.534
15704;30892;2.146
12430;16338;1.291
16371;201942;1.669
12321;51007;1.408
3352;50146;1.561
15699;35699;2.322
60203;766;1.893
35699;50146;2.113
34977;48427;1.493
15699;766;2.064
51007;59682;0.962
20815;35699;2.205
15704;766;2.105
15699;57023;2.202
15450;15732;1.406
12715;31577;2.287
15450;15734;1.885
20815;57023;2.016
198432;50046;1.282
15919;39551;1.370
12946;35699;2.474
29119;59682;2.329
57023;60203;1.997
16338;30892;1.537
12946;57023;2.344
12479;48427;1.566
20815;50146;1.546
15699;198934;1.758
12357;45037;1.780
12946;50146;2.014
12321;12956;2.626
15732;198432;1.230
31479;60917;1.519
201942;60171;1.464
13041;198432;1.735
12338;2134;2.422
30892;51007;1.549
16206;24592;1.845
13066;59682;0.923
12540;21057;1.469
12321;16371;1.912
12479;12924;1.654
15450;3352;1.703
16030;3324;1.803
15919;50046;1.366
12321;12334;1.864
12386;766;2.068
2134;48427;2.358
198432;29119;2.355
15732;45037;1.765
12334;3324;1.946
21057;35699;2.036
15734;57023;2.309
201942;39551;1.175
12321;12338;1.716
12321;16338;1.374
21057;57023;1.760
12924;766;1.962
12357;198432;1.456
12334;766;2.122
12321;2134;2.411
39020;57023;1.978
31577;3352;1.477
12334;60171;1.668
12386;60171;1.703
15734;50146;1.856
12321;20815;1.743
12946;30892;2.011
21057;50146;1.251
43833;8903;2.061
39020;50146;1.774
198432;51007;1.316
12946;15704;2.292
16206;21057;1.667
15919;15954;1.731
43578;48569;1.434
15732;3352;1.477
12334;39551;1.729
12386;39551;1.389
16371;35699;2.258
16030;8903;1.908
15919;29119;2.369
15704;6739;2.019
59682;60171;1.410
15450;31577;1.387
16030;60917;1.190
12338;49835;1.808
12334;8903;2.119
43578;60171;1.442
201942;50046;1.152
16371;57023;2.048
2134;3324;2.461
24592;31577;1.304
16338;3324;1.680
34977;39020;1.878
15699;59682;1.713
16371;50146;1.708
15915;45037;2.117
15734;30892;1.997
12430;15450;1.545
15450;8311;1.658
20815;59682;1.466
12540;12541;1.742
3324;45037;2.051
24592;6739;1.907
15919;51007;1.377
12334;50046;1.659
12386;50046;1.555
12338;34977;1.502
43833;57023;2.178
48569;60171;1.446
12338;12946;1.871
31577;8311;1.364
12321;13066;1.374
12956;60171;2.606
43833;50146;1.893
201942;29119;2.358
12924;57023;1.930
2134;8903;2.578
16338;8903;1.750
15915;3352;1.953
12321;43578;1.623
12924;50146;1.392
45037;60171;1.796
15732;8311;1.372
12479;198934;1.608
12357;48427;1.250
2134;39020;2.493
198432;20815;1.633
12956;39551;2.608
12338;31479;1.840
20815;3352;1.783
12541;30892;1.783
12334;15954;1.941
12386;15954;1.895
60203;60917;1.273
21057;59682;1.051
15919;16371;1.691
12386;15915;1.978
12334;29119;2.463
12386;29119;2.505
12334;15915;2.041
201942;51007;1.183
12541;15704;2.081
198934;21057;1.014
12430;45037;1.810
12357;12924;1.364
12338;60203;1.627
12334;15919;1.793
12386;15919;1.660
12321;15450;1.623
15732;48427;1.271
48427;766;1.891
15919;16338;1.366
48569;50046;0.966
29119;50146;2.409
12540;31577;1.469
30892;43578;1.701
12924;30892;1.550
15919;20815;1.732
12956;50046;2.577
12334;51007;1.682
12386;51007;1.577
16030;2134;2.376
12357;16030;1.399
12357;12386;1.543
16371;59682;1.698
50046;59682;0.924
12924;15704;2.041
12334;2134;2.485
12386;6739;2.024
34977;8903;1.957
12541;16206;1.888
48569;766;1.859
45037;50046;1.753
15915;8311;1.835
12715;35699;2.431
12357;24592;1.498
12715;57023;2.450
12924;3352;1.344
12338;43833;1.947
15732;16030;1.205
12715;13041;2.432
20815;8311;1.789
29119;30892;2.413
16206;31577;1.667
12956;15954;2.669
12715;50146;2.326
12334;12956;2.641
12386;12956;2.641
30892;50046;1.537
198432;43578;1.615
16338;34977;1.409
15915;48427;1.713
12956;29119;2.825
12956;15915;2.675
13041;60171;1.727
50046;8311;1.481
35699;766;2.338
13041;13066;1.530
12334;16371;1.933
12386;16371;1.907
43833;766;2.107
201942;20815;1.495
15919;3352;1.551
12956;15919;2.629
21057;6739;1.806
15699;198432;1.842
16338;2134;2.352
3352;34977;1.663
16206;6739;2.168
13066;30892;1.537
48569;51007;0.965
45037;6739;2.156
201942;3352;1.515
15704;60203;1.917
12357;39020;1.735
12479;15699;1.981
13041;39551;1.479
12334;16338;1.659
12386;16338;1.554
12334;12338;1.574
13066;15704;1.910
12956;51007;2.592
16338;31479;1.585
12321;60917;1.265
15919;43578;1.542
12334;20815;1.964
12386;20815;1.857
31479;45037;1.908
60171;8311;1.632
31577;34977;1.365
15699;50146;1.741
45037;51007;1.773
39551;8311;1.507
12715;15704;2.499
50146;766;1.963
48427;6739;1.934
16338;60203;1.269
15732;39020;1.592
12924;8311;1.648
57023;6739;2.295
15704;16206;2.150
13041;50046;1.530
15954;48427;1.651
15450;35699;2.190
13066;16206;1.695
15704;43833;2.198
15704;3352;2.144
3352;60203;1.570
15450;57023;2.072
24592;35699;2.107
15919;8311;1.718
13041;6739;2.024
12956;16371;2.689
12338;48569;1.571
30892;60917;1.552
24592;57023;1.958
3352;6739;2.118
201942;43578;1.456
198934;31577;1.013
15450;50146;1.533
12430;12924;1.398
15699;30892;1.906
12715;59682;2.313
201942;8311;1.542
20815;30892;1.784
12479;16030;1.726
31577;60203;1.273
16338;43833;1.842
16030;45037;1.779
15699;15704;2.120
12956;16338;2.577
12386;13066;1.554
12334;13066;1.659
24592;3352;1.711
198432;201942;1.404
13041;15954;1.807
13041;29119;2.455
13041;15915;2.027
15915;39020;1.925
12956;20815;2.706
15954;16030;1.497
12338;12715;2.345
12386;43578;1.734
12334;43578;1.765
12479;24592;1.782
13041;15919;1.639
50146;57023;1.950
3352;43833;1.978
12321;201942;1.474
198432;60917;1.211
15954;24592;1.591
50046;57023;1.860
13041;51007;1.550
15704;8311;1.883
50046;50146;1.220
12479;198432;1.750
31577;43833;1.824
31479;3324;1.984
2134;24592;2.419
12541;34977;1.548
12334;15450;1.765
12386;15450;1.734
21057;30892;1.552
12946;16206;2.220
12541;12946;2.073
13041;766;1.980
766;8311;2.007
12479;39020;1.995
12479;21057;1.565
12357;15699;1.719
15919;60917;1.380
12540;3324;1.580
12540;35699;2.195
198934;6739;1.871
24592;8311;1.638
12946;3352;2.100
31479;48427;1.671
12956;13066;2.577
12540;57023;1.974
15954;39020;1.744
12540;13041;1.851
15450;59682;1.399
49835;6739;1.834
39551;60203;1.283
201942;45037;1.727
16371;30892;1.726
13041;16371;1.891
12540;50146;1.592
15734;16206;2.113
12956;43578;2.609
12386;3352;1.767
43578;50046;1.398
31479;8903;2.034
24592;59682;1.376
16338;48569;0.965
15699;6739;2.151
57023;60171;2.069
12541;60203;1.572
13041;16338;1.530
12540;8903;1.739
39020;766;2.039
16206;35699;2.357
15734;766;2.135
201942;60917;1.182
15704;49835;1.961
3352;48569;1.522
15954;201942;1.594
13041;20815;1.793
29119;34977;2.399
16206;57023;2.201
12956;15450;2.610
12479;15732;1.565
50146;59682;1.220
12479;15734;1.754
16206;50146;1.712
16030;48427;1.466
39551;43833;1.855
12334;201942;1.720
12479;12540;1.861
12479;12541;1.835
12946;8311;2.101
12540;15704;2.064
31577;48569;1.089
16338;49835;1.460
12334;60917;1.667
12386;60917;1.531
30892;3324;1.889
16206;3352;1.854
15704;34977;2.055
12956;3324;2.705
60917;6739;1.805
13066;34977;1.409
12541;43833;1.991
12386;8311;1.602
12956;201942;2.628
51007;60203;1.297
43578;51007;1.432
3352;49835;1.839
35699;49835;2.098
59682;60917;1.051
29119;60203;2.381
12946;201942;1.985
43578;60917;1.387
3324;766;2.104
12924;16206;1.752
15732;24592;1.319
15704;31479;2.028
12540;59682;1.552
12321;45037;1.935
31479;39020;1.775
3324;48427;1.543
30892;8903;1.914
15450;198934;1.462
12956;8903;2.780
35699;8903;2.240
31577;49835;1.436
16030;24592;1.302
13041;43578;1.664
12357;21057;1.221
13066;60203;1.269
198934;35699;2.046
13041;3352;1.792
15732;201942;1.199
48569;60917;1.089
198934;57023;1.771
3324;6739;2.181
16206;8311;1.880
12715;30892;2.345
12479;31577;1.565
12430;15699;1.806
16338;766;1.845
15699;34977;1.846
12956;60917;2.589
12540;2134;2.440
29119;43833;2.439
15915;16030;1.840
20815;34977;1.769
198934;50146;1.323
16206;59682;1.696
15734;198934;1.820
15732;21057;0.945
49835;57023;1.970
39551;48569;1.204
30892;45037;1.861
15954;31577;1.474
13041;15450;1.665
12946;34977;1.925
45037;60917;1.758
12357;201942;1.158
31479;766;2.022
12430;201942;1.240
15915;24592;1.916
15734;49835;1.948
49835;50146;1.644
16030;39020;1.577
12430;48427;1.313
12541;48569;1.518
2134;31577;2.341
34977;59682;1.409
13066;43833;1.842
35699;60203;2.207
29119;6739;2.498
24592;766;1.918
50046;766;1.846
12715;16206;2.459
12479;6739;2.022
12357;15732;1.241
15704;198934;1.891
12338;60171;1.502
12357;15734;1.846
12946;31479;2.169
12338;13066;1.535
15734;34977;1.883
15699;60203;1.759
24592;50146;1.572
198432;45037;1.902
13041;8311;1.784
12357;12540;1.618
12357;12541;1.518
48427;59682;1.269
39551;49835;1.619
21057;34977;1.365
20815;60203;1.603
12541;12715;2.372
3352;8311;1.769
15915;21057;1.682
12946;60203;1.982
12321;15699;1.900
60171;766;1.928
12338;39551;1.570
12430;16030;1.521
15732;15734;1.769
12541;49835;1.785
3324;39020;1.868
13041;45037;1.910
16206;198934;1.720
15954;766;1.953
35699;43833;2.326
12956;2134;2.852
15734;31479;2.065
15450;30892;1.701
12430;24592;1.618
15919;45037;1.833
15699;16206;1.668
16371;34977;1.669
15919;198934;1.407
12321;48427;1.533
29119;48569;2.351
24592;30892;1.739
15450;15704;1.987
198934;59682;1.139
15699;43833;1.915
15734;60203;1.684
13041;60917;1.556
20815;43833;1.857
12924;49835;1.724
12715;766;2.427
12338;50046;1.536
21057;60203;1.273
39020;60203;1.802
12946;43833;2.214
12321;12924;1.621
60171;60917;1.365
49835;59682;1.460
15704;48569;1.920
13066;48569;0.965
15954;21057;1.474
15704;60171;2.056
15450;16206;1.839
12430;21057;1.292
12357;31577;1.220
12430;39020;1.854
12924;34977;1.621
15450;3324;1.836
12541;31479;1.799
12321;16030;1.469
12321;12386;1.685
30892;48427;1.462
12924;12946;2.088
29119;49835;2.366
12338;15954;1.833
16371;60203;1.693
12386;198934;1.594
12338;15915;1.924
12338;29119;2.445
15734;43833;2.206
12321;24592;1.557
31577;3324;1.653
21057;43833;1.824
16338;60171;1.409
15732;31577;0.944
12338;15919;1.650
39020;43833;2.005
12334;45037;2.017
12386;45037;1.986
13066;49835;1.460
12924;31479;1.768
35699;48569;2.081
43833;60203;1.893
3352;766;2.025
12338;51007;1.568
3352;60171;1.664
16338;39551;1.165
15732;3324;1.673
15450;8903;1.957
198432;48427;1.412
12540;30892;1.822
12430;6739;1.997
34977;35699;2.251
12924;60203;1.387
21057;3352;1.477
15699;48569;1.748
12430;15732;1.313
16371;43833;1.912
34977;57023;2.075
12430;15734;1.925
20815;48569;1.503
15450;198432;1.622
43578;45037;1.635
31577;8903;1.744
12321;39020;1.808
3352;39551;1.492
198432;6739;1.803
12430;12540;1.668
31577;60171;1.365
12946;48569;1.939
12430;12541;1.360
34977;50146;1.518
29119;31479;2.418
12479;35699;2.323
15915;31577;1.682
12479;57023;2.149
12338;12956;2.623
16338;50046;0.923
12715;34977;2.357
15919;48427;1.364
12479;13041;1.740
48427;57023;1.852
15732;8903;1.745
12715;12946;2.446
21057;766;1.838
12338;16371;1.821
12430;766;1.990
31577;39551;1.167
16206;30892;1.912
12540;16206;1.627
48427;50146;1.267
15734;198432;1.810
13066;31479;1.585
12924;43833;1.880
59682;6739;1.800
15699;49835;1.880
2134;35699;2.666
15915;3324;1.840
12956;45037;2.699
15734;48569;1.768
20815;49835;1.768
198934;201942;1.262
198432;24592;1.544
12338;16338;1.535
30892;39020;1.909
2134;57023;2.594
12541;198934;1.473
12321;766;1.912
21057;48569;1.089
15954;6739;2.008
39020;48569;1.677
12946;49835;2.063
20815;3324;1.565
12338;20815;1.826
21057;8311;1.364
2134;50146;2.384
16338;29119;2.328
13041;201942;1.572
12479;3352;1.797
12321;15732;1.286
31577;50046;1.051
15919;16030;1.528
12321;15734;1.866
45037;8311;1.942
201942;48427;1.213
12715;60203;2.341
12334;15699;2.020
12386;15699;1.988
15704;198432;1.974
12430;31577;1.292
15919;24592;1.562
15915;8903;2.027
16371;48569;1.726
39551;60171;1.430
198432;39020;1.699
16338;51007;0.962
15450;2134;2.418
16030;21057;1.190
57023;60917;1.760
48427;8311;1.563
21057;49835;1.436
20815;8903;1.708
12334;48427;1.722
12386;48427;1.598
39020;49835;1.688
15699;31479;1.956
57023;8311;1.992
16206;198432;1.806
12541;60171;1.549
15450;34977;1.442
20815;31479;1.861
50046;8903;1.750
3352;51007;1.522
43833;48569;1.851
24592;34977;1.594
198934;30892;1.556
12924;3324;1.747
12715;43833;2.418
12334;12924;1.849
12386;12924;1.644
15919;198432;1.624
12479;59682;1.575
15919;39020;1.877
12924;48569;1.415
12541;39551;1.298
12479;8311;1.695
201942;24592;1.482
16371;49835;1.939
15732;2134;2.345
12338;43578;1.610
15954;59682;1.528
31577;51007;1.086
198432;766;1.967
16338;16371;1.698
198934;3352;1.483
15919;3324;1.821
12956;15699;2.714
12334;16030;1.795
12386;16030;1.727
12334;12386;1.986
12357;35699;2.114
15919;766;1.926
60171;8903;1.957
39551;50046;1.165
12357;57023;1.907
2134;59682;2.352
39551;8903;1.684
201942;3324;1.682
12357;13041;1.503
15450;60203;1.493
12924;8903;1.654
12334;24592;1.836
12386;24592;1.809
43833;49835;2.030
39020;6739;2.048
21057;31479;1.519
12357;50146;1.247
51007;60171;1.443
12541;50046;1.481
12338;15450;1.611
16338;20815;1.466
24592;60203;1.563
15732;35699;2.035
15699;3352;1.907
12956;48427;2.591
6739;766;2.141
15734;6739;2.049
12386;198432;1.733
29119;60171;2.400
201942;39020;1.695
201942;21057;1.182
15732;57023;1.765
13066;198934;1.139
31479;31577;1.519
16338;198934;1.139
15919;8903;1.845
45037;48427;1.780
15732;50146;1.257
15915;2134;2.458
13066;6739;1.800
201942;8903;1.639
16371;31479;1.965
15704;3324;2.170
13066;60171;1.409
50146;60203;1.307
12540;34977;1.768
12430;3352;1.567
12334;39020;2.037
12386;39020;2.029
20815;2134;2.436
15450;43833;1.925
198934;8311;1.426
12715;48569;2.322
12540;12946;2.168
12956;16030;2.617
50046;60203;1.269
24592;43833;1.961
15704;43578;1.982
39551;51007;1.201
198432;3352;1.677
15704;39551;1.969
13066;39551;1.165
49835;8311;1.709
15915;35699;2.305
12338;45037;1.910
24592;3324;1.860
12956;24592;2.622
15915;57023;2.109
49835;766;1.978
3324;35699;2.350
15699;8311;1.926
12541;51007;1.515
16030;31577;1.190
12357;766;1.829
16338;43578;1.398
15704;8903;2.234
13041;15699;1.917
16206;34977;1.816
35699;60171;2.251
12357;59682;1.189
12715;49835;2.413
12540;60203;1.632
12338;60917;1.500
15704;50046;1.910
766;8903;2.242
13066;50046;0.923
12334;15732;1.677
12386;15732;1.542
3352;43578;1.703
15699;60171;1.846
12924;2134;2.428
12334;15734;1.949
12386;15734;1.920
12321;21057;1.265
12430;8311;1.619
35699;39551;2.124
24592;8903;1.991
15699;201942;1.715
13041;48427;1.595
12541;198432;1.591
12541;12956;2.655
20815;60171;1.769
12956;39020;2.749
15732;59682;1.072
12357;12430;1.227
3324;3352;1.866
12946;60171;1.926
12541;16371;1.859
60917;8311;1.364
12946;13066;1.911
12357;6739;1.942
198432;8311;1.532
31577;43578;1.387
15954;35699;2.081
12430;35699;2.149
15919;2134;2.436
15704;15954;2.019
12479;50146;1.626
20815;39551;1.523
15954;57023;1.957
15450;48569;1.435
12946;3324;2.154
12430;57023;1.967
16206;60203;1.722
15704;29119;2.524
15704;15915;2.069
12357;12479;1.585
12541;16338;1.480
12540;43833;1.871
12430;13041;1.506
12338;766;2.018
201942;2134;2.377
12946;39551;1.984
12924;198934;1.382
3352;50046;1.518
24592;48569;1.407
35699;50046;2.070
15954;50146;1.695
15704;15919;2.069
12541;20815;1.778
12386;3324;1.950
13041;16030;1.651
15734;60171;1.884
12715;31479;2.394
59682;8311;1.481
29119;3352;2.446
201942;31577;1.182
51007;6739;1.832
43578;6739;1.939
21057;60171;1.366
39020;60171;1.867
15704;51007;1.919
13066;51007;0.962
20815;50046;1.466
13041;24592;1.726
12956;15732;2.597
198934;34977;1.441
15915;59682;1.762
12479;30892;1.718
16338;45037;1.752
15704;60917;1.867
12956;15734;2.636
12946;8903;2.320
12321;12540;1.722
15734;39551;1.839
12946;50046;1.911
12321;12541;1.633
15450;49835;1.634
3324;59682;1.681
16206;43833;1.851
12479;15704;2.026
3324;8311;1.884
21057;39551;1.167
39020;39551;1.753
15954;30892;1.752
15704;2134;2.443
24592;49835;1.532
198432;21057;1.211
12386;8903;1.928
16371;60171;1.669
16338;60917;1.051
2134;30892;2.472
16206;3324;1.626
39551;43578;1.454
12541;13066;1.480
15704;16371;2.160
15734;50046;1.738
13066;16371;1.698
13041;39020;1.926
13041;21057;1.557
12946;15954;2.123
35699;51007;2.079
16371;39551;1.659
12946;29119;2.498
12946;15915;2.156
21057;50046;1.051
39020;50046;1.649
3352;60917;1.477
29119;8311;2.457
198934;60203;1.352
12541;43578;1.583
43833;60171;1.912
31479;35699;2.121
15919;21057;1.380
12946;15919;2.028
12540;48569;1.567
43578;48427;1.521
15915;198934;1.724
15704;16338;1.910
15699;51007;1.746
13066;16338;0.923
31479;57023;2.009
13066;198432;1.282
12430;59682;1.291
12479;201942;1.602
12924;60171;1.621
49835;60203;1.675
20815;51007;1.500
15704;20815;2.066
12924;13066;1.408
16338;198432;1.282
15450;31479;1.706
13066;20815;1.466
16206;8903;1.867
31577;60917;0.923
12946;51007;1.937
15734;15954;2.051
12321;31577;1.265
24592;31479;1.552
16371;50046;1.698
15734;29119;2.481
15734;15915;2.120
13041;3324;1.926
12924;39551;1.348
12540;12715;2.400
21057;29119;2.339
15734;15919;1.932
198934;43833;1.845
16206;48569;1.709
13041;15732;1.564
12540;49835;1.781
13041;15734;1.964
12946;2134;2.530
12541;6739;2.020
12430;12479;1.669
43833;50046;1.842
16030;35699;2.035
15734;51007;1.766
12946;12956;2.688
29119;43578;2.361
21057;51007;1.087
16030;57023;1.882
39020;51007;1.675
12946;16371;2.076
30892;31577;1.552
29119;39551;2.396
12924;50046;1.408
12386;2134;2.435
13041;8903;1.944
12715;6739;2.531
12541;15954;1.786
39551;45037;1.753
16030;50146;1.472
12334;21057;1.667
12386;21057;1.531
12357;30892;1.494
12541;29119;2.478
12541;15915;1.914
3352;8903;1.923
15699;20815;1.578
12946;16338;1.911
12357;15704;1.959
12541;15919;1.634
16206;49835;1.925
13066;43578;1.398
12715;60171;2.357
12946;20815;2.159
48569;6739;1.833
16371;51007;1.725
12541;766;2.015
39551;60917;1.167
15734;16371;2.152
15732;30892;1.552
29119;50046;2.328
12924;15954;1.694
31479;59682;1.585
198432;31577;1.211
12924;29119;2.408
12924;15915;1.834
12540;31479;1.874
12715;39551;2.327
3324;57023;2.164
15915;50146;1.834
12541;60917;1.397
12924;15919;1.474
12357;16206;1.735
15734;16338;1.738
12956;766;2.694
43833;51007;1.850
3324;50146;1.710
198934;48569;1.154
15734;20815;2.039
13041;31577;1.556
12924;198432;1.553
35699;43578;2.191
201942;35699;2.023
15954;3352;1.806
12924;51007;1.413
15919;31577;1.380
15732;16206;1.667
12956;21057;2.589
12334;12540;1.961
12386;12540;1.871
12715;50046;2.313
12334;12541;1.827
12386;12541;1.605
16206;31479;1.953
15699;43578;1.752
15915;30892;1.985
15699;39551;1.710
12479;34977;1.755
20815;43578;1.761
16030;59682;1.266
12479;12946;2.092
13066;15954;1.528
12946;43578;2.013
16371;20815;1.814
13066;29119;2.328
13066;15915;1.762
12321;6739;1.839
51007;60917;1.086
29119;51007;2.350
12924;12956;2.644
198934;49835;1.490
15450;60171;1.443
12321;12357;1.525
13041;2134;2.418
12430;50146;1.237
15704;45037;2.169
13066;15919;1.366
50146;6739;1.962
29119;60917;2.339
12924;16371;1.710
12715;15954;2.394
24592;60171;1.595
12715;29119;2.593
12715;15915;2.402
34977;60203;1.485
2134;34977;2.415
198934;766;1.839
15699;50046;1.713
15450;39551;1.455
12715;15919;2.375
12338;15699;1.884
12946;15450;2.014
15954;8311;1.756
12924;16338;1.408
16206;201942;1.696
15734;43578;1.886
24592;39551;1.511
13066;60917;1.051
12479;60203;1.324
21057;43578;1.387
12924;20815;1.579
39020;43578;1.775
48427;60203;1.273
12715;51007;2.322
50146;60171;1.518
15919;201942;1.388
12334;31577;1.667
12386;31577;1.531
12430;30892;1.585
15915;198432;1.800
12338;48427;1.554
12321;35699;2.205
3352;45037;1.953
21057;3324;1.653
12430;15704;2.056
50046;60171;1.410
35699;45037;2.224
15699;15954;1.913
15450;50046;1.399
12321;57023;1.960
34977;43833;1.911
15699;29119;2.478
15699;15915;1.889
198934;31479;1.582
12321;13041;1.783
2134;60203;2.334
20815;29119;2.433
12338;12924;1.726
201942;59682;1.152
16371;43578;1.801
15699;15919;1.867
12321;50146;1.540
12479;16206;1.928
31577;45037;1.758
12715;12956;2.847
15734;3352;2.011
12479;43833;2.058
35699;60917;2.036
15954;16206;1.970
12946;45037;2.213
12715;16371;2.410
12338;16030;1.651
12338;12386;1.851
21057;8903;1.744
15450;15954;1.662
12540;60171;1.768
30892;35699;2.214
16030;198934;1.250
15699;60917;1.704
15450;15915;1.951
13066;3352;1.518
45037;8903;2.071
31479;50146;1.687
30892;57023;2.049
20815;60917;1.490
12715;16338;2.313
15450;15919;1.543
12338;24592;1.700
2134;43833;2.525
12924;43578;1.624
12541;15450;1.584
12956;31577;2.589
12946;60917;1.916
12357;34977;1.470
43833;6739;2.273
12715;20815;2.408
12540;39551;1.562
12357;12946;1.923
12479;3324;1.953
12321;15704;1.906
15734;45037;2.136
16030;6739;1.835
15450;51007;1.432
48427;8903;1.596
45037;766;1.941
39020;45037;1.976
12334;6739;2.120
39020;8311;1.821
15699;16371;1.924
24592;51007;1.404
198432;35699;2.093
16206;60171;1.816
57023;8903;2.162
15732;34977;1.383
12924;15450;1.624
198432;57023;1.853
15734;8311;1.855
34977;48569;1.446
15734;60917;1.757
16371;29119;2.425
12540;50046;1.552
12338;21057;1.500
12338;39020;1.918
15699;16338;1.713
21057;60917;0.924
198432;50146;1.457
16338;48427;1.269
48569;59682;0.965
39020;60917;1.578
16206;39551;1.695
13041;35699;2.252
12321;59682;1.375
12479;8903;1.961
13066;8311;1.481
12357;60203;1.284
16371;6739;2.220
12479;48569;1.590
50146;51007;1.242
15919;35699;2.221
15450;16371;1.801
12541;45037;1.865
12338;198934;1.575
48427;48569;1.306
12715;13066;2.313
3352;48427;1.507
2134;6739;2.498
51007;766;1.858
15919;57023;2.034
50046;51007;0.963
45037;59682;1.753
16338;6739;1.800
15450;201942;1.456
12321;12430;1.567
12715;198934;2.299
12540;15954;1.802
16371;60917;1.704
15732;60203;1.285
12715;43578;2.364
12357;3352;1.530
43833;45037;2.040
15919;50146;1.446
15450;16338;1.399
12540;29119;2.464
12540;15915;1.756
34977;49835;1.742
16206;50046;1.696
15915;34977;1.893
48569;8311;1.506
12334;12357;1.727
2134;48569;2.362
21057;2134;2.341
198934;3324;1.699
16030;30892;1.687
12479;12715;2.391
31577;48427;1.251
16371;198934;1.739
15450;20815;1.761
12540;15919;1.775
30892;59682;1.537
13066;15450;1.399
12924;45037;1.833
12321;12479;1.696
16206;2134;2.504
12357;43833;1.833
12338;15732;1.521
12479;49835;1.885
12338;15734;1.923
16338;24592;1.376
43833;60917;1.824
48427;49835;1.599
15734;201942;1.841
12715;15450;2.365
12540;51007;1.564
198934;60171;1.442
15699;3324;1.617
201942;57023;1.864
12924;60917;1.379
12338;6739;2.089
15732;43833;1.824
49835;60171;1.727
29119;45037;2.438
201942;50146;1.161
198934;8903;1.786
16030;16206;1.807
2134;49835;2.444
198934;39551;1.249
198432;59682;1.283
15915;60203;1.830
12334;35699;2.330
12386;35699;2.333
12334;57023;2.206
12386;57023;2.140
12357;8311;1.610
49835;8903;1.989
15954;34977;1.752
15704;201942;1.959
12540;12956;2.713
16338;39020;1.649
12334;13041;1.944
12386;13041;1.633
12430;3324;1.757
12430;12946;2.048
60203;6739;1.877
16206;51007;1.707
15699;8903;1.888
13066;45037;1.752
13041;59682;1.530
12540;16371;1.846
12334;50146;1.755
12386;50146;1.571
12479;2134;2.428
198432;3324;1.791
15450;43578;1.243
12479;31479;1.908
3352;39020;1.953
201942;30892;1.524
198934;50046;1.139
15919;59682;1.366
39551;48427;1.244
15915;16206;1.922
43578;57023;2.072
24592;43578;1.505
12540;16338;1.552
15954;31479;1.732
15915;43833;1.968
51007;8311;1.504
43578;8311;1.657
12540;20815;1.427
12338;31577;1.500
49835;50046;1.460
12541;48427;1.530
12357;48569;1.228
3324;43833;1.888
12430;8903;1.703
31577;39020;1.578
2134;31479;2.481
15954;60203;1.693
12430;60203;1.341
16206;16371;1.941
12715;60917;2.287
60917;8903;1.744
16030;198432;1.446
48569;57023;1.876
198432;8903;1.841
12956;35699;2.829
12541;12924;1.619
12334;15704;2.221
12386;15704;2.059
15732;48569;1.089
12956;57023;2.838
24592;50046;1.377
48569;50146;1.245
16206;16338;1.695
12956;13041;2.632
12357;12715;2.344
15699;45037;1.957
12956;50146;2.634
20815;45037;1.978
16206;20815;1.621
45037;57023;2.186
12541;16030;1.617
12357;49835;1.601
198934;2134;2.367
12430;16206;1.795
12541;3352;1.712
59682;8903;1.751
198934;51007;1.151
45037;50146;1.791
15954;43833;1.999
12540;198934;1.503
12386;201942;1.569
12430;43833;1.930
12540;13066;1.552
12334;59682;1.659
12386;59682;1.555
31479;34977;1.770
15450;29119;2.356
12541;24592;1.686
29119;48427;2.319
49835;51007;1.489
24592;29119;2.370
12715;3352;2.408
15732;49835;1.452
12540;43578;1.790
12321;30892;1.793
15699;2134;2.451
30892;50146;1.545
29119;3324;2.495
3324;8903;1.872
16371;3352;1.845
15915;48569;1.793
12334;12430;1.819
12386;12430;1.402
43578;59682;1.398
12956;15704;2.702
59682;766;1.846
21057;45037;1.758
15704;48427;1.938
13066;48427;1.269
12338;198432;1.683
15450;60917;1.387
12541;39020;1.906
12540;15450;1.791
12334;12479;1.977
12386;12479;1.670
16338;31577;1.051
24592;60917;1.304
12715;198432;2.350
12357;31479;1.666
31479;60203;1.731
6739;8311;1.850
16206;43578;1.839
16030;34977;1.536
12541;8311;1.658
12321;16206;1.854
29119;8903;2.562
34977;60171;1.239
16371;198432;1.824
198432;2134;2.407
16371;45037;1.954
198934;20815;1.545
15915;49835;1.939
13041;57023;2.142
12956;59682;2.577
15732;31479;1.535
15704;16030;1.866
12715;8311;2.394
3324;49835;1.924
13066;16030;1.266
13041;50146;1.614
12479;60171;1.755
8311;8903;1.949
50146;60917;1.250
35699;48427;2.093
34977;39551;1.430
15954;48569;1.551
12338;3352;1.752
48427;60171;1.493
16371;8311;1.922
12946;15699;2.220
15704;24592;1.934
57023;59682;1.860
50046;60917;1.051
31479;6739;2.020
13066;24592;1.376
12541;201942;1.475
31479;43833;2.048
198432;30892;1.731
15699;48427;1.591
3324;34977;1.704
20815;48427;1.392
16030;60203;1.475
12540;6739;2.096
12321;3352;1.704
2134;60171;2.415
12946;48427;1.989
12430;12715;2.349
57023;766;2.221
34977;50046;1.410
13041;30892;1.770
12338;12540;1.834
12338;12541;1.675
15954;49835;1.671
15915;31479;2.013
13041;15704;2.054
12430;49835;1.722
2134;39551;2.378
12540;60917;1.469
15919;30892;1.519
15704;39020;1.997
15704;21057;1.867
16206;29119;2.477
13066;39020;1.649
34977;6739;2.007
198934;43578;1.461
12338;35699;2.273
48427;50046;1.270
15734;48427;1.867
12338;8311;1.778
16030;43833;1.932
12338;13041;1.817
3324;60203;1.727
21057;48427;1.251
12946;16030;2.016
39020;48427;1.664
12430;34977;1.525
20815;766;2.032
16338;21057;1.051
2134;50046;2.352
12946;24592;2.052
12541;15699;1.906
12321;8311;1.497
16206;60917;1.667
12946;766;2.144
198432;198934;1.287
15919;16206;1.741
60203;8311;1.405
50146;8311;1.566
35699;39020;2.136
31479;48569;1.615
30892;6739;2.165
12956;6739;2.655
12715;45037;2.393
43578;766;1.774
35699;6739;2.382
34977;51007;1.443
16371;48427;1.562
15734;16030;1.907
15704;15732;1.867
12430;31479;1.763
15704;15734;2.150
12321;198934;1.339
43578;50146;1.533
12924;15699;1.790
12479;51007;1.588
20815;39020;1.703
15734;24592;1.952
12334;30892;1.773
12386;30892;1.833
12357;60171;1.470
48427;51007;1.303
12540;198432;1.610
21057;24592;1.304
12946;39020;2.239
43833;48427;1.709
13066;201942;1.152
198934;29119;2.360
15954;3324;1.946
16338;201942;1.152
12321;34977;1.592
2134;766;2.513
31479;49835;1.694
12924;48427;1.280
12321;12946;1.975
12357;39551;1.197
15732;60171;1.383
2134;51007;2.362
16030;48569;1.298
16030;3352;1.664
12479;12956;2.641
12334;3352;1.880
16371;24592;1.888
12338;59682;1.536
15734;39020;2.160
15734;21057;1.758
12334;16206;2.018
12386;16206;1.961
15732;39551;1.188
21057;39020;1.579
198934;60917;1.013
15954;8903;2.016
13066;15699;1.713
12357;50046;1.190
30892;34977;1.699
15450;45037;1.635
12946;15732;1.931
12924;16030;1.570
12321;60203;1.514
49835;60917;1.436
15704;31577;1.867
12956;30892;2.687
12946;15734;2.072
24592;45037;1.842
12479;20815;1.845
12715;15699;2.461
16030;49835;1.435
15954;198934;1.503
3324;48569;1.717
2134;3352;2.465
15915;60171;1.894
12924;24592;1.653
43833;8311;2.009
16371;39020;1.938
15732;50046;1.072
16338;3352;1.518
60917;766;1.838
12541;21057;1.398
12334;198934;1.710
16030;8311;1.548
12430;2134;2.440
12715;48427;2.289
12334;8311;1.919
198432;34977;1.579
15915;39551;1.773
30892;60203;1.522
12956;16206;2.695
12321;43833;1.992
12956;198934;2.617
12715;12924;2.358
31577;766;1.838
12924;39020;1.809
12924;21057;1.379
34977;43578;1.441
12357;51007;1.225
12946;198934;1.956
15734;3324;2.125
12479;13066;1.574
12924;201942;1.330
12430;48569;1.330
16371;766;2.044
16030;31479;1.552
15919;34977;1.534
12338;12357;1.565
15954;60171;1.752
12715;16030;2.360
12430;60171;1.525
2134;8311;2.390
12479;43578;1.760
16338;59682;0.923
16338;8311;1.481
13066;3324;1.680
12946;31577;1.916
12541;15732;1.418
12479;39551;1.613
198432;60203;1.508
15732;51007;1.086
12541;15734;1.960
12540;45037;2.011
30892;43833;1.930
201942;49835;1.566
29119;39020;2.451
15954;2134;2.434
12715;24592;2.388
39020;8903;1.966
13066;766;1.845
12357;12956;2.609
15954;39551;1.629
15734;8903;2.199
12357;16371;1.586
2134;43578;2.421
12924;15732;1.379
201942;34977;1.464
15734;31577;1.757
15450;48427;1.521
13066;21057;1.051
12924;15734;1.959
12479;50046;1.574
15919;60203;1.402
12430;198934;1.373
15699;16030;1.763
13066;8903;1.750
12357;16338;1.189
24592;48427;1.544
198432;43833;1.931
16206;45037;2.077
15732;16371;1.719
12338;57023;2.122
15954;50046;1.528
12357;20815;1.536
12321;48569;1.410
12715;39020;2.455
29119;766;2.425
12321;198432;1.508
34977;8311;1.632
15915;51007;1.791
15699;24592;1.837
12338;50146;1.605
13041;16206;1.935
12540;766;2.053
12334;34977;1.667
12386;34977;1.702
20815;24592;1.743
15732;6739;1.825
15732;16338;1.072
12334;12946;1.878
12386;12946;2.133
34977;45037;1.795
201942;31479;1.552
15915;201942;1.805
12479;15954;1.897
48569;8903;1.762
15732;20815;1.511
12479;15915;1.991
12479;29119;2.441
15450;16030;1.424
12321;12715;2.320
15919;43833;1.805
201942;60203;1.293
12541;31577;1.397
12479;15919;1.636
15954;29119;2.391
12357;3324;1.707
31479;60171;1.770
13066;15732;1.072
34977;60917;1.365
30892;48569;1.552
15450;24592;1.507
12321;49835;1.690
13066;15734;1.738
15699;39020;1.811
15699;21057;1.704
12338;30892;1.658
12540;15699;1.622
30892;766;2.002
2134;29119;2.741
20815;21057;1.490
12715;15732;2.287
12338;15704;2.111
12357;13066;1.189
12334;60203;1.789
12386;60203;1.388
31479;39551;1.673
12946;21057;1.916
12715;15734;2.452
12479;60917;1.565
12924;31577;1.379
45037;49835;1.908
15954;51007;1.549
48427;60917;1.251
15704;35699;2.341
39551;59682;1.165
15915;6739;2.099
12357;43578;1.463
15734;2134;2.494
15704;57023;2.215
12540;48427;1.457
201942;43833;1.848
15915;20815;1.795
12956;34977;2.606
12357;8903;1.724
198934;45037;1.784
198432;48569;1.318
59682;60203;1.269
20815;6739;2.077
15450;39020;1.778
30892;49835;1.843
15450;766;1.774
43578;60203;1.493
15954;198432;1.658
2134;60917;2.341
13066;2134;2.352
16338;35699;2.070
16030;60171;1.536
12540;12924;1.622
15732;43578;1.405
12479;16371;1.911
50046;6739;1.801
29119;31577;2.339
16338;57023;1.860
12430;12956;2.635
15699;15732;1.724
12338;201942;1.569
12321;31479;1.736
12334;43833;2.054
12386;43833;2.080
12479;766;1.997
12334;198432;1.718
15699;15734;2.136
15954;16371;1.909
16338;50146;1.219
3352;35699;2.249
16030;39551;1.412
12479;16338;1.574
51007;8903;1.761
43578;8903;1.956
16206;48427;1.545
15919;48569;1.380
12715;201942;2.277
12540;16030;1.663
48569;60203;1.300
12338;12430;1.662
3352;57023;2.084
13066;31577;1.051
198432;49835;1.446
12956;60203;2.576
15954;16338;1.528
12956;198432;2.608
60171;6739;2.007
43578;43833;1.924
12540;24592;1.759
16371;21057;1.704
39551;6739;1.901
31577;35699;2.036
15954;20815;1.800
12430;20815;1.621
12338;12479;1.834
12946;198432;1.970
45037;60203;1.806
3324;60171;1.705
12924;6739;2.026
31577;57023;1.760
16030;766;1.865
12357;15954;1.609
31479;3352;1.847
30892;31479;1.871
13041;49835;1.810
16030;50046;1.266
15915;43578;1.948
12357;15915;1.832
12357;29119;2.379
31577;50146;1.250
3324;43578;1.836
12946;13041;2.119
12357;15919;1.355
15919;49835;1.744
12540;3352;1.787
3324;39551;1.661
31479;51007;1.612
201942;48569;1.186
15919;6739;2.042
15732;15954;1.483
12956;43833;2.719
15704;59682;1.910
15732;29119;2.350
15732;15915;1.696
13041;34977;1.727
12540;39020;1.714
201942;6739;1.913
12357;2134;2.368
15734;35699;2.431
15732;15919;1.380
