198432;31479;1.384
15699;31577;1.447
12357;60917;1.220
16030;29119;1.512
15915;50046;1.439
12334;48569;1.423
12386;48569;1.413
201942;766;1.448
12541;3324;1.479
20815;31577;1.398
12430;13066;1.241
3324;50046;1.443
12430;198432;1.347
198934;48427;1.261
13041;31479;1.481
31479;8311;1.455
15954;43578;1.472
15732;198934;1.013
15450;15699;1.490
12715;3324;1.542
12430;43578;1.389
15732;60917;0.944
13041;198934;1.426
12430;39551;1.039
16206;39020;1.496
16030;51007;1.238
3352;59682;1.403
12386;12715;1.524
12334;12715;1.516
35699;59682;1.441
16371;3324;1.488
15919;31479;1.436
39551;57023;1.400
15915;15954;1.477
13041;60203;1.438
12540;8311;1.488
15450;6739;1.491
12479;15450;1.431
6739;8903;1.540
15915;29119;1.526
12541;8903;1.523
12541;35699;1.508
12540;15732;1.401
12334;49835;1.460
12386;49835;1.476
60171;60203;1.368
39551;50146;1.152
30892;3352;1.433
12956;3352;1.520
12540;15734;1.514
12357;198934;1.238
15915;15919;1.475
12541;57023;1.486
31577;59682;1.051
21057;31577;0.924
12541;13041;1.456
31577;6739;1.436
12715;8903;1.547
12541;50146;1.392
12430;50046;1.241
12946;59682;1.468
12715;21057;1.507
12956;48569;1.513
198934;24592;1.251
12321;60171;1.439
16371;8903;1.512
16030;16371;1.442
12924;35699;1.481
43578;49835;1.456
3324;51007;1.446
15915;60917;1.427
13041;43833;1.509
45037;48569;1.462
12924;13041;1.471
3324;60917;1.424
16371;31577;1.404
12540;201942;1.401
16030;201942;1.296
16030;16338;1.230
12321;39551;1.355
34977;766;1.455
12338;3324;1.473
12430;15954;1.426
15734;59682;1.427
12479;45037;1.479
16030;20815;1.446
12430;15915;1.449
12430;29119;1.512
51007;57023;1.368
48569;49835;1.332
12334;31479;1.484
12386;31479;1.490
39020;59682;1.400
29119;35699;1.523
30892;8311;1.474
12956;8311;1.524
12430;15919;1.302
35699;8311;1.496
198934;39020;1.380
15954;45037;1.490
15915;766;1.510
15915;16371;1.483
12956;49835;1.521
30892;60171;1.410
29119;57023;1.516
16206;766;1.520
12321;3324;1.481
31479;43578;1.477
12946;6739;1.507
12321;50046;1.317
2134;45037;1.536
12430;51007;1.251
15915;16338;1.439
13066;35699;1.441
12338;8903;1.529
30892;39551;1.358
15954;60917;1.363
12430;60917;1.243
13066;57023;1.364
12541;2134;1.528
15450;21057;1.386
12541;59682;1.404
15704;50146;1.453
13066;50146;1.180
12338;16206;1.487
198432;60171;1.421
15732;766;1.457
24592;39020;1.393
12321;8903;1.517
31479;50046;1.376
12321;15954;1.449
39551;766;1.461
12715;2134;1.541
12357;15450;1.371
60203;8903;1.499
43833;59682;1.465
13041;48569;1.424
12321;15915;1.452
12321;29119;1.516
50146;8903;1.475
16030;43578;1.423
12956;31479;1.528
12430;16371;1.380
198432;39551;1.318
16371;2134;1.535
12321;15919;1.408
12924;59682;1.375
35699;57023;1.443
15919;60171;1.367
15704;30892;1.488
12430;16338;1.241
16371;201942;1.390
12321;51007;1.328
3352;50146;1.404
15699;35699;1.539
60203;766;1.443
35699;50146;1.465
34977;48427;1.374
15699;766;1.524
51007;59682;0.962
20815;35699;1.528
15704;766;1.502
15699;57023;1.517
15450;15732;1.387
12715;31577;1.507
15450;15734;1.451
20815;57023;1.491
198432;50046;1.255
15919;39551;1.297
12946;35699;1.522
29119;59682;1.508
57023;60203;1.442
16338;30892;1.338
12946;57023;1.508
12479;48427;1.373
20815;50146;1.385
15699;198934;1.452
12357;45037;1.456
12946;50146;1.471
12321;12956;1.524
15732;198432;1.211
31479;60917;1.357
201942;60171;1.383
13041;198432;1.449
12338;2134;1.523
30892;51007;1.343
16206;24592;1.476
13066;59682;0.923
12540;21057;1.401
12321;16371;1.463
12479;12924;1.439
15450;3352;1.454
16030;3324;1.461
15919;50046;1.277
12321;12334;1.478
12386;766;1.489
2134;48427;1.510
198432;29119;1.511
15732;45037;1.470
12334;3324;1.494
21057;35699;1.438
15734;57023;1.504
201942;39551;1.175
12321;12338;1.466
12321;16338;1.317
21057;57023;1.332
12924;766;1.494
12357;198432;1.326
12334;766;1.491
12321;2134;1.525
39020;57023;1.427
31577;3352;1.388
12334;60171;1.412
12386;60171;1.446
15734;50146;1.447
12321;20815;1.467
12946;30892;1.474
21057;50146;1.212
43833;8903;1.521
39020;50146;1.437
198432;51007;1.264
12946;15704;1.513
16206;21057;1.436
15919;15954;1.432
43578;48569;1.366
15732;3352;1.388
12334;39551;1.442
12386;39551;1.354
16371;35699;1.490
16030;8903;1.507
15919;29119;1.494
15704;6739;1.455
59682;60171;1.366
15450;31577;1.386
16030;60917;1.190
12338;49835;1.458
12334;8903;1.535
43578;60171;1.343
201942;50046;1.152
16371;57023;1.448
2134;3324;1.540
24592;31577;1.246
16338;3324;1.443
34977;39020;1.492
15699;59682;1.462
16371;50146;1.389
15915;45037;1.514
15734;30892;1.466
12430;15450;1.389
15450;8311;1.461
20815;59682;1.418
12540;12541;1.478
3324;45037;1.526
24592;6739;1.451
15919;51007;1.282
12334;50046;1.418
12386;50046;1.411
12338;34977;1.377
43833;57023;1.497
48569;60171;1.373
12338;12946;1.450
31577;8311;1.363
12321;13066;1.317
12956;60171;1.517
43833;50146;1.465
201942;29119;1.507
12924;57023;1.434
2134;8903;1.561
16338;8903;1.489
15915;3352;1.484
12321;43578;1.452
12924;50146;1.328
45037;60171;1.445
15732;8311;1.364
12479;198934;1.400
12357;48427;1.249
2134;39020;1.546
198432;20815;1.442
12956;39551;1.518
12338;31479;1.475
20815;3352;1.464
12541;30892;1.455
12334;15954;1.488
12386;15954;1.490
60203;60917;1.273
21057;59682;1.051
15919;16371;1.369
12386;15915;1.490
12334;29119;1.519
12386;29119;1.525
12334;15915;1.499
201942;51007;1.163
12541;15704;1.492
198934;21057;1.013
12430;45037;1.458
12357;12924;1.336
12338;60203;1.414
12334;15919;1.426
12386;15919;1.436
12321;15450;1.452
15732;48427;1.252
48427;766;1.459
15919;16338;1.277
48569;50046;0.965
29119;50146;1.512
12540;31577;1.401
30892;43578;1.413
12924;30892;1.415
15919;20815;1.436
12956;50046;1.512
12334;51007;1.421
12386;51007;1.413
16030;2134;1.509
12357;16030;1.311
12357;12386;1.405
16371;59682;1.398
50046;59682;0.924
12924;15704;1.481
12334;2134;1.529
12386;6739;1.495
34977;8903;1.522
12541;16206;1.493
48569;766;1.446
45037;50046;1.458
15915;8311;1.462
12715;35699;1.516
12357;24592;1.340
12715;57023;1.517
12924;3352;1.319
12338;43833;1.470
15732;16030;1.190
12715;13041;1.523
20815;8311;1.489
29119;30892;1.511
16206;31577;1.436
12956;15954;1.528
12715;50146;1.508
12334;12956;1.521
12386;12956;1.524
30892;50046;1.338
198432;43578;1.439
16338;34977;1.366
15915;48427;1.425
12956;29119;1.535
12956;15915;1.528
13041;60171;1.472
50046;8311;1.388
35699;766;1.518
13041;13066;1.421
12334;16371;1.460
12386;16371;1.464
43833;766;1.505
201942;20815;1.380
15919;3352;1.391
12956;15919;1.516
21057;6739;1.436
15699;198432;1.481
16338;2134;1.506
3352;34977;1.438
16206;6739;1.526
13066;30892;1.338
48569;51007;0.964
45037;6739;1.514
201942;3352;1.390
15704;60203;1.453
12357;39020;1.427
12479;15699;1.498
13041;39551;1.413
12334;16338;1.418
12386;16338;1.411
12334;12338;1.377
13066;15704;1.432
12956;51007;1.513
16338;31479;1.376
12321;60917;1.264
15919;43578;1.376
12334;20815;1.498
12386;20815;1.496
31479;45037;1.501
60171;8311;1.452
31577;34977;1.365
15699;50146;1.442
45037;51007;1.462
39551;8311;1.403
12715;15704;1.523
50146;766;1.462
48427;6739;1.466
16338;60203;1.269
15732;39020;1.379
12924;8311;1.441
57023;6739;1.479
15704;16206;1.520
13041;50046;1.421
15954;48427;1.410
15450;35699;1.509
13066;16206;1.454
15704;43833;1.510
15704;3352;1.502
3352;60203;1.398
15450;57023;1.485
24592;35699;1.448
15919;8311;1.454
13041;6739;1.498
12956;16371;1.527
12338;48569;1.405
30892;60917;1.349
24592;57023;1.393
3352;6739;1.504
201942;43578;1.378
198934;31577;1.013
15450;50146;1.392
12430;12924;1.315
15699;30892;1.496
12715;59682;1.509
201942;8311;1.414
20815;30892;1.463
12479;16030;1.439
31577;60203;1.273
16338;43833;1.465
16030;45037;1.486
15699;15704;1.520
12956;16338;1.512
12386;13066;1.411
12334;13066;1.418
24592;3352;1.447
198432;201942;1.304
13041;15954;1.480
13041;29119;1.519
13041;15915;1.502
15915;39020;1.499
12956;20815;1.550
15954;16030;1.369
12338;12715;1.513
12386;43578;1.455
12334;43578;1.436
12479;24592;1.454
13041;15919;1.439
50146;57023;1.404
3352;43833;1.486
12321;201942;1.360
198432;60917;1.210
15954;24592;1.390
50046;57023;1.364
13041;51007;1.424
15704;8311;1.429
50046;50146;1.180
12479;198432;1.439
31577;43833;1.459
31479;3324;1.504
2134;24592;1.513
12541;34977;1.399
12334;15450;1.436
12386;15450;1.455
21057;30892;1.349
12946;16206;1.524
12541;12946;1.492
13041;766;1.467
766;8311;1.490
12479;39020;1.499
12479;21057;1.395
12357;15699;1.446
15919;60917;1.285
12540;3324;1.357
12540;35699;1.521
198934;6739;1.439
24592;8311;1.424
12946;3352;1.504
31479;48427;1.405
12956;13066;1.512
12540;57023;1.485
15954;39020;1.439
12540;13041;1.507
15450;59682;1.358
49835;6739;1.437
39551;60203;1.283
201942;45037;1.460
16371;30892;1.382
13041;16371;1.474
12540;50146;1.404
15734;16206;1.521
12956;43578;1.518
12386;3352;1.469
43578;50046;1.358
31479;8903;1.521
24592;59682;1.280
16338;48569;0.964
15699;6739;1.530
57023;60171;1.478
12541;60203;1.410
13041;16338;1.421
12540;8903;1.467
39020;766;1.524
16206;35699;1.539
15734;766;1.484
201942;60917;1.182
15704;49835;1.443
3352;48569;1.405
15954;201942;1.385
13041;20815;1.501
29119;34977;1.512
16206;57023;1.517
12956;15450;1.518
12479;15732;1.395
50146;59682;1.180
12479;15734;1.402
16206;50146;1.432
16030;48427;1.340
39551;43833;1.466
12334;201942;1.431
12479;12540;1.483
12479;12541;1.460
12946;8311;1.502
12540;15704;1.508
31577;48569;1.077
16338;49835;1.324
12334;60917;1.428
12386;60917;1.404
30892;3324;1.484
16206;3352;1.477
15704;34977;1.485
12956;3324;1.545
60917;6739;1.436
13066;34977;1.366
12541;43833;1.497
12386;8311;1.445
12956;201942;1.516
51007;60203;1.280
43578;51007;1.365
3352;49835;1.463
35699;49835;1.443
59682;60917;1.051
29119;60203;1.508
12946;201942;1.474
43578;60917;1.386
3324;766;1.517
12924;16206;1.449
15732;24592;1.246
15704;31479;1.453
12540;59682;1.425
12321;45037;1.498
31479;39020;1.411
3324;48427;1.364
30892;8903;1.515
15450;198934;1.396
12956;8903;1.561
35699;8903;1.526
31577;49835;1.312
16030;24592;1.244
13041;43578;1.445
12357;21057;1.220
13066;60203;1.269
198934;35699;1.439
13041;3352;1.479
15732;201942;1.185
48569;60917;1.077
198934;57023;1.333
3324;6739;1.524
16206;8311;1.498
12715;30892;1.516
12479;31577;1.395
12430;15699;1.452
16338;766;1.441
15699;34977;1.486
12956;60917;1.514
12540;2134;1.540
29119;43833;1.519
15915;16030;1.456
20815;34977;1.467
198934;50146;1.234
16206;59682;1.454
15734;198934;1.451
15732;21057;0.944
49835;57023;1.396
39551;48569;1.183
30892;45037;1.461
15954;31577;1.363
13041;15450;1.445
12946;34977;1.465
45037;60917;1.470
12357;201942;1.158
31479;766;1.501
12430;201942;1.205
15915;24592;1.465
15734;49835;1.485
49835;50146;1.382
16030;39020;1.377
12430;48427;1.263
12541;48569;1.410
2134;31577;1.506
34977;59682;1.366
13066;43833;1.465
35699;60203;1.489
29119;6739;1.524
24592;766;1.488
50046;766;1.441
12715;16206;1.545
12479;6739;1.494
12357;15732;1.222
15704;198934;1.426
12338;60171;1.377
12357;15734;1.443
12946;31479;1.509
12338;13066;1.398
15734;34977;1.454
15699;60203;1.453
24592;50146;1.355
198432;45037;1.487
13041;8311;1.487
12357;12540;1.419
12357;12541;1.394
48427;59682;1.269
39551;49835;1.383
21057;34977;1.365
20815;60203;1.419
12541;12715;1.518
3352;8311;1.478
15915;21057;1.427
12946;60203;1.472
12321;15699;1.496
60171;766;1.455
12338;39551;1.415
12430;16030;1.347
15732;15734;1.447
12541;49835;1.472
3324;39020;1.493
13041;45037;1.485
16206;198934;1.441
15954;766;1.500
35699;43833;1.515
12956;2134;1.550
15734;31479;1.500
15450;30892;1.413
12430;24592;1.377
15919;45037;1.450
15699;16206;1.394
16371;34977;1.371
15919;198934;1.294
12321;48427;1.390
29119;48569;1.510
24592;30892;1.419
15450;15704;1.489
198934;59682;1.114
15699;43833;1.486
15734;60203;1.393
13041;60917;1.423
20815;43833;1.478
12924;49835;1.439
12715;766;1.519
12338;50046;1.398
21057;60203;1.273
39020;60203;1.462
12946;43833;1.512
12321;12924;1.426
60171;60917;1.365
49835;59682;1.324
15704;48569;1.435
13066;48569;0.964
15954;21057;1.363
15704;60171;1.485
15450;16206;1.488
12430;21057;1.243
12357;31577;1.220
12430;39020;1.455
12924;34977;1.439
15450;3324;1.481
12541;31479;1.484
12321;16030;1.350
12321;12386;1.444
30892;48427;1.310
12924;12946;1.506
29119;49835;1.513
12338;15954;1.479
16371;60203;1.396
12386;198934;1.408
12338;15915;1.487
12338;29119;1.517
15734;43833;1.504
12321;24592;1.380
31577;3324;1.424
21057;43833;1.459
16338;60171;1.366
15732;31577;0.944
12338;15919;1.401
39020;43833;1.514
12334;45037;1.488
12386;45037;1.495
13066;49835;1.324
12924;31479;1.447
35699;48569;1.444
43833;60203;1.464
3352;766;1.494
12338;51007;1.403
3352;60171;1.438
16338;39551;1.165
15732;3324;1.425
15450;8903;1.527
198432;48427;1.328
12540;30892;1.472
12430;6739;1.472
34977;35699;1.508
12924;60203;1.354
21057;3352;1.388
15699;48569;1.467
12430;15732;1.244
16371;43833;1.473
34977;57023;1.478
12430;15734;1.452
20815;48569;1.425
15450;198432;1.439
43578;45037;1.401
31577;8903;1.484
12321;39020;1.452
3352;39551;1.388
198432;6739;1.433
12430;12540;1.416
31577;60171;1.365
12946;48569;1.471
12430;12541;1.307
34977;50146;1.380
29119;31479;1.519
12479;35699;1.504
15915;31577;1.427
12479;57023;1.478
12338;12956;1.521
16338;50046;0.923
12715;34977;1.512
15919;48427;1.269
12479;13041;1.464
48427;57023;1.397
15732;8903;1.484
12715;12946;1.515
21057;766;1.457
12338;16371;1.448
12430;766;1.461
31577;39551;1.167
16206;30892;1.494
12540;16206;1.378
48427;50146;1.232
15734;198432;1.464
13066;31479;1.376
12924;43833;1.478
59682;6739;1.431
15699;49835;1.493
2134;35699;1.536
15915;3324;1.467
12956;45037;1.529
15734;48569;1.434
20815;49835;1.472
198934;201942;1.208
198432;24592;1.340
12338;16338;1.398
30892;39020;1.465
2134;57023;1.530
12541;198934;1.404
12321;766;1.475
21057;48569;1.078
15954;6739;1.478
39020;48569;1.406
12946;49835;1.494
20815;3324;1.358
12338;20815;1.476
21057;8311;1.363
2134;50146;1.507
16338;29119;1.508
13041;201942;1.434
12479;3352;1.455
12321;15732;1.269
31577;50046;1.051
15919;16030;1.348
12321;15734;1.489
45037;8311;1.495
201942;48427;1.212
12715;60203;1.511
12334;15699;1.511
12386;15699;1.515
15704;198432;1.447
12430;31577;1.243
15919;24592;1.365
15915;8903;1.512
16371;48569;1.401
39551;60171;1.368
198432;39020;1.407
16338;51007;0.962
15450;2134;1.526
16030;21057;1.190
57023;60917;1.332
48427;8311;1.417
21057;49835;1.312
20815;8903;1.466
12334;48427;1.430
12386;48427;1.432
39020;49835;1.404
15699;31479;1.508
57023;8311;1.447
16206;198432;1.474
12541;60171;1.400
15450;34977;1.343
20815;31479;1.490
50046;8903;1.489
3352;51007;1.405
43833;48569;1.466
24592;34977;1.436
198934;30892;1.352
12924;3324;1.449
12715;43833;1.523
12334;12924;1.488
12386;12924;1.442
15919;198432;1.381
12479;59682;1.381
15919;39020;1.458
12924;48569;1.376
12541;39551;1.296
12479;8311;1.459
201942;24592;1.329
16371;49835;1.458
15732;2134;1.506
12338;43578;1.409
15954;59682;1.373
31577;51007;1.076
198432;766;1.476
16338;16371;1.398
198934;3352;1.394
15919;3324;1.458
12956;15699;1.551
12334;16030;1.456
12386;16030;1.450
12334;12386;1.491
12357;35699;1.454
15919;766;1.455
60171;8903;1.522
39551;50046;1.165
12357;57023;1.394
2134;59682;1.506
39551;8903;1.478
201942;3324;1.421
12357;13041;1.403
15450;60203;1.364
12924;8903;1.465
12334;24592;1.465
12386;24592;1.465
43833;49835;1.495
39020;6739;1.489
21057;31479;1.357
12357;50146;1.209
51007;60171;1.372
12541;50046;1.404
12338;15450;1.409
16338;20815;1.418
24592;60203;1.389
15732;35699;1.438
15699;3352;1.489
12956;48427;1.517
6739;766;1.503
15734;6739;1.508
12386;198432;1.448
29119;60171;1.513
201942;39020;1.413
201942;21057;1.182
15732;57023;1.332
13066;198934;1.114
31479;31577;1.357
16338;198934;1.114
15919;8903;1.494
45037;48427;1.451
15732;50146;1.212
15915;2134;1.532
13066;6739;1.431
201942;8903;1.463
16371;31479;1.459
15704;3324;1.518
13066;60171;1.366
50146;60203;1.263
12540;34977;1.472
12430;3352;1.390
12334;39020;1.504
12386;39020;1.515
20815;2134;1.541
15450;43833;1.475
198934;8311;1.367
12715;48569;1.510
12540;12946;1.521
12956;16030;1.518
50046;60203;1.269
24592;43833;1.486
15704;43578;1.489
39551;51007;1.181
198432;3352;1.439
15704;39551;1.450
13066;39551;1.165
49835;8311;1.434
15915;35699;1.505
12338;45037;1.476
24592;3324;1.470
12956;24592;1.520
15915;57023;1.475
49835;766;1.490
3324;35699;1.537
15699;8311;1.509
12541;51007;1.409
16030;31577;1.190
12357;766;1.444
16338;43578;1.358
15704;8903;1.537
13041;15699;1.517
16206;34977;1.479
35699;60171;1.509
12357;59682;1.189
12715;49835;1.520
12540;60203;1.431
12338;60917;1.399
15704;50046;1.432
766;8903;1.544
13066;50046;0.923
12334;15732;1.429
12386;15732;1.404
3352;43578;1.454
15699;60171;1.487
12924;2134;1.527
12334;15734;1.473
12386;15734;1.474
12321;21057;1.264
12430;8311;1.420
35699;39551;1.465
24592;8903;1.513
15699;201942;1.441
13041;48427;1.434
12541;198432;1.440
12541;12956;1.524
20815;60171;1.468
12956;39020;1.551
15732;59682;1.063
12357;12430;1.201
3324;3352;1.474
12946;60171;1.465
12541;16371;1.457
60917;8311;1.363
12946;13066;1.468
12357;6739;1.472
198432;8311;1.402
31577;43578;1.386
15954;35699;1.446
12430;35699;1.471
15919;2134;1.519
15704;15954;1.471
12479;50146;1.390
20815;39551;1.395
15954;57023;1.406
15450;48569;1.366
12946;3324;1.516
12430;57023;1.415
16206;60203;1.440
15704;29119;1.523
15704;15915;1.486
12357;12479;1.383
12541;16338;1.404
12540;43833;1.480
12430;13041;1.410
12338;766;1.481
201942;2134;1.506
12946;39551;1.477
12924;198934;1.352
3352;50046;1.403
24592;48569;1.287
35699;50046;1.441
15954;50146;1.419
15704;15919;1.478
12541;20815;1.474
12386;3324;1.504
13041;16030;1.446
15734;60171;1.454
12715;31479;1.521
59682;8311;1.388
29119;3352;1.522
201942;31577;1.182
51007;6739;1.436
43578;6739;1.491
21057;60171;1.365
39020;60171;1.493
15704;51007;1.435
13066;51007;0.962
20815;50046;1.418
13041;24592;1.459
12956;15732;1.514
198934;34977;1.377
15915;59682;1.439
12479;30892;1.400
16338;45037;1.458
15704;60917;1.425
12956;15734;1.527
12946;8903;1.544
12321;12540;1.470
15734;39551;1.451
12946;50046;1.468
12321;12541;1.456
15450;49835;1.457
3324;59682;1.443
16206;43833;1.486
12479;15704;1.480
3324;8311;1.496
21057;39551;1.167
39020;39551;1.439
15954;30892;1.432
15704;2134;1.518
24592;49835;1.336
198432;21057;1.210
12386;8903;1.523
16371;60171;1.371
16338;60917;1.051
2134;30892;1.528
16206;3324;1.377
39551;43578;1.383
12541;13066;1.404
15704;16371;1.492
15734;50046;1.427
13066;16371;1.398
13041;39020;1.506
13041;21057;1.423
12946;15954;1.509
35699;51007;1.444
16371;39551;1.381
12946;29119;1.520
12946;15915;1.510
21057;50046;1.051
39020;50046;1.400
3352;60917;1.388
29119;8311;1.523
198934;60203;1.299
12541;43578;1.412
43833;60171;1.472
31479;35699;1.449
15919;21057;1.285
12946;15919;1.479
12540;48569;1.430
43578;48427;1.392
15915;198934;1.432
15704;16338;1.432
15699;51007;1.466
13066;16338;0.923
31479;57023;1.398
13066;198432;1.255
12430;59682;1.241
12479;201942;1.392
12924;60171;1.439
49835;60203;1.413
20815;51007;1.424
15704;20815;1.509
12924;13066;1.375
16338;198432;1.255
15450;31479;1.477
13066;20815;1.418
16206;8903;1.486
31577;60917;0.923
12946;51007;1.470
15734;15954;1.501
12321;31577;1.264
24592;31479;1.359
16371;50046;1.398
15734;29119;1.522
15734;15915;1.507
13041;3324;1.511
12924;39551;1.315
12540;12715;1.543
21057;29119;1.508
15734;15919;1.451
198934;43833;1.462
16206;48569;1.458
13041;15732;1.423
12540;49835;1.472
13041;15734;1.491
12946;2134;1.536
12541;6739;1.496
12430;12479;1.396
43833;50046;1.465
16030;35699;1.439
15734;51007;1.433
12946;12956;1.526
29119;43578;1.509
21057;51007;1.076
16030;57023;1.378
39020;51007;1.405
12946;16371;1.486
30892;31577;1.349
29119;39551;1.512
12924;50046;1.375
12386;2134;1.530
13041;8903;1.531
12715;6739;1.526
12541;15954;1.483
39551;45037;1.458
16030;50146;1.324
12334;21057;1.428
12386;21057;1.404
12357;30892;1.325
12541;29119;1.524
12541;15915;1.490
3352;8903;1.513
15699;20815;1.374
12946;16338;1.468
12357;15704;1.463
12541;15919;1.429
16206;49835;1.493
13066;43578;1.358
12715;60171;1.512
12946;20815;1.520
48569;6739;1.436
16371;51007;1.401
12541;766;1.479
39551;60917;1.167
15734;16371;1.487
15732;30892;1.349
29119;50046;1.508
12924;15954;1.442
31479;59682;1.376
198432;31577;1.210
12924;29119;1.519
12924;15915;1.449
12540;31479;1.489
12715;39551;1.512
3324;57023;1.509
15915;50146;1.444
12541;60917;1.396
12924;15919;1.388
12357;16206;1.447
15734;16338;1.427
12956;766;1.526
43833;51007;1.466
3324;50146;1.419
198934;48569;1.125
15734;20815;1.507
13041;31577;1.423
12924;198432;1.398
35699;43578;1.509
201942;35699;1.430
15954;3352;1.467
12924;51007;1.376
15919;31577;1.285
15732;16206;1.436
12956;21057;1.514
12334;12540;1.501
12386;12540;1.498
12715;50046;1.509
12334;12541;1.461
12386;12541;1.424
16206;31479;1.506
15699;43578;1.490
15915;30892;1.482
15699;39551;1.445
12479;34977;1.430
20815;43578;1.477
16030;59682;1.230
12479;12946;1.491
13066;15954;1.373
12946;43578;1.480
16371;20815;1.473
13066;29119;1.508
13066;15915;1.439
12321;6739;1.442
51007;60917;1.076
29119;51007;1.510
12924;12956;1.526
198934;49835;1.315
15450;60171;1.343
12321;12357;1.395
13041;2134;1.529
12430;50146;1.179
15704;45037;1.509
13066;15919;1.277
50146;6739;1.462
29119;60917;1.508
12924;16371;1.431
12715;15954;1.522
24592;60171;1.437
12715;29119;1.526
12715;15915;1.525
34977;60203;1.368
2134;34977;1.522
198934;766;1.458
15699;50046;1.462
15450;39551;1.383
12715;15919;1.511
12338;15699;1.491
12946;15450;1.480
15954;8311;1.465
12924;16338;1.375
16206;201942;1.433
15734;43578;1.452
24592;39551;1.349
13066;60917;1.051
12479;60203;1.269
21057;43578;1.386
12924;20815;1.402
39020;43578;1.500
48427;60203;1.273
12715;51007;1.510
50146;60171;1.380
15919;201942;1.290
12334;31577;1.428
12386;31577;1.404
12430;30892;1.364
15915;198432;1.454
12338;48427;1.392
12321;35699;1.488
3352;45037;1.495
21057;3324;1.424
12430;15704;1.464
50046;60171;1.366
35699;45037;1.518
15699;15954;1.513
15450;50046;1.358
12321;57023;1.422
34977;43833;1.472
15699;29119;1.542
15699;15915;1.477
198934;31479;1.359
12321;13041;1.475
2134;60203;1.506
20815;29119;1.538
12338;12924;1.469
201942;59682;1.152
16371;43578;1.422
15699;15919;1.474
12321;50146;1.373
12479;16206;1.493
31577;45037;1.470
12715;12956;1.538
15734;3352;1.492
12479;43833;1.487
35699;60917;1.438
15954;16206;1.514
12946;45037;1.506
12715;16371;1.517
12338;16030;1.437
12338;12386;1.482
21057;8903;1.484
15450;15954;1.472
12540;60171;1.473
30892;35699;1.481
16030;198934;1.202
15699;60917;1.447
15450;15915;1.491
13066;3352;1.403
45037;8903;1.541
31479;50146;1.412
30892;57023;1.435
20815;60917;1.398
12715;16338;1.509
15450;15919;1.376
12338;24592;1.449
2134;43833;1.535
12924;43578;1.442
12541;15450;1.412
12956;31577;1.514
12946;60917;1.471
12357;34977;1.371
43833;6739;1.519
12715;20815;1.544
12540;39551;1.405
12357;12946;1.470
12479;3324;1.489
12321;15704;1.436
15734;45037;1.491
16030;6739;1.439
15450;51007;1.365
48427;8903;1.460
45037;766;1.457
39020;45037;1.526
12334;6739;1.499
39020;8311;1.472
15699;16371;1.500
24592;51007;1.286
198432;35699;1.445
16206;60171;1.479
57023;8903;1.517
15732;34977;1.366
12924;15450;1.442
198432;57023;1.360
15734;8311;1.492
34977;48569;1.373
15734;60917;1.447
16371;29119;1.513
12540;50046;1.425
12338;21057;1.399
12338;39020;1.493
15699;16338;1.462
21057;60917;0.924
198432;50146;1.328
16338;48427;1.269
48569;59682;0.964
39020;60917;1.378
16206;39551;1.441
13041;35699;1.500
12321;59682;1.317
12479;8903;1.517
13066;8311;1.388
12357;60203;1.283
16371;6739;1.503
12479;48569;1.388
50146;51007;1.189
15919;35699;1.474
15450;16371;1.421
12541;45037;1.479
12338;198934;1.408
48427;48569;1.278
12715;13066;1.509
3352;48427;1.381
2134;6739;1.531
51007;766;1.446
15919;57023;1.435
50046;51007;0.963
45037;59682;1.458
16338;6739;1.431
15450;201942;1.378
12321;12430;1.384
12715;198934;1.508
12540;15954;1.493
16371;60917;1.404
15732;60203;1.277
12715;43578;1.516
12357;3352;1.391
43833;45037;1.491
15919;50146;1.313
15450;16338;1.358
12540;29119;1.542
12540;15915;1.459
34977;49835;1.454
16206;50046;1.454
15915;34977;1.484
48569;8311;1.392
12334;12357;1.424
2134;48569;1.507
21057;2134;1.506
198934;3324;1.430
16030;30892;1.402
12479;12715;1.518
31577;48427;1.250
16371;198934;1.406
15450;20815;1.477
12540;15919;1.451
30892;59682;1.338
13066;15450;1.358
12924;45037;1.481
12321;12479;1.449
16206;2134;1.541
12357;43833;1.460
12338;15732;1.400
12479;49835;1.463
12338;15734;1.468
16338;24592;1.280
43833;60917;1.459
48427;49835;1.383
15734;201942;1.451
12715;15450;1.516
12540;51007;1.428
198934;60171;1.377
15699;3324;1.379
201942;57023;1.369
12924;60917;1.350
12338;6739;1.497
15732;43833;1.459
49835;60171;1.454
29119;45037;1.516
201942;50146;1.140
198934;8903;1.485
16030;16206;1.468
2134;49835;1.518
198934;39551;1.205
198432;59682;1.255
15915;60203;1.450
12334;35699;1.508
12386;35699;1.512
12334;57023;1.485
12386;57023;1.482
12357;8311;1.437
49835;8903;1.517
15954;34977;1.479
15704;201942;1.449
12540;12956;1.549
16338;39020;1.400
12334;13041;1.494
12386;13041;1.462
12430;3324;1.430
12430;12946;1.480
60203;6739;1.463
16206;51007;1.457
15699;8903;1.486
13066;45037;1.458
13041;59682;1.421
12540;16371;1.480
12334;50146;1.434
12386;50146;1.405
12479;2134;1.524
198432;3324;1.463
15450;43578;1.242
12479;31479;1.475
3352;39020;1.498
201942;30892;1.341
198934;50046;1.114
15919;59682;1.277
39551;48427;1.243
15915;16206;1.477
43578;57023;1.485
24592;43578;1.440
12540;16338;1.425
15954;31479;1.408
15915;43833;1.461
51007;8311;1.392
43578;8311;1.461
12540;20815;1.332
12338;31577;1.399
49835;50046;1.324
12541;48427;1.412
12357;48569;1.202
3324;43833;1.481
12430;8903;1.476
31577;39020;1.378
2134;31479;1.525
15954;60203;1.438
12430;60203;1.288
16206;16371;1.499
12715;60917;1.507
60917;8903;1.484
16030;198432;1.315
48569;57023;1.368
198432;8903;1.500
12956;35699;1.535
12541;12924;1.433
12334;15704;1.502
12386;15704;1.485
15732;48569;1.077
12956;57023;1.533
24592;50046;1.281
48569;50146;1.190
16206;16338;1.454
12956;13041;1.526
12357;12715;1.509
15699;45037;1.527
12956;50146;1.519
20815;45037;1.522
16206;20815;1.380
45037;57023;1.506
12541;16030;1.449
12357;49835;1.374
198934;2134;1.507
12430;16206;1.449
12541;3352;1.460
59682;8903;1.489
198934;51007;1.124
45037;50146;1.457
15954;43833;1.492
12540;198934;1.406
12386;201942;1.423
12430;43833;1.468
12540;13066;1.425
12334;59682;1.418
12386;59682;1.411
31479;34977;1.473
15450;29119;1.509
12541;24592;1.459
29119;48427;1.498
49835;51007;1.331
24592;29119;1.516
12715;3352;1.525
15732;49835;1.312
12540;43578;1.486
12321;30892;1.447
15699;2134;1.542
30892;50146;1.338
29119;3324;1.542
3324;8903;1.485
16371;3352;1.449
15915;48569;1.442
12334;12430;1.448
12386;12430;1.347
43578;59682;1.358
12956;15704;1.530
59682;766;1.441
21057;45037;1.470
15704;48427;1.452
13066;48427;1.269
12338;198432;1.437
15450;60917;1.386
12541;39020;1.507
12540;15450;1.486
12334;12479;1.471
12386;12479;1.435
16338;31577;1.051
24592;60917;1.246
12715;198432;1.515
12357;31479;1.403
31479;60203;1.438
6739;8311;1.443
16206;43578;1.488
16030;34977;1.422
12541;8311;1.463
12321;16206;1.487
29119;8903;1.550
34977;60171;1.239
16371;198432;1.432
198432;2134;1.519
16371;45037;1.462
198934;20815;1.404
15915;49835;1.472
13041;57023;1.486
12956;59682;1.512
15732;31479;1.358
15704;16030;1.424
12715;8311;1.519
3324;49835;1.488
13066;16030;1.230
13041;50146;1.436
12479;60171;1.431
8311;8903;1.525
50146;60917;1.212
35699;48427;1.462
34977;39551;1.368
15954;48569;1.379
12338;3352;1.463
48427;60171;1.374
16371;8311;1.475
12946;15699;1.530
15704;24592;1.435
57023;59682;1.364
50046;60917;1.051
31479;6739;1.470
13066;24592;1.280
12541;201942;1.399
31479;43833;1.497
198432;30892;1.397
15699;48427;1.386
3324;34977;1.465
20815;48427;1.308
16030;60203;1.361
12540;6739;1.520
12321;3352;1.460
2134;60171;1.522
12946;48427;1.476
12430;12715;1.511
57023;766;1.502
34977;50046;1.366
13041;30892;1.462
12338;12540;1.481
12338;12541;1.437
15954;49835;1.396
15915;31479;1.482
13041;15704;1.496
12430;49835;1.404
2134;39551;1.512
12540;60917;1.401
15919;30892;1.309
15704;39020;1.468
15704;21057;1.425
16206;29119;1.541
13066;39020;1.400
34977;6739;1.489
198934;43578;1.396
12338;35699;1.505
48427;50046;1.269
15734;48427;1.454
12338;8311;1.478
16030;43833;1.480
12338;13041;1.485
3324;60203;1.437
21057;48427;1.250
12946;16030;1.490
39020;48427;1.425
12430;34977;1.375
20815;766;1.515
16338;21057;1.051
2134;50046;1.506
12946;24592;1.497
12541;15699;1.497
12321;8311;1.380
16206;60917;1.436
12946;766;1.492
198432;198934;1.218
15919;16206;1.469
60203;8311;1.405
50146;8311;1.408
35699;39020;1.476
31479;48569;1.381
30892;6739;1.499
12956;6739;1.525
12715;45037;1.522
43578;766;1.407
35699;6739;1.500
34977;51007;1.372
16371;48427;1.358
15734;16030;1.478
15704;15732;1.426
12430;31479;1.432
15704;15734;1.504
12321;198934;1.284
43578;50146;1.392
12924;15699;1.461
12479;51007;1.387
20815;39020;1.472
15734;24592;1.487
12334;30892;1.423
12386;30892;1.468
12357;60171;1.372
48427;51007;1.277
12540;198432;1.441
21057;24592;1.247
12946;39020;1.530
43833;48427;1.409
13066;201942;1.152
198934;29119;1.508
15954;3324;1.510
16338;201942;1.152
12321;34977;1.438
2134;766;1.538
31479;49835;1.383
12924;48427;1.254
12321;12946;1.485
12357;39551;1.197
15732;60171;1.367
2134;51007;1.507
16030;48569;1.239
16030;3352;1.435
12479;12956;1.525
12334;3352;1.481
16371;24592;1.448
12338;59682;1.398
15734;39020;1.522
15734;21057;1.447
12334;16206;1.507
12386;16206;1.505
15732;39551;1.172
21057;39020;1.378
198934;60917;1.013
15954;8903;1.524
13066;15699;1.462
12357;50046;1.189
30892;34977;1.410
15450;45037;1.401
12946;15732;1.471
12924;16030;1.411
12321;60203;1.402
49835;60917;1.312
15704;31577;1.425
12956;30892;1.528
12946;15734;1.495
24592;45037;1.494
12479;20815;1.473
12715;15699;1.548
16030;49835;1.310
15954;198934;1.365
3324;48569;1.448
2134;3352;1.528
15915;60171;1.485
12924;24592;1.424
43833;8311;1.501
16371;39020;1.484
15732;50046;1.063
16338;3352;1.403
60917;766;1.457
12541;21057;1.396
12334;198934;1.432
16030;8311;1.407
12430;2134;1.515
12715;48427;1.507
12334;8311;1.488
198432;34977;1.421
15915;39551;1.440
30892;60203;1.349
12956;16206;1.546
12321;43833;1.497
12956;198934;1.515
12715;12924;1.522
31577;766;1.457
12924;39020;1.473
12924;21057;1.350
34977;43578;1.343
12357;51007;1.201
12946;198934;1.474
15734;3324;1.516
12479;13066;1.381
12924;201942;1.304
12430;48569;1.252
16371;766;1.474
16030;31479;1.359
15919;34977;1.366
12338;12357;1.394
15954;60171;1.479
12715;16030;1.517
12430;60171;1.375
2134;8311;1.518
12479;43578;1.431
16338;59682;0.923
16338;8311;1.388
13066;3324;1.443
12946;31577;1.471
12541;15732;1.396
12479;39551;1.397
198432;60203;1.377
15732;51007;1.076
12541;15734;1.475
12540;45037;1.528
30892;43833;1.465
201942;49835;1.357
29119;39020;1.540
15954;2134;1.526
12715;24592;1.518
39020;8903;1.515
13066;766;1.441
12357;12956;1.516
15954;39551;1.410
15734;8903;1.538
12357;16371;1.373
2134;43578;1.526
12924;15732;1.350
201942;34977;1.383
15734;31577;1.447
15450;48427;1.392
13066;21057;1.051
12924;15734;1.493
12479;50046;1.381
15919;60203;1.308
12430;198934;1.259
15699;16030;1.469
13066;8903;1.489
12357;16338;1.189
24592;48427;1.359
198432;43833;1.482
16206;45037;1.527
15732;16371;1.404
12338;57023;1.479
15954;50046;1.373
12357;20815;1.394
12321;48569;1.328
12715;39020;1.545
29119;766;1.513
12321;198432;1.368
34977;8311;1.452
15915;51007;1.442
15699;24592;1.478
12338;50146;1.407
13041;16206;1.515
12540;766;1.521
12334;34977;1.412
12386;34977;1.446
20815;24592;1.458
15732;6739;1.437
15732;16338;1.063
12334;12946;1.450
12386;12946;1.503
34977;45037;1.445
201942;31479;1.380
15915;201942;1.440
12479;15954;1.478
48569;8903;1.492
15732;20815;1.399
12479;15915;1.482
12479;29119;1.515
15450;16030;1.423
12321;12715;1.514
15919;43833;1.445
201942;60203;1.293
12541;31577;1.396
12479;15919;1.384
15954;29119;1.515
12357;3324;1.430
31479;60171;1.473
13066;15732;1.063
34977;60917;1.365
30892;48569;1.344
15450;24592;1.440
12321;49835;1.414
13066;15734;1.427
15699;39020;1.492
15699;21057;1.447
12338;30892;1.398
12540;15699;1.375
30892;766;1.471
2134;29119;1.540
20815;21057;1.398
12715;15732;1.508
12338;15704;1.495
12357;13066;1.189
12334;60203;1.444
12386;60203;1.388
31479;39551;1.417
12946;21057;1.471
12715;15734;1.523
12479;60917;1.395
12924;31577;1.350
45037;49835;1.495
15954;51007;1.378
48427;60917;1.250
15704;35699;1.495
39551;59682;1.165
15915;6739;1.490
12357;43578;1.371
15734;2134;1.531
15704;57023;1.467
12540;48427;1.346
201942;43833;1.458
15915;20815;1.464
12956;34977;1.516
12357;8903;1.483
198934;45037;1.472
198432;48569;1.265
59682;60203;1.269
20815;6739;1.521
15450;39020;1.500
30892;49835;1.430
15450;766;1.407
43578;60203;1.364
15954;198432;1.394
2134;60917;1.506
13066;2134;1.506
16338;35699;1.441
16030;60171;1.422
12540;12924;1.427
15732;43578;1.387
12479;16371;1.443
50046;6739;1.431
29119;31577;1.508
16338;57023;1.364
12430;12956;1.519
15699;15732;1.448
12338;201942;1.406
12321;31479;1.436
12334;43833;1.485
12386;43833;1.508
12479;766;1.468
12334;198432;1.440
15699;15734;1.524
15954;16371;1.463
16338;50146;1.180
3352;35699;1.496
16030;39551;1.311
12479;16338;1.381
51007;8903;1.491
43578;8903;1.528
16206;48427;1.378
15919;48569;1.283
12715;201942;1.504
12540;16030;1.447
48569;60203;1.281
12338;12430;1.422
3352;57023;1.478
13066;31577;1.051
198432;49835;1.313
12956;60203;1.513
15954;16338;1.373
12956;198432;1.519
60171;6739;1.489
43578;43833;1.475
12540;24592;1.459
16371;21057;1.404
39551;6739;1.458
31577;35699;1.438
15954;20815;1.499
12430;20815;1.400
12338;12479;1.453
12946;198432;1.482
45037;60203;1.445
3324;60171;1.466
12924;6739;1.487
31577;57023;1.332
16030;766;1.482
12357;15954;1.397
31479;3352;1.474
30892;31479;1.439
13041;49835;1.464
16030;50046;1.230
15915;43578;1.492
12357;15915;1.453
12357;29119;1.511
31577;50146;1.212
3324;43578;1.481
12946;13041;1.501
12357;15919;1.280
15919;49835;1.410
12540;3352;1.468
3324;39551;1.422
31479;51007;1.380
201942;48569;1.164
15919;6739;1.483
15732;15954;1.363
12956;43833;1.532
15704;59682;1.432
15732;29119;1.508
15732;15915;1.428
13041;34977;1.472
12540;39020;1.471
201942;6739;1.456
12357;2134;1.513
15734;35699;1.520
15732;15919;1.285
