34263;719;1.242
29154;34273;1.455
20904;47605;1.486
16302;1741;1.224
1759;34263;1.259
29154;45010;1.454
20569;2586;1.350
47605;50503;1.369
49282;6667;1.500
15527;1759;1.417
13170;16086;1.473
13170;199508;1.219
13170;20569;1.310
29422;3238;1.498
16302;34263;0.927
2586;6667;1.478
1248;29422;1.517
1741;20569;1.196
29154;51691;1.417
196655;34273;1.264
1248;199508;1.466
1248;29154;1.516
15527;198243;1.419
20569;39242;1.455
39193;6667;1.510
13170;51728;0.972
16302;196655;0.927
1248;20931;1.462
20904;39242;1.472
39242;51728;1.295
1759;49866;1.193
39242;6667;1.521
1759;49282;0.949
16302;719;1.242
1741;51728;1.239
34273;6667;1.500
50503;6667;1.503
198243;20569;1.367
1741;199508;1.062
20904;29422;1.495
29422;6667;1.522
13170;45010;1.191
13170;41369;1.219
20904;29154;1.478
199508;20569;1.110
20569;6667;1.516
196655;51691;1.195
39242;41369;1.435
16086;50503;1.473
1741;45010;1.319
15527;39242;1.277
16086;198243;1.424
13170;49866;1.163
1741;41369;1.062
39242;49866;1.375
13170;49282;1.264
16086;47605;1.496
1759;20569;1.361
39242;49282;1.423
1741;49866;1.314
34273;51728;1.282
198243;51728;1.280
1741;49282;1.325
15527;50503;1.291
199508;719;1.301
13170;39193;1.232
199508;51728;1.241
15527;47605;1.430
45010;50503;1.191
29422;34263;1.451
51728;719;1.257
34273;45010;1.219
1741;39193;1.065
34273;41369;1.315
16302;20569;1.310
198243;41369;1.314
1759;51728;1.276
20904;2586;1.375
45010;47605;1.444
49866;51728;1.186
34273;49866;1.204
49866;719;1.273
198243;49866;1.277
34273;49282;0.948
198243;49282;1.213
199508;49866;1.343
1759;45010;1.218
50503;719;1.242
199508;49282;1.315
1759;41369;1.309
34273;39193;1.318
16302;51728;0.974
16086;2586;1.462
198243;39193;1.320
16086;39242;1.501
20904;3238;1.506
13170;34273;1.264
20569;29422;1.495
199508;39193;0.938
20569;29154;1.476
29154;50503;1.382
16086;29422;1.503
1741;34273;1.325
16302;45010;1.192
39242;45010;1.378
16302;41369;1.219
16086;29154;1.494
50503;51728;0.972
1759;39193;1.317
29154;47605;1.389
20569;20931;1.350
16302;49866;1.164
16086;3238;1.512
1759;2586;1.221
16302;199508;1.220
16302;49282;1.264
20904;20931;1.378
15527;29422;1.505
3238;34263;1.493
16086;719;1.466
15527;29154;1.437
1248;2586;1.462
13170;51691;1.195
199508;2586;1.290
39242;51691;1.379
198243;34273;1.213
1248;16302;1.473
16302;39193;1.233
51691;719;1.131
1741;51691;1.171
196655;50503;0.925
199508;34273;1.315
1759;3238;1.481
198243;45010;1.290
15527;20931;1.392
196655;47605;1.369
199508;45010;1.349
199508;41369;0.909
16086;6667;1.524
1759;34273;0.949
1248;3238;1.524
16302;1759;1.259
199508;3238;1.474
41369;6667;1.509
49282;51728;1.282
20931;34263;1.228
1759;719;1.235
29422;51728;1.454
29154;39242;1.437
34273;51691;1.251
198243;51691;1.193
199508;51691;1.294
29154;29422;1.496
16302;34273;1.264
1759;6667;1.499
49282;49866;1.204
20931;2586;0.932
39193;51728;1.251
1759;51691;1.244
29422;49866;1.389
41369;51728;1.241
34263;6667;1.503
49866;51691;1.239
1248;6667;1.525
16086;1741;1.484
29422;49282;1.431
199508;6667;1.509
1248;20904;1.510
39193;41369;0.937
196655;39242;1.291
16086;20931;1.462
29422;39193;1.483
20931;49866;1.258
20931;3238;1.480
16302;51691;1.197
20931;49282;1.229
20904;6667;1.516
39193;49866;1.350
196655;29422;1.450
41369;49866;1.343
39193;49282;1.318
196655;29154;1.382
41369;49282;1.315
1741;2586;1.284
3238;51728;1.495
1248;1741;1.470
13170;198243;1.268
50503;51691;1.195
20931;719;0.958
2586;34263;1.229
13170;50503;0.925
1248;198243;1.449
39242;50503;1.291
39242;719;1.393
20931;6667;1.478
29422;34273;1.431
13170;47605;1.369
1741;50503;1.223
1741;3238;1.497
39242;47605;1.430
3238;49866;1.458
13170;719;1.242
3238;49282;1.481
29422;45010;1.391
51691;6667;1.498
34263;49866;1.164
1741;47605;1.423
1248;34263;1.473
29422;41369;1.481
6667;719;1.480
20931;51728;1.244
34263;49282;1.264
13170;15527;1.291
1741;198243;1.281
49282;719;1.235
29422;719;1.446
20931;45010;1.272
34273;50503;1.264
49282;51691;1.251
20931;41369;1.290
198243;50503;1.268
39193;45010;1.351
1759;196655;1.257
20569;719;1.352
29422;51691;1.444
41369;45010;1.349
34273;47605;1.449
198243;47605;1.443
1759;50503;1.257
49866;50503;1.163
13170;39242;1.291
20931;39193;1.299
39193;51691;1.302
20569;20904;1.450
1759;47605;1.447
41369;51691;1.294
196655;20931;1.227
34263;51728;0.974
3238;34273;1.481
1741;39242;1.391
13170;29422;1.450
45010;6667;1.500
13170;29154;1.382
16302;50503;0.927
3238;45010;1.459
1741;29422;1.481
3238;41369;1.473
16086;16302;1.473
34263;45010;1.192
1741;29154;1.429
1248;16086;1.511
34263;41369;1.219
16302;47605;1.370
49866;6667;1.499
15527;20904;1.472
1248;20569;1.477
196655;199508;1.219
13170;2586;1.228
2586;51728;1.244
34273;39242;1.423
198243;39242;1.419
3238;719;1.481
15527;16302;1.291
20931;34273;1.229
3238;51691;1.482
41369;719;1.301
199508;39242;1.435
1741;719;1.286
3238;39193;1.474
198243;3238;1.485
198243;29422;1.450
51691;51728;1.214
2586;41369;1.290
34263;39193;1.233
1759;39242;1.417
1248;51728;1.475
13170;3238;1.493
199508;50503;1.219
20569;34263;1.310
2586;49866;1.260
1741;6667;1.509
16302;198243;1.268
2586;49282;1.229
15527;719;1.393
20904;34263;1.410
1759;29422;1.430
45010;719;1.278
199508;47605;1.451
1759;29154;1.453
1248;41369;1.466
15527;3238;1.519
20931;51691;1.111
2586;39193;1.300
16302;39242;1.291
29154;719;1.434
16086;1759;1.454
1248;49866;1.477
49282;50503;1.264
15527;34263;1.291
1248;49282;1.451
29422;50503;1.450
16086;20904;1.504
16302;29422;1.451
34263;34273;1.264
16302;29154;1.383
15527;196655;1.291
47605;6667;1.525
29422;47605;1.496
1248;39193;1.467
198243;2586;1.256
196655;2586;1.228
13170;20931;1.227
39193;50503;1.232
1741;20931;1.284
1248;1759;1.450
2586;34273;1.229
39193;47605;1.453
16086;196655;1.473
3238;6667;1.531
15527;2586;1.391
196655;3238;1.493
34263;51691;1.197
2586;45010;1.272
198243;29154;1.454
13170;1741;1.223
199508;29422;1.481
199508;29154;1.460
1248;34273;1.451
16086;34263;1.473
198243;20931;1.256
1248;45010;1.480
29422;39242;1.505
199508;20931;1.290
2586;51691;1.105
15527;20569;1.456
20569;51728;1.323
198243;6667;1.499
196655;6667;1.503
1759;20931;1.223
20904;51728;1.418
1759;199508;1.309
13170;6667;1.503
39193;39242;1.438
2586;719;0.958
1248;51691;1.460
196655;719;1.242
20904;45010;1.430
20904;41369;1.431
20931;50503;1.227
20569;49866;1.390
15527;51728;1.295
16302;20931;1.228
47605;51728;1.372
15527;6667;1.521
20569;49282;1.361
20904;49866;1.427
41369;50503;1.219
20904;49282;1.429
20931;47605;1.429
196655;198243;1.268
196655;20904;1.410
41369;47605;1.451
20569;39193;1.110
20904;39193;1.436
15527;49866;1.375
47605;49866;1.442
15527;49282;1.423
29154;34263;1.383
47605;49282;1.449
16086;20569;1.497
34273;719;1.235
15527;1741;1.392
13170;16302;0.927
15527;39193;1.438
3238;50503;1.493
15527;16086;1.501
16086;199508;1.487
34263;50503;0.927
3238;47605;1.515
34263;47605;1.370
20569;34273;1.361
16086;51728;1.475
20931;39242;1.392
20904;34273;1.429
196655;34263;0.927
20569;45010;1.390
20569;41369;1.110
20931;29422;1.440
16086;45010;1.481
2586;50503;1.228
20931;29154;1.430
16086;41369;1.487
2586;47605;1.428
16086;49866;1.479
15527;34273;1.423
16086;49282;1.455
45010;51728;1.209
51728;6667;1.504
20569;51691;1.349
15527;45010;1.378
29154;3238;1.515
15527;199508;1.436
15527;41369;1.436
1248;50503;1.473
20904;51691;1.353
1248;13170;1.473
16086;39193;1.488
1741;1759;1.324
3238;39242;1.519
1248;47605;1.510
13170;20904;1.410
34263;39242;1.291
45010;49866;0.977
45010;49282;1.219
1741;20904;1.415
15527;51691;1.379
47605;51691;1.411
16302;2586;1.229
1248;719;1.464
29154;6667;1.527
29154;51728;1.385
13170;196655;0.925
13170;1759;1.257
2586;39242;1.391
196655;20569;1.310
1248;196655;1.473
1759;198243;1.202
16086;34273;1.455
16302;3238;1.493
198243;20904;1.424
29154;41369;1.460
2586;29422;1.440
2586;29154;1.429
199508;20904;1.431
29154;49866;1.452
29154;49282;1.455
1248;39242;1.505
13170;34263;0.927
20904;719;1.382
1759;20904;1.426
196655;51728;0.972
198243;719;1.267
1741;196655;1.223
20569;3238;1.484
29154;39193;1.461
1741;34263;1.224
198243;199508;1.314
16086;51691;1.464
39193;719;1.303
196655;45010;1.191
16302;6667;1.503
196655;41369;1.219
16302;20904;1.410
196655;49866;1.163
196655;49282;1.264
20569;50503;1.310
1248;15527;1.505
198243;34263;1.268
20904;50503;1.410
45010;51691;1.253
47605;719;1.433
199508;34263;1.220
2586;3238;1.479
196655;39193;1.232
20569;47605;1.470
