15968427  0
81363204  1
61137856  2
26483320  3
11514945  4
5659182  5
3040168  6
1867982  7
1239159  8
835922  9
554574  10
362566  11
238576  12
168976  13
119871  14
86608  15
61364  16
44502  17
32121  18
23887  19
18824  20
15453  21
11783  22
8397  23
6634  24
4573  25
3062  26
2262  27
1693  28
1394  29
1019  30
654  31
592  32
536  33
397  34
470  35
421  36
334  37
370  38
249  39
146  40
80  41
140  42
159  43
147  44
155  45
111  46
98  47
72  48
53  49
61  50
45  51
23  52
18  53
10  54
41  55
66  56
21  57
19  58
17  59
14  60
32  61
74  62
64  63
32  64
17  65
20  66
20  67
24  68
61  69
59  70
54  71
41  72
72  73
65  74
58  75
39  76
28  77
20  78
10  79
4  80
3  81
2  82
3  83
3  84
3  85
1  89
1  90
2  91
1  92
1  96
1  100
1  101
1  103
