25249;34797;1.379
16010;35805;1.505
15491;28751;1.255
28751;34797;1.325
20771;44327;1.523
16010;24997;0.940
35805;42806;1.461
25249;28751;1.380
15491;20771;1.484
15491;24997;1.255
24997;44327;1.412
41877;42806;1.345
25249;35805;1.468
24997;41877;1.337
20771;41877;1.451
15491;35805;1.483
16010;44327;1.420
34797;35805;1.476
28751;35805;1.504
20771;42806;1.476
16010;41877;1.339
24997;42806;1.176
25249;44327;1.399
15491;44327;1.421
16010;42806;1.185
15491;41877;1.368
15491;16010;1.255
20771;34797;1.499
24997;34797;1.325
34797;44327;1.379
24997;25249;1.380
20771;25249;1.478
25249;41877;1.412
28751;44327;1.413
34797;41877;1.384
16010;34797;1.330
16010;25249;1.385
15491;42806;1.269
20771;28751;1.438
24997;28751;0.930
42806;44327;1.335
28751;41877;1.337
25249;42806;1.226
20771;35805;1.531
34797;42806;1.284
35805;44327;1.496
28751;42806;1.177
20771;24997;1.438
15491;34797;1.242
15491;25249;1.379
35805;41877;1.494
16010;28751;0.940
16010;20771;1.439
24997;35805;1.504
41877;44327;1.446
