29674;37613;1.422
30986;37012;1.290
29340;29674;1.200
36961;37613;1.411
37140;37613;1.443
30986;30997;1.305
30997;37255;1.305
29614;30986;1.325
29614;37255;1.325
37012;37255;1.290
29674;30986;1.239
29340;37613;1.455
29674;37255;1.239
30997;36961;1.266
36961;37255;1.238
37140;37255;1.323
29614;36961;1.273
37255;37613;1.413
30997;37140;1.367
30986;37613;1.413
29674;36961;1.245
29614;37140;1.382
37012;37140;1.364
29340;30986;1.349
29674;37140;1.241
29340;37255;1.349
36961;37140;1.314
30997;37012;1.268
29340;36961;1.231
29614;37012;1.263
30986;37255;0.924
29674;37012;1.260
29340;37140;1.328
29614;30997;1.164
36961;37012;1.272
30986;36961;1.238
29614;29674;1.290
29674;30997;1.283
30986;37140;1.323
29340;29614;1.293
29340;37012;1.274
30997;37613;1.404
29614;37613;1.420
37012;37613;1.431
29340;30997;1.285
