20299;262206;1.455
26617;52286;1.242
20299;6458;1.399
14754;20299;1.434
14754;27929;1.340
14754;52276;1.453
27929;52286;1.327
262206;6458;1.455
23243;262206;1.452
52286;6458;1.246
52276;6487;1.474
13682;14754;1.371
262206;52286;1.472
20299;52286;1.384
13682;6487;1.439
26617;6487;1.460
27929;6487;1.426
23243;52286;1.188
13682;52286;1.175
26617;27929;1.340
14754;6487;1.443
23243;6487;1.408
26617;52276;1.375
262206;26617;1.488
20299;23243;1.397
20299;26617;1.438
20299;6487;1.439
27929;52276;1.432
14754;52286;1.388
52276;6458;1.386
262206;27929;1.465
20299;27929;1.436
52276;52286;1.291
23243;26617;1.231
262206;52276;1.495
13682;6458;1.230
262206;6487;1.465
13682;26617;1.197
14754;262206;1.461
20299;52276;1.423
26617;6458;1.218
6458;6487;1.405
27929;6458;1.171
52286;6487;1.434
23243;27929;1.208
13682;20299;1.415
13682;23243;1.207
13682;27929;1.330
23243;52276;1.358
13682;52276;1.342
23243;6458;1.021
14754;6458;1.250
13682;262206;1.477
14754;23243;1.296
14754;26617;1.371
