12810;35549;1.299
13046;34362;1.665
35549;5391;2.215
12810;5391;2.114
29485;60009;1.157
1886;56681;1.317
59905;60009;1.432
34594;59905;2.001
25528;41454;1.124
196832;34362;0.935
13046;34594;1.927
13046;41336;1.792
56681;59905;1.694
34594;34748;2.040
34362;56681;1.326
51577;56681;1.230
198785;34748;1.355
29485;41454;1.154
196832;34594;1.725
13046;1886;1.661
34594;61211;2.020
34362;59905;1.426
31012;5391;2.114
13046;57888;1.621
13046;196832;1.554
56681;61211;1.597
1886;198785;0.924
198785;61211;1.264
198785;41336;1.124
15994;29485;1.501
13046;60009;1.697
196832;57888;0.924
13046;31012;1.792
34362;61211;1.274
5391;56681;2.182
196832;60009;0.923
31012;59905;1.568
196832;25528;0.923
12810;1886;1.124
34748;41454;1.355
31012;34748;1.377
196832;31012;0.923
1886;59905;1.421
41336;51577;1.221
25528;35549;1.298
198785;34362;0.935
1886;34748;1.355
41454;51577;1.256
198785;31012;1.124
196832;198785;0.924
34748;35549;1.629
34594;41336;1.939
31012;61211;1.337
196832;41454;0.924
51577;59905;1.582
34362;34748;1.357
198785;34594;1.849
1886;61211;1.265
15994;51577;1.453
29485;35549;1.536
13046;25528;1.792
41336;56681;1.281
34594;57888;1.884
1886;5391;2.035
41454;56681;1.317
34362;41336;1.127
56681;57888;1.296
29485;5391;2.115
51577;61211;1.537
34594;60009;1.873
198785;57888;1.124
60009;61211;1.264
12810;51577;1.220
12810;15994;1.259
12810;29485;1.248
56681;60009;1.322
41336;59905;1.568
31012;34362;1.132
15994;56681;1.502
13046;41454;1.661
198785;60009;0.940
5391;59905;2.148
34362;57888;1.134
198785;25528;1.124
34748;5391;2.137
1886;34362;0.935
13046;198785;1.661
31012;41336;0.924
31012;34594;1.939
13046;35549;1.999
1886;41336;1.124
1886;34594;1.849
12810;196832;0.923
5391;61211;2.117
198785;41454;0.924
196832;35549;1.298
31012;57888;1.220
34362;34594;1.854
34594;5391;2.370
31012;60009;1.108
1886;57888;1.124
41454;59905;1.421
34362;5391;2.038
1886;60009;0.941
1886;25528;1.124
35549;51577;1.489
198785;5391;2.035
51577;57888;1.201
1886;31012;1.124
34362;60009;0.952
15994;59905;1.713
34594;41454;1.849
12810;198785;1.124
51577;60009;1.256
41336;61211;1.337
15994;34748;1.569
12810;56681;1.281
41454;61211;1.265
25528;51577;1.221
25528;29485;1.248
51577;5391;2.095
35549;56681;1.536
34594;35549;2.067
15994;61211;1.575
15994;41336;1.259
12810;59905;1.568
34362;41454;0.935
29485;51577;1.219
198785;35549;1.454
12810;34748;1.377
5391;57888;2.026
196832;29485;0.924
35549;59905;1.733
25528;56681;1.281
5391;60009;2.054
34362;35549;1.461
57888;59905;1.542
12810;61211;1.337
41336;5391;2.113
31012;41454;1.124
29485;56681;1.199
35549;61211;1.611
15994;34362;1.417
1886;41454;0.924
57888;61211;1.425
34748;51577;1.571
13046;51577;1.765
13046;15994;1.971
13046;29485;1.668
31012;35549;1.299
29485;59905;1.572
15994;196832;1.259
15994;34594;2.048
41336;57888;1.220
41454;57888;1.124
1886;35549;1.454
12810;34362;1.132
196832;51577;0.924
41336;60009;1.108
41454;60009;0.941
34748;56681;1.647
15994;57888;1.495
59905;61211;1.655
198785;29485;1.154
12810;41336;0.924
12810;34594;1.939
25528;59905;1.568
15994;60009;1.405
15994;25528;1.259
35549;41336;1.298
34748;59905;1.673
25528;34748;1.369
196832;56681;0.924
41336;41454;1.124
15994;31012;1.259
12810;57888;1.220
25528;61211;1.337
25528;41336;0.923
12810;60009;1.108
29485;34748;1.527
15994;41454;1.416
34748;61211;1.395
15994;5391;2.205
12810;31012;0.923
34594;51577;1.913
29485;61211;1.460
29485;41336;1.248
13046;56681;1.689
57888;60009;1.127
198785;51577;1.256
25528;34362;1.127
13046;59905;1.931
34594;56681;1.824
15994;198785;1.416
13046;34748;1.904
198785;56681;1.317
12810;13046;1.792
25528;34594;1.939
196832;59905;1.414
35549;57888;1.531
29485;34362;1.163
12810;25528;0.924
34748;41336;1.369
29485;31012;1.248
196832;34748;1.349
13046;61211;1.862
25528;5391;2.113
196832;5391;2.020
35549;60009;1.443
31012;51577;1.220
198785;59905;1.421
13046;5391;2.268
29485;34594;1.834
25528;57888;1.220
15994;35549;1.300
15994;1886;1.416
196832;61211;1.263
196832;41336;0.923
1886;51577;1.256
1886;29485;1.154
34748;57888;1.502
12810;41454;1.124
25528;60009;1.108
41454;5391;2.035
34748;60009;1.352
34362;51577;1.267
35549;41454;1.454
31012;56681;1.281
29485;57888;1.150
25528;31012;0.924
1886;196832;0.924
