43711;5513;0.924
42232;44302;1.369
197750;20845;1.326
12301;5507;1.509
47381;5513;1.307
20845;8462;1.484
197248;47116;1.446
12303;47381;1.415
29278;47116;1.348
41075;47381;1.323
29278;8990;1.487
1955;197750;1.452
47116;50261;1.476
34655;41075;1.499
21229;44302;1.372
197750;50261;1.458
12301;1955;1.536
12303;31581;1.217
12301;47116;1.504
5507;8990;1.475
34655;50261;1.536
34655;43711;1.492
31581;34655;1.531
12303;47159;1.235
12303;8462;1.484
41075;47159;0.923
47169;8990;1.530
30904;5483;1.504
21229;8462;1.430
30904;47169;1.519
12303;5513;1.282
42232;5483;1.471
12301;12303;1.524
30904;41075;1.168
197750;42232;1.342
197750;29278;1.448
44302;50261;1.470
34655;5483;1.514
30904;5507;1.397
197248;47381;1.386
12303;44302;1.403
47381;8462;1.438
34655;42232;1.492
30904;43711;1.283
29657;47169;1.515
29278;47381;1.410
50261;5483;1.524
42232;5507;1.390
41075;44302;1.346
197750;30904;1.302
197248;5513;1.391
43711;47169;1.468
29657;41075;1.244
197248;31581;1.439
1955;47169;1.536
12301;47381;1.468
34655;5507;1.515
29278;31581;1.460
12301;8990;1.536
29657;43711;1.290
197248;47159;1.397
50261;5507;1.488
29278;47159;1.345
12301;31581;1.523
44302;5513;1.382
12301;47159;1.489
29657;5483;1.512
47116;5483;1.479
197750;8990;1.443
197248;197750;1.432
197248;44302;1.453
29657;5507;1.444
29278;44302;1.439
197248;21229;1.331
1955;5513;1.442
47116;5507;1.283
197750;47116;1.398
197248;8462;1.470
12301;44302;1.507
34655;47116;1.512
31581;47169;1.523
12301;21229;1.477
30904;50261;1.376
20845;47169;1.514
1955;20845;1.346
12303;21229;1.085
31581;41075;1.265
20845;41075;1.234
42232;8990;1.421
31581;43711;1.333
44302;8462;1.455
29657;50261;1.373
20845;43711;1.281
1955;41075;1.421
34655;8990;1.536
20845;29657;0.945
44302;47116;1.375
43711;50261;1.435
1955;50261;1.417
1955;43711;1.442
50261;8990;1.401
1955;29657;1.356
47169;5513;1.468
30904;42232;1.264
47116;47381;1.379
197750;47381;1.403
1955;8462;1.516
47159;47169;1.486
34655;47381;1.493
21229;34655;1.490
47159;5483;1.467
42232;47169;1.474
29657;42232;1.314
20845;42232;1.307
197750;31581;1.351
47116;47159;1.258
41075;5483;1.467
29657;8990;1.336
197750;47159;1.304
1955;42232;1.441
47116;8990;1.462
29657;30904;1.060
29278;8462;1.387
47159;5507;1.309
34655;47159;1.499
30904;8990;1.328
5507;8462;1.408
44302;47381;1.408
41075;5507;1.309
29278;5513;1.414
20845;5483;1.510
31581;50261;1.378
12301;34655;1.515
20845;50261;1.368
12303;34655;1.530
5507;5513;1.398
47169;8462;1.511
197750;44302;1.345
5483;5507;1.487
20845;5507;1.439
197750;21229;1.301
12301;197750;1.505
44302;47159;1.346
31581;5483;1.505
30904;47116;1.376
197750;5513;1.274
5513;8990;1.422
21229;5483;1.459
47169;50261;1.529
31581;5507;1.431
31581;42232;1.307
29657;47116;1.429
43711;5483;1.433
20845;29278;1.463
1955;197248;1.468
43711;47116;1.365
1955;47116;1.478
21229;5507;1.390
1955;29278;1.499
12303;197750;1.326
47381;5483;1.461
47159;50261;1.421
20845;30904;1.045
43711;5507;1.398
42232;50261;1.437
42232;43711;1.169
197248;34655;1.508
12301;5513;1.479
29278;34655;1.513
1955;30904;1.342
21229;47169;1.459
47381;5507;1.410
30904;47381;1.415
41075;8990;1.399
21229;41075;1.137
197750;8462;1.466
30904;31581;1.122
21229;43711;1.196
34655;44302;1.514
29657;47381;1.423
21229;29657;1.098
5483;8990;1.531
30904;47159;1.168
12303;5483;1.510
43711;47381;1.307
1955;47381;1.483
31581;47116;1.414
29657;31581;1.226
20845;47116;1.422
12303;47169;1.514
29657;47159;1.244
12303;5507;1.439
42232;8462;1.438
41075;47169;1.486
31581;8990;1.397
197248;5483;1.486
12301;8462;1.511
12303;41075;1.235
43711;47159;1.188
30904;5513;1.283
1955;47159;1.421
34655;8462;1.516
30904;44302;1.323
42232;5513;1.169
12303;29657;0.946
50261;8462;1.494
41075;43711;1.188
197248;5507;1.453
12303;1955;1.347
47159;8990;1.399
43711;8990;1.422
34655;5513;1.492
44302;5483;1.488
29657;44302;1.412
50261;5513;1.435
43711;44302;1.382
31581;47381;1.439
21229;50261;1.381
44302;5507;1.399
42232;47116;1.359
20845;47381;1.415
197248;47169;1.482
29657;8462;1.489
29278;47169;1.507
20845;8990;1.326
1955;5483;1.536
12301;20845;1.524
47116;8462;1.389
197248;41075;1.397
12303;20845;0.930
29278;41075;1.345
20845;31581;1.217
197750;34655;1.509
12301;47169;1.508
31581;47159;1.265
30904;8462;1.464
29657;5513;1.290
47116;5513;1.365
20845;47159;1.234
197248;29657;1.421
1955;5507;1.490
1955;31581;1.409
12301;41075;1.489
29278;29657;1.469
47169;47381;1.456
21229;42232;1.209
21229;29278;1.402
12303;8990;1.326
12301;43711;1.479
12303;50261;1.368
12301;29657;1.524
12303;43711;1.282
21229;8990;1.357
41075;50261;1.421
21229;30904;1.121
47159;47381;1.323
31581;44302;1.374
5513;8462;1.437
47381;50261;1.470
42232;47381;1.318
20845;44302;1.403
47169;5483;1.510
20845;21229;1.084
47381;8990;1.469
197248;20845;1.418
1955;44302;1.463
1955;21229;1.378
12303;29278;1.463
12303;42232;1.307
47169;5507;1.507
42232;47159;1.160
29657;34655;1.530
41075;42232;1.160
12303;30904;1.046
197248;50261;1.452
197248;43711;1.391
29278;50261;1.492
29278;43711;1.414
21229;47116;1.360
12301;197248;1.497
41075;8462;1.386
29278;5483;1.489
12301;50261;1.531
8462;8990;1.505
47159;5513;1.188
47116;47169;1.504
41075;5513;1.188
197750;47169;1.489
5483;8462;1.492
29278;5507;1.382
34655;47169;1.499
197750;5483;1.483
197750;41075;1.304
197248;8990;1.456
197248;42232;1.411
197248;29278;1.460
30904;34655;1.528
29278;42232;1.412
5483;5513;1.433
20845;5513;1.281
197750;43711;1.274
12303;197248;1.418
197750;29657;1.328
197248;30904;1.419
12303;47116;1.422
12301;29278;1.511
12301;42232;1.460
31581;8462;1.464
29278;30904;1.443
197750;5507;1.415
41075;47116;1.258
20845;34655;1.530
44302;8990;1.451
21229;47381;1.266
12301;30904;1.520
44302;47169;1.506
31581;5513;1.333
1955;34655;1.543
47159;8462;1.386
43711;8462;1.437
21229;31581;1.258
12301;5483;1.512
21229;5513;1.196
21229;47159;1.137
1955;8990;1.356
