30900;5466;1.516
29644;41883;1.455
15806;16171;1.465
43192;47720;1.462
15502;29636;1.526
43192;49634;1.465
15612;43192;1.414
47720;5466;1.515
25441;42090;1.434
16171;42090;1.403
15502;44196;1.485
34110;34912;1.323
31122;34912;1.502
29636;58173;1.392
29636;34245;1.484
25441;43192;1.516
16171;5466;1.518
29636;31122;1.511
39122;5466;1.526
29644;34912;1.513
15806;49634;1.446
15612;29636;1.396
34245;43192;1.512
25441;5466;1.521
25441;29636;1.499
16171;29636;1.462
15806;41883;1.457
1213;42227;1.488
34245;47680;1.493
16171;44196;1.328
34110;34245;1.452
31122;34245;1.514
29636;39122;1.504
15502;43192;1.505
29636;29644;1.510
42227;58173;1.393
29644;58173;1.484
29644;34245;1.516
15806;30900;1.486
15502;47680;1.487
44196;47680;1.351
29644;31122;1.506
15806;34912;1.394
39122;42090;1.494
30900;42090;1.361
34245;47720;1.478
1213;5466;1.521
42090;58173;1.275
34110;39122;1.482
31122;39122;1.520
16171;43192;1.413
15612;47680;1.330
41883;42227;1.445
34912;42227;1.433
15502;47720;1.432
47680;47720;1.421
44196;47720;1.319
29644;39122;1.526
25441;47680;1.503
16171;47680;1.413
44196;49634;1.324
42090;5466;1.508
29636;34110;1.391
15806;34245;1.520
39122;44196;1.488
30900;44196;1.417
15612;5466;1.515
47720;49634;0.944
34110;58173;1.015
31122;58173;1.479
15612;47720;1.265
15612;49634;1.270
25441;47720;1.447
16171;47720;1.384
25441;49634;1.452
15502;15806;1.483
34110;5466;1.509
31122;34110;1.478
15806;39122;1.529
15502;16171;1.511
39122;43192;1.520
30900;43192;1.502
15806;29644;1.531
1213;42090;1.435
43192;58173;1.408
34245;49634;1.479
29644;34110;1.483
39122;47680;1.519
34245;41883;1.448
30900;47680;1.468
15612;30900;1.413
15612;15806;1.445
31122;5466;1.519
15612;34912;1.346
15612;16171;1.285
15502;15612;1.480
41883;5466;1.496
25441;30900;1.456
15502;49634;1.431
47680;49634;1.424
15806;58173;1.432
15806;31122;1.524
15502;41883;1.475
29644;5466;1.505
1213;44196;1.452
15806;25441;1.518
39122;47720;1.499
34245;34912;1.501
30900;47720;1.401
15806;34110;1.426
42090;42227;1.393
29636;42227;1.488
15612;34245;1.460
41883;42090;1.253
34912;42090;1.261
16171;49634;1.387
15612;41883;1.271
15502;30900;1.490
15502;34912;1.407
25441;41883;1.422
16171;41883;1.393
1213;43192;1.517
34110;42227;1.386
31122;42227;1.528
15612;39122;1.488
1213;47680;1.503
41883;44196;1.291
34912;44196;1.375
16171;30900;1.468
29644;42227;1.525
25441;34912;1.459
16171;34912;1.435
15502;34245;1.536
1213;29636;1.500
44196;58173;1.141
15502;31122;1.533
47720;58173;1.260
34245;39122;1.488
42227;5466;1.544
39122;49634;1.500
30900;49634;1.405
29636;5466;1.519
1213;47720;1.448
29636;44196;1.392
15612;58173;1.073
30900;41883;1.315
15612;31122;1.490
41883;43192;1.475
34912;43192;1.449
25441;58173;1.443
25441;34245;1.506
16171;34245;1.482
15502;39122;1.545
25441;31122;1.495
16171;31122;1.497
15806;42227;1.475
15612;25441;1.456
34245;5466;1.517
15612;34110;1.020
15502;29644;1.541
41883;47680;1.428
34912;47680;1.411
34245;58173;1.453
30900;34912;1.418
29636;42090;1.439
1213;16171;1.481
25441;39122;1.519
16171;39122;1.490
15612;29644;1.492
15502;58173;1.472
47680;58173;1.322
42227;44196;1.412
29644;44196;1.494
5466;58173;1.510
49634;5466;1.515
41883;47720;1.261
34912;47720;1.180
25441;29644;1.500
16171;29644;1.496
15502;25441;1.524
15502;34110;1.467
42090;44196;1.323
34110;42090;1.258
31122;42090;1.442
30900;34245;1.476
1213;49634;1.453
39122;41883;1.497
30900;31122;1.488
16171;58173;1.284
29644;42090;1.476
16171;25441;1.480
25441;34110;1.440
16171;34110;1.263
15502;5466;1.554
34110;44196;1.125
31122;44196;1.489
30900;39122;1.514
1213;30900;1.456
1213;15806;1.519
42090;43192;1.464
29636;43192;1.496
15612;42227;1.408
1213;34912;1.460
47680;5466;1.542
42090;47680;1.410
29636;47680;1.440
15806;42090;1.433
41883;49634;1.265
34912;49634;1.185
43192;44196;1.428
34912;41883;1.332
34245;42227;1.520
1213;15612;1.457
39122;58173;1.483
30900;58173;1.399
34110;43192;1.404
31122;43192;1.531
1213;34245;1.506
15806;29636;1.524
1213;41883;1.423
42090;47720;1.255
29636;47720;1.451
15502;42227;1.499
42227;43192;1.482
34110;47680;1.317
31122;47680;1.528
30900;34110;1.394
29644;43192;1.528
29636;49634;1.452
15806;44196;1.448
42227;47680;1.437
29644;47680;1.527
1213;39122;1.519
43192;5466;1.544
34110;47720;1.239
31122;47720;1.482
25441;42227;1.487
16171;42227;1.477
29636;30900;1.477
34912;5466;1.534
15806;43192;1.465
42227;47720;1.451
29644;47720;1.491
29644;49634;1.492
15806;47680;1.465
15806;5466;1.547
1213;58173;1.444
15612;42090;1.285
1213;31122;1.495
42090;49634;1.259
1213;25441;1.364
1213;34110;1.441
34912;39122;1.520
29636;41883;1.444
29644;30900;1.492
15806;47720;1.443
34245;42090;1.466
49634;58173;1.265
39122;42227;1.539
30900;42227;1.466
15612;44196;1.162
43192;47680;1.397
1213;29644;1.500
44196;5466;1.516
34110;49634;1.244
31122;49634;1.484
25441;44196;1.452
15502;42090;1.474
29636;34912;1.484
41883;58173;1.264
34912;58173;1.334
34110;41883;1.235
31122;41883;1.463
42227;49634;1.454
1213;15502;1.525
34245;44196;1.460
