55824;58678;1.415
45820;9829;1.841
17426;18101;1.749
131788;17820;1.315
24309;9396;1.353
24186;45528;1.315
17625;45609;1.489
132335;45916;1.384
131788;24186;1.229
24560;45916;1.385
10029;55740;1.575
132329;17465;1.583
18229;55351;1.459
17813;18101;1.713
133506;9730;0.952
132329;17426;1.363
18229;55353;1.763
55441;9730;1.340
45513;9730;1.338
17917;4755;1.493
132519;17917;1.462
9498;9829;2.888
55410;9583;2.781
24560;9498;2.853
17762;55644;1.402
17426;55740;1.350
132335;45609;0.915
131788;58659;1.510
55713;9498;2.867
24560;45609;0.913
58659;9498;2.862
17917;4758;1.406
133255;17820;1.303
133229;58725;1.906
132335;9885;1.404
24186;24309;1.295
132787;45528;1.475
55577;58725;1.173
4755;9498;2.874
17439;55351;1.472
133255;24186;1.259
17813;55740;1.227
17465;55824;1.472
17439;55353;1.773
18101;24186;1.750
133268;17747;1.295
133255;9885;1.527
131256;55836;1.459
55577;7633;1.268
133268;24029;1.717
131210;9885;1.446
17813;9396;1.079
17465;7633;1.511
55353;55824;1.732
131256;55526;1.556
10077;133506;1.046
24029;58725;1.623
133255;58659;1.265
131256;9396;1.414
133268;17439;1.506
45513;45854;1.333
17465;4755;1.733
17465;18101;1.869
55353;7633;1.713
45854;9730;1.453
45194;55740;1.426
132329;55836;1.472
45820;7633;1.405
55740;55824;1.349
17465;4758;1.450
55644;9829;1.865
24029;55577;1.709
17917;24309;1.487
17820;45528;1.431
132519;55740;1.290
132329;55526;1.560
133295;45769;1.595
133268;18209;1.093
132761;45916;1.614
55351;58659;1.513
17625;24309;1.565
17625;17754;1.487
17443;17762;1.344
45514;55644;1.436
24186;4755;1.521
17754;45513;1.332
45769;55740;1.293
17754;45514;0.911
133229;55410;2.361
132497;17762;1.288
24186;4758;0.912
18209;55713;1.323
17747;4755;1.607
132761;45609;1.418
131210;55351;1.090
58678;9730;1.408
45769;9583;2.615
18209;55441;1.328
17439;17762;1.341
132335;24309;1.293
132335;17754;0.912
131210;55353;1.738
17747;4758;1.092
17447;45769;1.617
133506;55713;1.041
18229;45769;1.319
133295;9498;2.866
133268;55577;0.945
132497;9885;1.464
133506;55441;1.227
133295;17917;1.591
45514;45820;1.319
17747;45916;1.447
132335;17443;1.032
132519;9583;2.669
132329;133506;1.240
10077;55713;1.077
55644;55740;1.405
10077;58678;1.389
10077;55441;1.213
24560;55351;1.046
132335;17447;1.447
10201;45916;1.443
45854;58659;1.610
24309;55351;1.329
17762;24560;1.332
24560;55353;1.697
24309;55353;1.721
17465;38529;1.375
131256;17625;1.383
131788;45528;1.572
17747;45609;1.096
55410;55713;1.720
55410;58678;1.865
17754;24029;1.623
133255;18209;1.096
55740;9498;2.842
55644;7633;1.498
55410;55441;1.832
45528;7633;1.326
18101;18209;1.760
17754;9730;0.924
132497;18229;1.496
10201;45609;1.049
38529;55740;1.226
132497;133295;1.574
132497;133255;0.928
45528;4755;1.740
45528;55577;1.481
17443;55824;1.059
45528;4758;1.315
133255;45528;1.535
133229;17820;1.937
132497;55824;1.153
133295;55740;1.509
45820;55351;1.413
18101;45528;1.834
17426;17762;1.344
55836;9829;1.931
55441;55836;1.457
38529;7633;1.043
45820;55353;1.673
45513;55836;1.453
17443;18101;1.749
45117;45194;1.455
38529;4755;1.508
55441;55526;1.551
10077;9730;1.014
45513;55526;1.551
38529;4758;0.940
17754;58725;0.910
24186;45916;1.384
17917;45769;1.278
18229;9730;1.451
10201;133268;1.261
4755;55836;1.650
17625;9829;1.927
17439;18101;1.781
24029;24186;1.621
133295;133506;1.543
132329;17813;1.240
10201;133229;1.975
9583;9829;2.693
18229;55740;1.333
132761;55351;1.512
10029;18229;1.587
55824;55836;1.160
55526;9396;1.443
17625;45769;1.367
132761;55353;1.808
4755;55526;1.689
24560;9885;1.405
17754;55577;1.173
55713;9885;1.411
24186;45609;0.914
58659;9885;1.603
131256;132519;1.289
4755;9885;1.493
17426;18229;1.451
132787;45916;1.481
17443;45194;1.314
132519;17762;1.286
10029;55824;1.621
55740;58678;1.501
45916;9730;1.385
17439;55740;1.346
132335;45769;1.409
24560;45769;1.410
133268;17820;1.285
132497;45194;1.465
10201;17754;1.046
10201;24309;1.329
17762;55410;1.830
133506;9583;2.673
45514;58725;0.911
17813;18229;1.368
17443;45117;1.455
45609;55713;1.034
17747;55351;1.092
133268;24186;1.130
45609;58678;1.402
17426;55824;1.059
132787;45609;1.134
131210;17917;1.446
10201;17443;1.044
55836;7633;1.143
55441;9583;2.596
45609;55441;1.339
45513;9583;2.595
17747;55353;1.761
132497;45117;1.498
4758;55351;1.044
17426;9730;1.044
133229;24029;2.070
55410;9396;1.751
4758;55353;1.696
17820;9498;2.841
133255;133506;1.197
10201;17447;1.521
131256;55644;1.404
17813;55824;0.964
17443;38529;1.040
133268;58659;1.262
132335;133268;1.126
132497;38529;1.093
132335;133229;1.905
17820;45916;1.563
133506;17465;1.375
133506;17426;1.041
45514;9829;1.819
45117;55713;1.455
17447;55351;1.519
132329;55644;1.416
45117;58678;1.548
10077;17465;1.435
131256;45820;1.231
45194;55824;1.322
45117;55441;1.333
17447;55353;1.813
133229;18209;2.089
10077;17426;1.077
45854;9583;2.616
17820;45609;1.334
17465;18229;1.619
45117;9498;2.851
17465;45854;1.622
10029;45194;1.711
132519;55824;1.152
131210;55740;1.381
131256;45513;0.927
133295;9885;1.591
131256;45514;1.334
10029;45117;1.589
45514;55410;1.638
45528;58659;1.644
17426;45194;1.314
132761;45769;1.605
45769;55824;1.422
18209;55836;1.432
24186;55351;1.044
17762;45820;1.228
133229;55577;2.039
132519;18101;1.748
17426;45117;1.455
133295;17762;1.506
24560;55740;1.337
24186;55353;1.696
17813;45194;1.294
10029;38529;1.579
24309;55740;1.328
133506;55836;1.141
131210;131256;1.379
18209;55526;1.538
133229;9829;2.260
132787;24309;1.094
132787;17754;1.131
132519;133295;1.572
132497;58678;1.472
131788;45916;1.613
58678;9583;2.639
18101;58659;1.867
132519;133255;0.928
131788;133506;1.256
45769;9396;1.471
17754;17820;1.332
133268;9730;1.140
132761;9498;2.862
55740;9885;1.293
45609;45854;1.451
17813;45117;1.373
10077;55836;1.181
10077;131788;1.238
17762;45513;0.924
133506;55526;1.326
132787;17443;1.250
17762;45514;1.332
17754;24186;0.911
17426;38529;1.040
55644;55824;1.457
17747;45769;1.462
45820;4755;1.532
132761;17917;1.603
55351;9730;1.045
132787;17447;1.303
132519;9396;1.254
131788;45609;1.231
131256;17747;1.405
10077;55526;1.446
45820;4758;1.320
10201;45769;1.421
55410;55836;1.788
18101;9829;2.065
17813;38529;0.938
131788;9730;1.240
10201;9498;2.870
133255;45916;1.531
17917;55351;1.419
133268;133506;1.091
131256;24560;1.334
18101;45916;1.924
131256;17439;1.344
55410;55526;1.859
45820;55740;1.229
17917;55353;1.729
45194;9498;2.885
38529;55824;0.963
45117;45854;1.319
17820;24309;1.325
17754;9583;2.622
17465;45194;1.646
133268;45528;1.475
17625;55351;1.496
17747;17917;1.462
17625;55353;1.799
133255;45609;1.262
18101;45609;1.751
17465;45117;1.622
132329;24560;1.349
10029;58678;1.682
17762;24029;1.608
55441;55644;1.405
17439;9730;1.464
133295;55824;1.486
132519;38529;1.090
45513;55644;1.402
132335;55351;1.045
133229;7633;1.967
132761;55740;1.558
132335;55353;1.718
131256;58725;1.336
10077;132787;1.175
17426;58678;1.467
17443;18229;1.451
17443;45854;1.455
133295;18101;1.874
4755;55644;1.626
24309;9829;1.893
10077;9583;2.627
17813;58678;1.364
17447;17917;1.614
10029;10077;1.574
24186;45769;1.409
132497;45854;1.498
18229;9583;2.615
18229;55824;1.460
18101;7633;1.756
17439;18229;1.327
132329;17625;1.402
131788;17754;1.229
131788;24309;1.423
45854;45916;1.591
38529;45194;1.294
17747;55740;1.399
17762;58725;1.332
131256;132329;0.951
4758;55740;1.337
45194;58678;1.578
17820;9885;1.287
131788;17443;1.334
17447;18101;1.868
133229;24186;1.906
45916;55351;1.441
38529;45117;1.373
17754;18209;1.295
17439;55824;1.473
132787;45769;1.466
132335;9730;0.925
131210;17762;1.376
45916;9583;2.652
45916;55353;1.833
131788;17447;1.544
45609;55836;1.137
131210;133295;1.514
17762;55577;1.264
131210;133255;1.273
17762;9498;2.841
133255;9730;1.269
18209;9498;2.922
133506;9396;1.079
131210;9730;0.969
17465;55713;1.511
133506;17813;0.938
133255;24309;1.096
133255;17754;1.260
133229;58659;2.108
132761;133295;1.675
45609;55526;1.384
17813;9829;1.805
17465;58678;1.644
132761;133255;1.265
131256;55410;1.831
55577;58659;1.287
18101;24309;1.760
17465;55441;1.571
55441;9396;1.408
45513;9396;1.405
17447;55740;1.570
17426;9583;2.657
131256;9829;1.719
45769;58678;1.511
133255;17443;1.360
10077;17813;1.046
4758;9498;2.853
10029;45854;1.589
55353;55713;1.713
45117;9885;1.319
55353;58678;1.829
132497;132761;1.264
55353;55441;1.588
133255;17447;1.304
133295;38529;1.543
24029;9498;2.870
132329;55410;1.839
55824;9498;2.861
45117;55836;1.556
24029;58659;1.810
17820;45769;1.293
17426;45854;1.455
55836;58678;1.544
45117;55526;1.579
58678;58725;1.400
17813;45854;1.373
45609;9498;2.855
24186;55740;1.336
17439;45194;1.464
132329;9498;2.846
45854;9396;1.478
17625;17917;1.367
131210;55824;0.985
10201;55351;1.046
18229;38529;1.368
132761;9885;1.603
17439;45117;1.332
10201;55353;1.718
45514;55577;1.173
18209;55644;1.567
17917;18101;1.733
17820;17917;1.287
132497;9730;1.141
55441;58725;1.336
45194;45854;1.455
132335;17917;1.404
17813;7633;1.043
17625;7633;1.493
133506;55644;1.464
131210;18101;1.792
131256;17820;0.927
24560;55824;0.939
10029;17465;1.783
24309;55824;1.312
17439;38529;1.381
132519;18229;1.494
10029;17426;1.616
10201;9885;1.419
17625;4755;1.566
132761;17762;1.556
10077;55644;1.406
131788;45769;1.576
18209;45820;1.349
58678;9396;1.495
17917;55740;1.292
17625;4758;1.487
133268;9583;2.669
55713;55740;1.349
45194;9885;1.451
133506;45820;1.181
133268;45916;1.481
45769;45854;1.319
55410;55644;1.909
17625;55740;1.381
55351;9583;2.661
132329;45820;1.243
18209;45513;1.325
10077;45820;1.295
18209;45514;1.295
17762;17820;0.924
133229;45528;2.048
131788;9583;2.684
131210;45194;1.303
17762;24186;1.332
17747;17762;1.399
133506;45513;1.222
133268;45609;1.132
133255;45769;1.529
45820;55824;1.338
17443;55713;1.029
133506;45514;0.939
18101;45769;1.738
17443;58678;1.467
132335;55740;1.335
17443;55441;1.349
132329;45513;0.949
132497;55713;1.251
132329;45514;1.349
10077;45513;1.209
131210;45117;1.452
10029;133506;1.580
10077;45514;1.004
17754;9396;1.074
17443;9498;2.867
132497;55441;1.291
131210;132335;0.957
24029;45528;1.686
133229;17754;1.906
45513;55410;1.830
17439;58678;1.558
24309;45194;1.493
45528;45916;1.637
17439;9583;2.617
133229;17443;1.966
132787;55351;1.259
131210;38529;0.984
45514;7633;1.034
132787;9498;2.913
132787;55353;1.712
132761;55824;1.437
131256;24029;1.610
58659;58678;1.624
38529;45854;1.373
24309;45117;1.511
17447;17762;1.568
55526;9829;1.920
133229;17447;2.127
4755;55410;2.050
45514;4755;1.521
17754;58659;1.416
132519;45194;1.464
10077;132519;1.174
45528;45609;1.318
24560;9730;0.923
24029;24309;1.731
55713;9730;1.044
45514;4758;0.913
58659;9730;1.426
18209;24560;1.295
24560;38529;0.938
133295;18229;1.630
132329;17747;1.410
4755;9730;1.526
45916;55740;1.563
24309;38529;1.219
132761;18101;1.866
132519;45117;1.497
132329;24029;1.623
10077;9396;1.120
133506;24560;0.940
18229;9396;1.476
17762;9885;1.287
18209;9885;1.488
10029;55713;1.616
17747;55824;1.107
131256;18209;1.328
132519;132761;1.262
132329;17439;1.366
10077;24560;1.005
10029;55441;1.575
17820;55351;1.353
10201;17917;1.419
4758;55824;0.940
17820;55353;1.585
17754;45916;1.384
9396;9498;2.869
55410;9829;2.154
4758;9885;1.406
45609;55644;1.438
17426;55713;1.030
133268;24309;1.093
133268;17754;1.130
17447;18229;1.619
132335;9583;2.622
45514;58659;1.416
18209;58725;1.295
17426;55441;1.350
17747;18101;1.803
133229;4755;2.031
131788;132787;1.277
45916;9396;1.448
24029;9885;1.656
17465;55836;1.585
133268;17443;1.248
132497;17813;1.093
55824;9885;1.420
17813;55713;1.041
133506;58725;0.940
133255;9583;2.607
133229;4758;1.907
131210;9583;2.627
10201;18101;1.754
45513;45820;1.228
17813;55441;1.227
133506;17625;1.419
133268;17447;1.302
131256;55577;1.268
17762;18209;1.325
17465;55526;1.666
17447;55824;1.471
132329;58725;1.351
55526;7633;1.439
55353;55836;1.794
17439;45854;1.332
17426;9396;1.085
10077;17625;1.406
45609;9885;1.407
17447;9498;2.873
132329;9885;1.312
18101;4755;1.752
55353;55526;1.852
45117;55644;1.706
55740;55836;1.457
45194;55713;1.314
7633;9498;2.867
45513;45514;1.331
18101;4758;1.750
132329;55577;1.280
45194;55441;1.426
10201;55740;1.355
132761;38529;1.351
17625;17762;1.381
131788;55351;1.346
133295;9730;1.478
132519;55713;1.248
133295;45194;1.692
132519;58678;1.471
131788;55353;1.754
132519;55441;1.290
24186;55824;0.939
55410;7633;1.720
133295;45117;1.633
132329;132787;1.302
10029;17813;1.580
132335;17762;1.331
58725;9498;2.853
45769;55713;1.416
18209;55410;1.738
17917;9498;2.849
17754;45528;1.315
45820;58678;1.516
45769;55441;1.293
17443;17465;1.510
45769;9829;1.870
17747;38529;1.092
133506;55410;1.637
133255;55351;1.369
55740;9730;1.340
24309;7633;1.325
132787;17917;1.464
132497;17465;1.304
18101;55351;1.759
17917;18229;1.314
17447;45194;1.645
133255;55353;1.696
132497;9583;2.669
18229;45194;1.452
132497;17426;1.251
18101;55353;1.640
10077;55410;1.686
24309;4755;1.616
132519;9829;1.854
131210;18229;1.447
55644;55713;1.498
17754;24309;1.295
17447;45117;1.621
133229;45916;2.052
131210;45854;1.452
55644;58678;1.683
24309;4758;1.296
18229;45117;1.319
55577;9498;2.911
17917;55824;1.420
55713;55824;1.059
17465;9498;2.873
132787;18101;1.749
133268;9396;1.254
131210;132761;1.417
55351;55353;1.718
45514;45528;1.316
55526;55740;1.552
17625;55824;1.500
17447;38529;1.374
17443;9885;1.411
133268;45769;1.466
133229;45609;1.907
133229;133295;2.055
133229;133255;2.052
38529;55713;1.040
24309;45854;1.511
24029;45916;1.795
55351;9396;1.095
38529;58678;1.364
132497;133268;0.928
38529;55441;1.226
17443;55836;1.143
132497;133229;2.038
132787;9885;1.464
45513;58725;1.332
132787;55740;1.290
132497;55836;1.349
132335;55824;0.937
131788;9396;1.372
131210;132497;1.165
17625;18101;1.805
131256;7633;1.353
24186;9498;2.853
17443;55526;1.438
24029;45609;1.624
17813;4755;1.508
133295;55713;1.550
132519;45854;1.497
131256;24186;1.335
45769;7633;1.417
17465;17813;1.375
133295;58678;1.659
9730;9829;1.826
4758;58678;1.400
133295;55441;1.509
132497;55526;1.481
131256;4755;1.307
10201;133506;1.054
55441;55577;1.268
17813;4758;0.940
17747;9498;2.875
45854;55351;1.459
17820;18101;1.564
4755;58725;1.521
45769;4755;1.494
45513;55577;1.264
24186;38529;0.938
17426;17465;1.511
131256;4758;1.337
45854;55353;1.766
132335;18101;1.750
132329;17820;0.949
55824;58725;0.939
45769;4758;1.410
45528;45769;1.461
131256;58659;1.559
45820;45854;1.544
132329;24186;1.350
17917;45194;1.451
17439;9396;1.488
4755;55577;1.586
10077;132329;1.232
18229;55713;1.451
17447;58678;1.644
18229;58678;1.546
17917;45117;1.319
17820;55740;0.929
17625;45194;1.494
9396;9885;1.469
24560;9583;2.622
18229;55441;1.333
55713;9583;2.657
131788;17917;1.571
58659;9583;2.631
45916;55824;1.398
17820;9730;1.338
10201;17762;1.354
4755;9583;2.637
17625;45117;1.367
10029;55836;1.700
132761;18229;1.608
17917;38529;1.327
17762;58659;1.556
17439;55713;1.463
133229;24309;2.089
132335;45194;1.303
24560;45194;1.305
45528;9498;2.888
17439;55441;1.346
133506;9829;1.805
10029;55526;1.632
45609;55410;1.639
132519;17465;1.303
17426;55836;1.143
132335;133506;0.942
17625;38529;1.419
132519;17426;1.249
132335;45117;1.447
131788;18101;1.747
55441;9829;1.721
45513;9829;1.718
24560;45117;1.449
17754;45769;1.409
17447;9885;1.615
133255;17917;1.527
18209;24029;1.721
17465;55644;1.630
17426;55526;1.438
45117;9730;1.453
17813;55836;1.141
132335;9396;1.074
7633;9885;1.413
133506;17747;1.092
17747;18229;1.463
133506;24029;1.624
38529;9498;2.909
132335;38529;0.941
131788;132519;1.274
55353;55644;1.710
17813;55526;1.326
133295;45854;1.633
133255;9396;1.373
10077;17747;1.136
131788;55740;1.319
10077;24029;1.584
10201;18229;1.459
131210;9396;1.082
45117;55410;1.922
24029;55351;1.628
17465;45820;1.513
133506;17439;1.381
131256;133295;1.509
131256;133255;1.307
45194;55836;1.427
24029;55353;1.944
10077;17439;1.368
10077;10201;1.089
58725;9885;1.406
45854;9829;1.906
17917;9885;1.273
10201;55824;1.060
45194;55526;1.633
17917;58678;1.509
132519;55836;1.347
133506;18209;1.221
17443;17813;1.041
132761;9730;1.426
17447;45854;1.621
131210;55713;1.076
18229;45854;1.319
133295;9583;2.642
133255;55740;1.305
132329;18209;1.339
10029;9498;2.875
131210;58678;1.441
133506;7633;1.043
132519;55526;1.481
131210;55441;1.381
131256;45528;1.441
18101;55740;1.564
17754;45609;0.915
132787;133295;1.574
132761;45194;1.636
45769;55836;1.517
133268;55351;1.259
132787;133255;0.928
55441;7633;1.351
17439;17813;1.381
132787;17762;1.288
133268;55353;1.711
10029;17625;1.630
55577;9885;1.455
45609;45820;1.322
18209;55577;1.093
10077;58725;1.004
132761;45117;1.610
132329;132519;1.301
10201;9730;1.045
45769;55526;1.579
24560;55713;1.031
55441;58659;1.558
24560;58678;1.400
24309;55713;1.323
17465;9885;1.615
58678;9829;1.902
24560;55441;1.337
24309;58678;1.569
133506;55577;1.109
132519;133268;0.924
55351;55740;1.354
24309;55441;1.328
133295;17465;1.710
131256;17754;1.336
55740;9583;2.596
45514;45916;1.385
45194;9730;1.313
132519;133229;2.037
133295;17426;1.550
55644;55836;1.587
55410;58725;1.637
132497;9396;1.255
10077;55577;1.179
17762;45528;1.431
131256;17443;1.350
17747;45194;1.323
133229;45769;1.963
131256;17447;1.571
45514;45609;0.913
10201;45194;1.323
45117;45820;1.544
17747;45117;1.463
17465;24560;1.451
55410;55577;1.642
45528;55351;1.327
24186;9885;1.404
55526;55824;1.394
45528;55353;1.818
132787;18229;1.496
38529;55836;1.141
10201;45117;1.460
45820;55713;1.403
17762;24309;1.325
17747;9885;1.462
17754;9829;1.819
17443;55644;1.497
45820;55441;1.229
45916;58678;1.595
45854;55740;1.333
45117;45513;1.333
24029;45769;1.659
45117;45514;1.449
38529;55526;1.325
17426;17813;1.041
132497;55644;1.472
17917;45854;1.319
132787;55824;1.152
133295;55836;1.639
133229;17917;1.961
10201;38529;1.054
17439;17465;1.631
17625;18229;1.367
17625;45854;1.367
17443;45820;1.403
17465;17625;1.663
133295;55526;1.671
132761;55713;1.502
132761;58678;1.624
132497;45820;1.234
132761;55441;1.558
17820;18229;1.328
17754;55351;1.044
132335;18229;1.444
10077;9829;1.807
17754;55353;1.696
17443;45513;1.344
132335;45854;1.447
55353;9498;2.913
24560;45854;1.449
17443;45514;1.031
131256;132335;1.334
131788;17762;1.315
45820;9498;2.867
24186;45194;1.304
18229;9829;1.904
18229;55836;1.553
55740;58725;1.336
45528;9885;1.460
17762;9730;1.339
132497;45513;1.288
18209;9730;1.299
132497;45514;1.132
17820;55824;1.348
132519;17813;1.091
9829;9885;1.868
24186;45117;1.448
18229;55526;1.579
17747;55713;1.092
10029;55644;1.778
45609;58725;0.914
24560;9396;1.075
17747;58678;1.518
55713;9396;1.085
4758;9730;0.925
17820;9583;2.595
17747;55441;1.399
58659;9396;1.505
4758;55713;1.032
17439;55836;1.566
18209;24186;1.295
4758;55441;1.337
4755;9396;1.594
133506;17820;1.222
132787;45194;1.465
10201;58678;1.476
45916;9829;1.923
38529;9885;1.327
133268;17917;1.462
133255;17762;1.304
24029;9730;1.626
17426;55644;1.497
55824;9730;0.938
17439;55526;1.591
133506;24186;0.938
131210;133268;1.163
45609;55577;1.175
132519;7633;1.250
10077;17820;1.209
10201;131788;1.347
131210;17465;1.451
17465;55410;1.768
132787;45117;1.497
10029;45820;1.710
131210;133229;1.914
131210;17426;1.076
18209;58659;1.373
132761;133268;1.262
10077;24186;1.004
24029;55740;1.611
17813;55644;1.464
132519;4755;1.594
131788;18229;1.611
17426;9829;1.853
132761;133229;2.108
17447;55713;1.509
55353;55410;2.034
45609;9730;0.926
45117;58725;1.448
133506;58659;1.352
132519;4758;1.131
132329;9730;1.350
45117;9583;2.616
17447;55441;1.570
17443;24560;1.031
17426;45820;1.403
133268;18101;1.748
132787;38529;1.092
10029;45513;1.573
131788;132329;1.333
132329;58659;1.570
10077;7633;1.079
10029;45514;1.608
132497;24560;1.133
131788;55824;1.253
18229;7633;1.453
10029;9885;1.552
45194;55644;1.673
17820;45194;1.422
17813;45820;1.181
10077;4755;1.485
45117;55577;1.493
132761;45854;1.610
131256;45916;1.567
17426;45513;1.344
55644;9498;2.920
17426;45514;1.031
10077;4758;1.006
10029;131788;1.776
17820;45117;1.333
133268;55740;1.290
132519;55644;1.469
24186;55713;1.031
17813;45513;1.222
131210;55836;1.178
24186;58678;1.399
17813;45514;0.939
133229;55351;1.974
131256;45609;1.334
45194;45820;1.593
24186;55441;1.336
45916;7633;1.442
17443;17625;1.493
133255;55824;1.280
133229;55353;2.208
132761;9583;2.631
55526;58678;1.590
132497;58725;1.132
10201;132787;1.261
45769;55644;1.667
18101;55824;1.762
17820;38529;1.220
133295;17813;1.543
131210;55526;1.383
133295;9396;1.586
132497;17625;1.544
10029;17747;1.660
17747;45854;1.463
17762;45916;1.563
45194;45513;1.422
24560;55836;1.134
17439;17625;1.377
45194;45514;1.305
24309;55836;1.432
10201;45854;1.460
133255;18101;1.730
132787;58678;1.472
10029;24560;1.608
10077;131210;1.049
10201;9583;2.661
10029;17439;1.596
55351;55824;1.059
45769;45820;1.504
24560;55526;1.381
17754;17917;1.405
45528;55740;1.432
24309;55526;1.538
17762;45609;1.334
131788;45194;1.561
133268;9829;1.854
10077;131256;1.213
45514;45769;1.409
45194;9583;2.678
17917;55713;1.411
55740;9396;1.408
17426;24560;1.031
132761;17465;1.304
55713;58678;1.467
17917;55441;1.292
17465;45513;1.569
17443;9730;1.044
17465;45514;1.450
132761;17426;1.503
131788;45117;1.615
10029;132787;1.674
55351;9829;1.861
17625;55713;1.492
17625;58678;1.590
10077;18209;1.280
17813;24560;0.940
17625;55441;1.381
18209;45528;1.500
38529;55644;1.464
132787;9730;1.141
131788;9829;1.892
10029;58725;1.608
45820;55836;1.465
45513;7633;1.347
17443;55410;1.721
133506;4755;1.508
133255;45194;1.525
132335;132787;1.129
131788;38529;1.254
17820;58678;1.499
133506;45528;1.306
18101;45194;1.831
133506;4758;0.940
133229;17762;1.938
132497;55410;1.625
132335;55713;1.032
45513;4755;1.305
132335;58678;1.398
45854;55824;1.461
45820;55526;1.588
132335;55441;1.335
132329;45528;1.441
17426;58725;1.031
133255;45117;1.541
10077;45528;1.295
55836;9498;2.872
45513;58659;1.556
45513;4758;1.333
133295;55644;1.718
131256;24309;1.328
18101;45117;1.775
17426;17625;1.493
131256;132761;1.559
38529;45820;1.180
17754;55740;1.336
55353;9885;1.740
24186;45854;1.448
45820;9885;1.502
17465;17747;1.524
17813;58725;0.940
17465;24029;1.813
17439;9829;1.911
132519;24560;1.130
132761;55836;1.579
133255;38529;1.196
4755;58659;1.720
18101;38529;1.711
132329;24309;1.339
132329;17754;1.351
45854;7633;1.456
38529;45513;1.220
17625;9498;2.857
55824;58659;1.438
38529;45514;0.938
132761;55526;1.629
131256;132497;1.292
9396;9730;1.084
17447;17465;1.304
132329;17443;1.363
45854;4755;1.531
18229;55644;1.703
132787;45854;1.497
9498;9885;2.849
45194;58725;1.304
55351;7633;1.046
45916;55713;1.442
45854;4758;1.449
132329;17447;1.582
45916;55441;1.563
17762;9583;2.595
131788;58678;1.566
10029;55410;2.038
18209;9583;2.677
17747;55836;1.202
131210;17813;0.984
17762;55351;1.353
133268;17762;1.286
132519;17625;1.543
4758;55836;1.132
17439;55644;1.715
17762;55353;1.586
17747;55526;1.443
17465;58725;1.450
132497;17820;1.288
4758;9583;2.622
17447;9730;1.459
17426;55410;1.721
58678;7633;1.468
17820;9396;1.405
4758;55526;1.381
45769;58725;1.409
132335;9829;1.819
7633;9730;1.046
55353;58725;1.696
24029;9583;2.665
55824;9583;2.630
17820;45854;1.333
17813;55410;1.637
133255;58678;1.543
17465;55577;1.324
17439;45820;1.555
133255;9829;1.827
133229;18101;2.175
131210;9829;1.857
10077;133295;1.464
24029;55824;1.638
17447;55836;1.585
10077;133255;1.241
55644;9885;1.664
55836;58725;1.133
55353;55577;1.703
45609;9583;2.623
17447;55526;1.665
132329;9583;2.600
45514;9498;2.853
17439;45513;1.341
58725;9730;0.924
45194;55410;1.832
45117;9396;1.478
17917;9730;1.411
17439;45514;1.457
133268;18229;1.494
133295;24560;1.472
55351;58678;1.475
17754;7633;1.033
133229;55740;1.939
45513;45528;1.431
55577;55740;1.268
10201;55713;1.044
132519;55410;1.624
17754;4755;1.521
131256;45769;1.295
10201;55441;1.355
10029;17820;1.573
45514;55351;1.045
133268;55824;1.152
24186;55836;1.133
17754;4758;0.912
131210;55644;1.478
45514;55353;1.697
17443;17747;1.092
17443;24029;1.620
55577;9730;1.183
45769;55410;1.886
24186;55526;1.380
132497;17747;1.295
131788;45854;1.615
18229;24560;1.444
132497;24029;1.718
17465;9730;1.460
132761;9396;1.505
17439;17747;1.476
133295;17625;1.666
132335;17465;1.448
24560;55644;1.437
17813;17820;1.222
133255;7633;1.361
133229;9498;2.885
132329;133295;1.521
10201;132519;1.261
131210;45820;1.364
45854;58678;1.548
24309;55644;1.567
17754;17762;1.333
132761;17813;1.352
132497;9829;1.856
132335;17426;1.032
132329;133255;1.317
131210;7633;1.078
10077;58659;1.422
17762;45769;1.293
132497;17439;1.508
131256;17917;1.289
133255;4755;1.576
17439;24560;1.457
18229;4755;1.530
18209;45916;1.544
133255;4758;1.260
133255;18229;1.540
45528;55824;1.324
17917;55836;1.513
133255;45854;1.541
131210;45513;1.376
10201;9396;1.096
55713;55836;1.143
55410;58659;1.742
18101;18229;1.775
131210;45514;0.957
24186;9730;0.923
18229;4758;1.445
18101;45854;1.775
132497;18209;1.094
132497;133506;1.093
24309;45820;1.349
18101;9498;2.904
133506;45916;1.332
45194;9396;1.321
24029;38529;1.623
17917;55526;1.578
17625;55836;1.591
17443;58725;1.031
17747;9730;1.092
17443;9583;2.657
132329;45916;1.572
55836;9885;1.513
55526;55713;1.438
18209;45609;1.298
17747;17813;1.092
133268;45194;1.464
10077;45916;1.449
38529;55410;1.637
133229;133268;2.037
17762;17917;1.287
45820;55644;1.432
17625;55526;1.610
10029;132519;1.674
45916;4755;1.702
24309;45513;1.325
133506;45609;0.943
132519;45820;1.233
10029;24029;1.837
24309;45514;1.295
17465;17820;1.569
17439;58725;1.458
133268;45117;1.497
17443;55577;1.265
132787;9583;2.669
132335;55836;1.133
45916;4758;1.384
132329;45609;1.351
17465;24186;1.450
17426;7633;1.032
132787;55713;1.250
10077;45609;1.007
133295;55410;1.945
132497;55577;0.949
17625;9885;1.367
17426;17747;1.092
132787;55441;1.290
132335;132519;1.126
10029;10201;1.622
58659;58725;1.416
17426;24029;1.620
132335;55526;1.380
9583;9885;2.614
17426;4755;1.560
132519;45513;1.285
133268;38529;1.090
132519;45514;1.130
17754;55824;0.939
132497;7633;1.252
17447;17813;1.375
17426;4758;1.032
132761;55644;1.600
10077;132335;1.003
17813;24029;1.624
17426;17439;1.463
131210;24560;0.957
10029;18209;1.685
24309;9498;2.922
45528;9730;1.315
18229;55410;1.920
17754;18101;1.749
17762;55740;0.930
17426;18209;1.323
9396;9583;2.658
24560;9829;1.819
17820;55713;1.344
55713;9829;1.853
45916;55836;1.517
58659;9829;1.958
55740;58659;1.558
17820;55441;0.929
24309;24560;1.295
4755;9829;1.851
17747;55644;1.551
17813;18209;1.221
132519;17747;1.295
45916;55526;1.388
38529;9730;0.951
17439;55410;1.932
132519;24029;1.717
10029;55577;1.669
4758;55644;1.436
45609;58659;1.419
18209;24309;1.093
17762;9396;1.405
10201;17465;1.521
18209;9396;1.353
131210;17625;1.490
10201;17426;1.044
133506;24309;1.221
133506;17754;0.940
133268;58678;1.471
133255;133295;1.523
132519;17439;1.506
17426;55577;1.266
131256;55351;1.360
17447;9583;2.646
4758;9396;1.074
45514;9885;1.404
17813;9498;2.909
131256;55353;1.587
133506;17443;1.041
133295;45820;1.578
133268;7633;1.250
10077;17754;1.004
10077;24309;1.280
131256;9498;2.842
7633;9583;2.658
17813;55577;1.109
17447;55644;1.629
45513;45916;1.563
24029;9396;1.646
133506;17447;1.375
133268;4755;1.594
10077;17443;1.077
55824;9396;1.099
133229;18229;1.967
132329;55351;1.366
10029;9730;1.612
45117;58659;1.610
133268;4758;1.131
133295;45513;1.506
132329;55353;1.596
131788;55713;1.334
10077;17447;1.434
17465;18209;1.411
133295;45514;1.472
45514;55740;1.337
132519;58725;1.130
131788;7633;1.336
131788;55441;1.319
131256;133268;1.289
17754;38529;0.939
45513;45609;1.334
24560;7633;1.034
17625;17813;1.419
17443;17820;1.344
131256;133229;1.939
55713;7633;1.032
45609;9396;1.078
45194;55577;1.470
17447;45820;1.512
132329;9396;1.423
58725;9583;2.622
58659;7633;1.504
18229;45820;1.542
17917;9583;2.614
133229;55824;1.921
131788;4755;1.619
10201;55836;1.157
45528;58678;1.587
17443;24186;1.031
55577;55824;1.195
4755;7633;1.561
132761;24560;1.416
131788;4758;1.231
132519;55577;0.945
132497;24186;1.132
131210;55410;1.676
45820;58725;1.319
24186;55644;1.436
17439;17820;1.341
133229;9885;1.961
10201;55526;1.440
133295;9829;1.932
132335;17813;0.942
17447;45513;1.567
133255;55713;1.360
18229;45513;1.328
17447;45514;1.449
4755;4758;1.521
18229;45514;1.444
18101;55713;1.754
17439;7633;1.465
133255;55441;1.305
132519;133506;1.091
18101;58678;1.810
132787;133268;0.927
18101;55441;1.564
45769;55577;1.459
132787;133229;2.037
132497;58659;1.264
55577;9583;2.668
17439;4755;1.542
133295;17747;1.601
131788;133295;1.579
131256;17762;0.927
24560;55410;1.638
133295;24029;1.849
131788;133255;1.257
55644;58725;1.436
24309;55410;1.738
18101;9885;1.737
17465;9583;2.646
17439;4758;1.458
132787;17465;1.304
17747;24560;1.094
10201;132329;1.365
132787;17426;1.251
55740;9829;1.721
55351;55713;1.045
133268;45854;1.497
133295;17439;1.641
132761;17625;1.653
55351;55441;1.354
17917;55644;1.664
38529;58725;0.939
18209;45769;1.491
133268;133295;1.572
133229;45194;2.040
10029;24186;1.608
18229;24029;1.645
17625;55644;1.741
24186;9583;2.621
55526;55836;1.514
133506;45769;1.333
17426;17820;1.344
133229;45117;1.969
45820;55410;1.804
17447;24560;1.450
132335;7633;1.033
17917;45820;1.502
17747;9583;2.666
132329;45769;1.314
38529;55577;1.108
17443;9396;1.085
17426;24186;1.031
133295;58725;1.472
10077;45769;1.320
10077;132761;1.422
4758;58725;0.912
10029;58659;1.774
10029;132329;1.586
132335;55644;1.435
132335;4755;1.519
45854;55713;1.455
24029;45194;1.681
17439;24029;1.656
45528;45854;1.461
45117;45528;1.460
17625;45820;1.587
132787;55836;1.349
55353;9730;1.701
45854;55441;1.333
45513;55351;1.353
133229;38529;1.957
132335;4758;0.912
45820;9730;1.328
24309;9885;1.488
17813;24186;0.938
45513;55353;1.585
17917;45513;1.287
132787;9396;1.255
24029;45117;1.659
17917;45514;1.405
17426;58659;1.503
133295;55577;1.566
131210;4755;1.562
132787;55526;1.481
17443;18209;1.323
10077;132497;1.176
132761;55410;1.746
131210;4758;0.958
17625;45513;1.381
132335;45820;1.318
4755;55351;1.564
24560;45820;1.320
17625;45514;1.487
17447;58725;1.449
55526;9498;2.865
24186;24560;0.911
18229;58725;1.445
17813;58659;1.352
132329;17917;1.312
4755;55353;1.763
17447;17625;1.662
131256;18101;1.566
9498;9730;2.856
17439;18209;1.531
132519;17820;1.285
17443;45528;1.326
132335;45513;1.331
45528;9583;2.681
24560;45513;1.332
132519;24186;1.130
132335;45514;0.912
24560;45514;0.910
18229;55577;1.490
17820;55836;1.453
17762;55824;1.348
10201;17813;1.054
45916;55644;1.642
132497;45528;1.475
45194;58659;1.634
17754;18229;1.445
131788;17465;1.545
17754;45854;1.448
17747;55410;1.766
131210;133506;0.984
131788;17426;1.334
17820;55526;1.551
17813;9885;1.327
131256;55740;0.932
4758;55410;1.638
17820;9829;1.718
131256;9885;1.290
133229;58678;1.994
132761;133506;1.352
131210;17747;1.092
55410;9498;3.004
17762;18101;1.564
17439;55577;1.502
131210;24029;1.623
55577;58678;1.484
38529;9583;2.673
17917;24560;1.405
17465;58659;1.304
132497;4755;1.595
132329;55740;0.951
45769;58659;1.605
17625;24560;1.487
133255;17465;1.305
131788;132335;1.228
131210;17439;1.460
55644;9730;1.446
133255;17426;1.361
132497;4758;1.133
55353;58659;1.808
24029;55713;1.623
17447;55410;1.768
24029;58678;1.794
17447;9396;1.516
24029;55441;1.611
45117;9829;1.906
132761;45820;1.489
132497;132787;0.928
7633;9396;1.086
132335;24560;0.912
45513;45769;1.293
131788;55836;1.407
10029;45528;1.716
17917;58725;1.405
55836;58659;1.579
17465;45916;1.651
10029;9583;2.654
45514;55824;0.938
131788;55526;1.610
131210;58725;0.957
132761;45513;1.555
10201;55644;1.508
17426;45528;1.326
132761;45514;1.416
133268;55713;1.248
24186;55410;1.637
133295;17820;1.506
58725;9396;1.074
17917;9396;1.468
133268;55441;1.290
10029;17754;1.608
17754;45194;1.304
17747;45820;1.459
18209;55351;1.329
17813;45528;1.306
133295;24186;1.471
133255;55836;1.446
131210;55577;1.210
132787;17813;1.094
132761;9829;1.958
24560;58725;0.912
18209;55353;1.721
18101;55836;1.844
17762;38529;1.220
132329;132335;1.349
10029;17443;1.616
24309;58725;1.295
132335;17625;1.486
10201;45820;1.414
17754;45117;1.448
133506;55351;1.045
45769;9498;2.850
133255;55526;1.541
132519;18209;1.093
133506;55353;1.638
10029;17447;1.782
45609;45916;1.388
18101;55526;1.914
17747;45513;1.399
17747;45514;1.093
133229;45854;1.969
10077;55351;1.089
45194;45528;1.293
24560;55577;1.173
10077;55353;1.670
55577;9396;1.303
24309;55577;1.093
132519;9498;2.912
10201;45513;1.353
10201;9829;1.860
55351;55836;1.156
45117;7633;1.456
132761;17747;1.518
10201;45514;1.046
132761;24029;1.806
18229;24186;1.444
17465;9396;1.517
45528;55713;1.326
17917;55410;1.884
45194;9829;1.968
55351;55526;1.439
45528;55441;1.432
24560;4755;1.521
55836;9730;1.146
24029;45854;1.659
132761;17439;1.619
24560;4758;0.913
17625;55410;1.955
17465;45528;1.656
55441;55740;0.929
45916;58725;1.384
45117;45916;1.591
55526;55644;1.651
17439;24186;1.456
45513;55740;0.929
17443;58659;1.503
24186;9396;1.074
17747;24029;1.629
10029;133295;1.788
45820;55577;1.232
132335;55410;1.637
10029;133255;1.724
17625;9730;1.491
132761;7633;1.504
45854;55836;1.556
45117;45609;1.451
24186;45820;1.319
9583;9730;2.625
55526;9885;1.575
17747;9396;1.105
17465;24309;1.411
17465;17754;1.450
17439;58659;1.620
132787;55644;1.471
4755;55740;1.306
132761;58725;1.416
133229;17465;2.128
45854;55526;1.579
55353;9583;2.700
17754;55713;1.031
133229;17426;1.966
10201;24560;1.046
45820;9583;2.596
17754;58678;1.400
132329;17762;0.950
24186;45513;1.332
17754;55441;1.336
17443;45916;1.442
24186;45514;0.911
10201;7633;1.046
17447;17747;1.524
132787;45820;1.233
132761;55577;1.286
132497;45916;1.480
17447;24029;1.812
133295;18209;1.625
131788;17813;1.256
38529;45528;1.305
17443;45609;1.034
17747;58725;1.092
9498;9583;2.952
55410;9885;1.866
131256;18229;1.331
131210;17820;1.376
45916;55410;1.859
17820;55644;1.402
133295;7633;1.551
132787;45513;1.288
132497;45609;1.135
132787;45514;1.132
131210;24186;0.956
10201;58725;1.046
17762;9829;1.718
131788;132761;1.509
45528;9396;1.331
18209;9829;1.893
133295;4755;1.674
10201;17625;1.497
45514;58678;1.399
17747;55577;1.316
132519;132787;0.927
45609;55351;1.049
17447;18209;1.410
133295;4758;1.472
133255;17813;1.197
131256;55824;1.350
133506;9498;2.909
4758;55577;1.174
45609;55353;1.698
4758;9829;1.820
17820;45820;1.228
45514;9730;0.923
133506;17917;1.327
133268;17465;1.303
10201;131210;1.090
55441;9498;2.842
45513;9498;2.841
55740;7633;1.351
133268;17426;1.249
131788;132497;1.278
17762;18229;1.328
38529;9396;1.079
24029;9829;2.042
10077;17917;1.316
10029;45916;1.660
55824;9829;1.834
132329;55824;1.352
10201;131256;1.359
24029;55836;1.722
17820;45513;0.923
17820;45514;1.331
10077;133268;1.174
55644;9583;2.680
17447;55577;1.323
10077;133229;1.920
45117;55351;1.459
17426;45916;1.442
133506;18101;1.713
24029;55526;1.785
10029;45609;1.609
45609;9829;1.820
45117;55353;1.766
132329;9829;1.729
131788;55644;1.442
132787;24560;1.132
132329;18101;1.576
17917;24029;1.647
17439;45528;1.473
132329;132761;1.570
17813;45916;1.332
132497;132519;0.928
45854;9498;2.851
24186;58725;0.911
18209;55740;1.328
133229;55713;1.966
132519;58659;1.262
10029;131210;1.646
10201;55410;1.729
17465;45769;1.618
17426;45609;1.034
55577;55713;1.265
17762;7633;1.347
17625;17747;1.500
17443;24309;1.323
17443;17754;1.031
133229;9730;1.913
133229;55441;1.939
131210;131788;1.274
10029;9396;1.667
55526;58725;1.380
45769;9885;1.279
17625;24029;1.683
133506;55740;1.227
133268;55836;1.347
131256;45194;1.429
132497;24309;1.094
132497;17754;1.132
131788;45820;1.262
10029;131256;1.575
17762;4755;1.305
17813;45609;0.943
24186;55577;1.173
133255;55644;1.404
132329;132497;1.302
10077;55740;1.213
45820;58659;1.489
45194;45916;1.634
17762;4758;1.333
17439;17754;1.458
133268;55526;1.481
132519;9885;1.462
132497;17443;1.251
131256;45117;1.336
18101;55644;1.770
17443;17447;1.509
132335;17747;1.093
132787;58725;1.131
132761;17820;1.555
132335;24029;1.560
17917;18209;1.487
18101;9730;1.753
132787;17625;1.543
132497;17447;1.303
131788;45513;1.315
45514;45854;1.449
24029;7633;1.625
17820;24560;1.332
132761;24186;1.416
131788;45514;1.229
55824;7633;1.061
55410;55740;1.832
131210;18209;1.327
58678;9498;2.857
45194;45609;1.307
132335;17439;1.456
132329;133268;1.301
131256;38529;1.223
24029;4755;1.737
133255;45820;1.248
55713;58725;1.031
55644;58659;1.594
45609;45769;1.412
17762;45194;1.422
132329;133229;1.951
55351;55644;1.508
18101;45820;1.676
24029;4758;1.623
45769;45916;1.590
45528;55836;1.439
17625;58725;1.487
132329;7633;1.366
17762;45117;1.333
133229;133506;1.959
17747;17820;1.399
17917;55577;1.455
133255;45513;1.303
132329;38529;1.239
131210;45528;1.314
17820;7633;1.347
17465;45609;1.453
133255;45514;1.260
45528;55526;1.635
18101;45513;1.564
17747;24186;1.092
131210;132787;1.165
10029;24309;1.685
18101;45514;1.750
17820;58725;1.332
38529;58659;1.351
17443;9829;1.853
55836;9583;2.673
17820;4755;1.305
17625;55577;1.540
132335;58725;0.912
9730;9885;1.411
55441;55824;1.349
45513;55824;1.348
45117;45769;1.319
17820;4758;1.333
17754;9498;2.853
133229;17813;1.959
17426;24309;1.323
17426;17754;1.032
24309;9730;1.299
24309;45528;1.500
132787;9829;1.855
45854;55644;1.706
133295;58659;1.675
132787;55410;1.625
131788;24560;1.229
4758;58659;1.417
17426;17443;1.030
132335;55577;1.170
10201;133295;1.557
17447;17820;1.567
10201;133255;1.370
17813;24309;1.221
17625;9583;2.629
4755;55824;1.532
131256;58678;1.501
17447;24186;1.449
17426;17447;1.509
38529;45916;1.332
17754;55836;1.133
132519;45528;1.475
45117;4755;1.531
55353;9396;1.727
45117;4758;1.449
17754;55526;1.380
45820;9396;1.445
17443;45769;1.416
17447;58659;1.303
133255;24560;1.261
10077;9498;2.856
38529;45609;0.941
18229;58659;1.608
18101;24560;1.750
132497;45769;1.467
131788;58725;1.229
18229;9498;2.850
133506;9885;1.327
131788;17625;1.656
45609;55740;1.339
17820;55410;1.830
17762;55713;1.344
132519;24309;1.093
132519;17754;1.130
9396;9829;1.891
17762;58678;1.499
132761;18209;1.405
17813;9730;0.952
17762;55441;0.930
17443;7633;1.032
55441;9885;1.293
45513;9885;1.287
45916;55577;1.496
133268;17813;1.091
132519;17443;1.248
10201;17747;1.092
131256;9730;1.342
10201;24029;1.625
132761;4755;1.719
133506;17762;1.222
132519;17447;1.302
132335;133295;1.471
132787;7633;1.252
132335;133255;1.256
45916;9498;2.867
133255;58725;1.260
132761;4758;1.416
10201;17439;1.472
17465;55351;1.520
133255;17625;1.584
132497;17917;1.464
10077;17762;1.209
132787;4755;1.595
17465;55353;1.814
133255;133268;0.928
45117;55740;1.333
17747;18209;1.363
17447;9829;1.986
45514;9583;2.622
132787;4758;1.133
10201;4755;1.565
45194;7633;1.315
17426;9498;2.867
7633;9829;1.854
24029;55644;1.851
17439;45916;1.602
131256;133506;1.225
10201;18209;1.329
45854;9885;1.319
10029;45769;1.554
10201;4758;1.046
17917;24186;1.404
55351;58725;1.044
45194;4755;1.734
17625;17820;1.381
131256;45854;1.336
18209;18229;1.508
131788;55410;1.877
45194;4758;1.304
55644;9396;1.534
17625;24186;1.486
17439;45609;1.459
17426;45769;1.416
133295;45528;1.698
45514;55713;1.031
133506;18229;1.368
17917;58659;1.603
45514;55441;1.337
133229;55836;2.037
58725;9829;1.819
17917;9829;1.867
132335;17820;1.331
132329;18229;1.353
55577;55836;1.367
18209;55824;1.312
17813;45769;1.333
132787;133506;1.094
10201;55577;1.278
131210;58659;1.417
133268;55644;1.469
132335;24186;0.911
133229;55526;2.049
10029;17917;1.552
133506;55824;0.964
133229;9583;2.703
58678;9885;1.508
133255;55410;1.659
17762;45854;1.333
133295;24309;1.625
133295;17754;1.472
18101;55410;2.131
55441;58678;1.501
45854;58725;1.448
17447;45528;1.655
10077;55824;1.026
18229;45528;1.460
10201;132335;1.046
133295;17443;1.550
132787;17747;1.295
45194;45769;1.455
24560;58659;1.417
17447;7633;1.511
132787;24029;1.718
55577;9829;1.852
24309;58659;1.373
17754;17813;0.940
133268;45820;1.233
131788;133268;1.274
133295;17447;1.710
18101;9583;2.692
17465;9829;1.987
131210;45916;1.388
131788;133229;2.026
55410;55824;1.651
17813;17917;1.327
55351;55410;1.726
132787;17439;1.508
131256;17465;1.573
10077;18101;1.684
131256;17426;1.350
18229;24309;1.519
133268;9498;2.912
133268;45513;1.285
45528;55644;1.683
133268;45514;1.130
17754;9885;1.406
18209;7633;1.325
131210;45609;0.960
132787;18209;1.094
55351;9498;2.871
24309;45916;1.544
18209;45194;1.493
58725;7633;1.033
18209;4755;1.616
17917;7633;1.413
10029;132335;1.607
24186;9829;1.819
4758;7633;1.033
17820;24029;1.608
17443;55351;1.045
17439;24309;1.531
24029;24560;1.623
18209;4758;1.296
133506;45194;1.294
131788;9498;2.925
55526;55577;1.496
45916;58659;1.616
45528;45820;1.603
18209;45117;1.511
17443;55353;1.712
17747;9829;1.900
132497;55351;1.259
131210;132519;1.163
55526;9730;1.381
17439;17443;1.463
132329;45194;1.440
55836;9396;1.193
24309;45609;1.298
132519;45916;1.481
132497;55353;1.712
10077;45194;1.285
45854;55410;1.922
133506;45117;1.373
17465;17917;1.615
133229;17625;1.984
17625;18209;1.565
17439;17447;1.630
132329;45117;1.354
24309;9583;2.677
18209;38529;1.219
132787;55577;0.948
10077;45117;1.359
10077;9885;1.316
18229;9885;1.314
17917;45528;1.460
17754;55644;1.436
132761;58659;1.263
132519;45609;1.132
45820;45916;1.597
45609;7633;1.037
17820;18209;1.325
17439;9498;2.850
133506;38529;0.938
17625;9396;1.515
133268;24560;1.130
132335;18209;1.293
38529;45769;1.333
45609;4755;1.523
17625;45528;1.499
132329;4755;1.316
10077;38529;1.044
10201;17820;1.353
55410;9730;1.645
45609;4758;0.916
132329;4758;1.352
17754;45820;1.319
132761;132787;1.263
10201;24186;1.045
131788;17747;1.393
131788;24029;1.727
45916;9885;1.586
45528;9829;1.975
17762;55836;1.453
132335;45528;1.315
10029;55351;1.621
45609;55824;0.941
24560;45528;1.316
24186;7633;1.033
17747;58659;1.518
17820;55577;1.264
131210;17754;0.957
131210;24309;1.327
10029;55353;1.795
17465;55740;1.571
17762;55526;1.551
131788;17439;1.623
17813;9583;2.673
17747;7633;1.092
133268;58725;1.130
10201;58659;1.514
131210;17443;1.076
131256;55713;1.350
17426;9885;1.411
17426;55351;1.045
133268;17625;1.543
131256;9583;2.596
131256;55441;0.932
55353;55740;1.588
18209;58678;1.569
17426;55353;1.712
38529;9829;1.805
133255;17747;1.386
131210;17447;1.450
133255;24029;1.744
132335;9498;2.853
131788;18209;1.423
18101;24029;1.920
17813;55351;1.045
133506;58678;1.364
17813;55353;1.638
132329;55713;1.363
45117;55824;1.461
133255;9498;2.846
132329;58678;1.513
24029;55410;2.119
133295;45916;1.681
133255;17439;1.552
132329;55441;0.951
131210;9498;2.857
45514;9396;1.075
17439;45769;1.332
45194;55351;1.324
45528;58725;1.315
45194;55353;1.811
133295;45609;1.475
131788;55577;1.281
10029;9829;1.962
45514;55836;1.133
17443;4755;1.560
45769;9730;1.414
132519;55351;1.259
10201;132761;1.514
133229;55644;2.119
17754;24560;0.912
17447;45916;1.651
17443;4758;1.032
17443;17917;1.411
132519;55353;1.711
10029;17762;1.573
55577;55644;1.464
18229;45916;1.590
45514;55526;1.381
24186;58659;1.416
133268;55410;1.624
132787;17820;1.288
132761;45528;1.646
18101;58725;1.749
132519;9730;1.140
55526;58659;1.627
132787;24186;1.131
45769;55351;1.420
17439;17917;1.327
45769;55353;1.732
17447;45609;1.451
10201;132497;1.261
18229;45609;1.446
133255;55577;0.961
133229;45820;2.028
133229;9396;1.967
131256;17813;1.225
18101;55577;1.741
133268;9885;1.462
132787;58659;1.263
132761;24309;1.405
132761;17754;1.416
132497;18101;1.749
132497;9498;2.913
131256;131788;1.319
18209;45854;1.511
17747;45528;1.325
10029;132761;1.774
55351;9885;1.419
133229;45513;1.937
132761;17443;1.502
133229;45514;1.905
24029;45820;1.745
133506;45854;1.373
131210;45769;1.451
10201;45528;1.325
55713;58659;1.503
55351;55577;1.277
45528;55410;1.839
18101;9396;1.792
132761;17447;1.303
131788;9885;1.572
17443;55740;1.349
17820;24186;1.332
132335;132761;1.413
132329;45854;1.354
10077;18229;1.355
10029;7633;1.618
10077;45854;1.359
17762;17813;1.222
17625;58659;1.653
132497;55740;1.291
10029;132497;1.675
17747;24309;1.363
17747;17754;1.092
38529;55351;1.045
24029;45513;1.608
10029;4755;1.675
24029;45514;1.622
55441;55713;1.349
38529;55353;1.638
24309;45769;1.491
17820;58659;1.556
10029;4758;1.609
45513;55713;1.344
45513;58678;1.499
17465;17762;1.569
17426;17917;1.411
132335;58659;1.414
132335;132497;1.129
45513;55441;0.929
17917;45916;1.590
17439;9885;1.327
10029;133268;1.674
131210;132329;1.394
133295;55351;1.557
133229;17747;1.983
10029;133229;2.105
10029;18101;1.907
55526;9583;2.648
17447;4755;1.733
133295;55353;1.898
45854;55577;1.493
17625;45916;1.621
132519;45769;1.466
4755;55713;1.560
4755;58678;1.635
17447;4758;1.450
131256;132787;1.291
4755;55441;1.306
17917;45609;1.407
17754;55410;1.637
17447;24309;1.410
17447;17754;1.449
133229;24560;1.905
55353;9829;2.045
133229;17439;1.970
