55824;58678;1.398
45820;9829;1.452
17426;18101;1.465
131788;17820;1.315
24309;9396;1.274
24186;45528;1.268
17625;45609;1.419
132335;45916;1.340
131788;24186;1.228
24560;45916;1.341
10029;55740;1.407
132329;17465;1.411
18229;55351;1.414
17813;18101;1.441
133506;9730;0.951
132329;17426;1.354
18229;55353;1.474
55441;9730;1.336
45513;9730;1.335
17917;4755;1.374
132519;17917;1.388
9498;9829;1.534
55410;9583;1.528
24560;9498;1.532
17762;55644;1.319
17426;55740;1.346
132335;45609;0.915
131788;58659;1.378
55713;9498;1.533
24560;45609;0.912
58659;9498;1.531
17917;4758;1.403
133255;17820;1.302
133229;58725;1.472
132335;9885;1.403
24186;24309;1.247
132787;45528;1.355
55577;58725;1.172
4755;9498;1.529
17439;55351;1.415
133255;24186;1.258
17813;55740;1.225
17465;55824;1.431
17439;55353;1.474
18101;24186;1.462
133268;17747;1.239
133255;9885;1.401
131256;55836;1.366
55577;7633;1.228
133268;24029;1.441
131210;9885;1.404
17813;9396;1.076
17465;7633;1.434
55353;55824;1.464
131256;55526;1.405
10077;133506;1.044
24029;58725;1.416
133255;58659;1.264
131256;9396;1.355
133268;17439;1.390
45513;45854;1.293
17465;4755;1.438
17465;18101;1.470
55353;7633;1.450
45854;9730;1.408
45194;55740;1.380
132329;55836;1.372
45820;7633;1.328
55740;55824;1.341
17465;4758;1.421
55644;9829;1.470
24029;55577;1.440
17917;24309;1.412
17820;45528;1.382
132519;55740;1.288
132329;55526;1.406
133295;45769;1.450
133268;18209;1.093
132761;45916;1.456
55351;58659;1.437
17625;24309;1.428
17625;17754;1.418
17443;17762;1.344
45514;55644;1.339
24186;4755;1.387
17754;45513;1.331
45769;55740;1.290
17754;45514;0.911
133229;55410;1.514
132497;17762;1.287
24186;4758;0.912
18209;55713;1.265
17747;4755;1.404
132761;45609;1.416
131210;55351;1.076
58678;9730;1.396
45769;9583;1.524
18209;55441;1.326
17439;17762;1.290
132335;24309;1.245
132335;17754;0.911
131210;55353;1.450
17747;4758;1.076
17447;45769;1.435
133506;55713;1.040
18229;45769;1.279
133295;9498;1.529
133268;55577;0.945
132497;9885;1.389
133506;55441;1.225
133295;17917;1.449
45514;45820;1.305
17747;45916;1.352
132335;17443;1.030
132519;9583;1.517
132329;133506;1.234
10077;55713;1.076
55644;55740;1.321
10077;58678;1.367
10077;55441;1.213
24560;55351;1.044
132335;17447;1.419
10201;45916;1.352
45854;58659;1.429
24309;55351;1.266
17762;24560;1.332
24560;55353;1.447
24309;55353;1.451
17465;38529;1.344
131256;17625;1.318
131788;45528;1.386
17747;45609;1.078
55410;55713;1.390
55410;58678;1.466
17754;24029;1.416
133255;18209;1.094
55740;9498;1.526
55644;7633;1.355
55410;55441;1.440
45528;7633;1.279
18101;18209;1.452
17754;9730;0.924
132497;18229;1.390
10201;45609;1.046
38529;55740;1.225
132497;133295;1.409
132497;133255;0.928
45528;4755;1.447
45528;55577;1.358
17443;55824;1.057
45528;4758;1.268
133255;45528;1.382
133229;17820;1.448
132497;55824;1.143
133295;55740;1.414
45820;55351;1.333
18101;45528;1.489
17426;17762;1.344
55836;9829;1.476
55441;55836;1.365
38529;7633;1.041
45820;55353;1.437
45513;55836;1.363
17443;18101;1.465
45117;45194;1.409
38529;4755;1.323
55441;55526;1.402
10077;9730;1.011
45513;55526;1.402
38529;4758;0.939
17754;58725;0.910
24186;45916;1.340
17917;45769;1.276
18229;9730;1.408
10201;133268;1.216
4755;55836;1.411
17625;9829;1.481
17439;18101;1.465
24029;24186;1.416
133295;133506;1.399
132329;17813;1.234
10201;133229;1.479
9583;9829;1.531
18229;55740;1.293
132761;55351;1.437
10029;18229;1.394
55824;55836;1.124
55526;9396;1.352
17625;45769;1.304
132761;55353;1.468
4755;55526;1.442
24560;9885;1.403
17754;55577;1.172
55713;9885;1.410
24186;45609;0.913
58659;9885;1.427
131256;132519;1.288
4755;9885;1.374
17426;18229;1.411
132787;45916;1.363
17443;45194;1.277
132519;17762;1.286
10029;55824;1.440
55740;58678;1.384
45916;9730;1.340
17439;55740;1.294
132335;45769;1.405
24560;45769;1.405
133268;17820;1.285
132497;45194;1.352
10201;17754;1.043
10201;24309;1.267
17762;55410;1.439
133506;9583;1.517
45514;58725;0.911
17813;18229;1.328
17443;45117;1.413
45609;55713;1.033
17747;55351;1.075
133268;24186;1.129
45609;58678;1.393
17426;55824;1.057
132787;45609;1.133
131210;17917;1.404
10201;17443;1.042
55836;7633;1.099
55441;9583;1.515
45609;55441;1.334
45513;9583;1.515
17747;55353;1.455
132497;45117;1.391
4758;55351;1.043
17426;9730;1.042
133229;24029;1.504
55410;9396;1.401
4758;55353;1.447
17820;9498;1.526
133255;133506;1.185
10201;17447;1.438
131256;55644;1.320
17813;55824;0.962
17443;38529;1.040
133268;58659;1.262
132335;133268;1.126
132497;38529;1.087
132335;133229;1.471
17820;45916;1.405
133506;17465;1.344
133506;17426;1.040
45514;9829;1.468
45117;55713;1.413
17447;55351;1.438
132329;55644;1.327
45117;58678;1.391
10077;17465;1.407
131256;45820;1.228
45194;55824;1.272
45117;55441;1.293
17447;55353;1.470
133229;18209;1.490
10077;17426;1.076
45854;9583;1.525
17820;45609;1.332
17465;18229;1.435
45117;9498;1.529
17465;45854;1.436
10029;45194;1.460
132519;55824;1.142
131210;55740;1.338
131256;45513;0.927
133295;9885;1.449
131256;45514;1.332
10029;45117;1.394
45514;55410;1.372
45528;58659;1.465
17426;45194;1.277
132761;45769;1.428
45769;55824;1.412
18209;55836;1.302
24186;55351;1.043
17762;45820;1.226
133229;55577;1.480
132519;18101;1.446
17426;45117;1.413
133295;17762;1.413
24560;55740;1.334
24186;55353;1.446
17813;45194;1.257
10029;38529;1.418
24309;55740;1.326
133506;55836;1.107
131210;131256;1.337
18209;55526;1.376
133229;9829;1.513
132787;24309;1.093
132787;17754;1.131
132519;133295;1.408
132497;58678;1.383
131788;45916;1.413
58678;9583;1.528
18101;58659;1.467
132519;133255;0.928
131788;133506;1.244
45769;9396;1.410
17754;17820;1.331
133268;9730;1.135
132761;9498;1.531
55740;9885;1.290
45609;45854;1.407
17813;45117;1.332
10077;55836;1.139
10077;131788;1.238
17762;45513;0.924
133506;55526;1.276
132787;17443;1.212
17762;45514;1.331
17754;24186;0.911
17426;38529;1.040
55644;55824;1.349
17747;45769;1.414
45820;4755;1.342
132761;17917;1.427
55351;9730;1.043
132787;17447;1.280
132519;9396;1.216
131788;45609;1.230
131256;17747;1.357
10077;55526;1.359
45820;4758;1.304
10201;45769;1.414
55410;55836;1.408
18101;9829;1.508
17813;38529;0.937
131788;9730;1.236
10201;9498;1.533
133255;45916;1.388
17917;55351;1.413
133268;133506;1.085
131256;24560;1.332
18101;45916;1.489
131256;17439;1.291
55410;55526;1.434
45820;55740;1.227
17917;55353;1.474
45194;9498;1.536
38529;55824;0.962
45117;45854;1.279
17820;24309;1.325
17754;9583;1.530
17465;45194;1.467
133268;45528;1.355
17625;55351;1.425
17747;17917;1.414
17625;55353;1.484
133255;45609;1.259
18101;45609;1.462
17465;45117;1.436
132329;24560;1.341
10029;58678;1.432
17762;24029;1.422
55441;55644;1.321
17439;9730;1.409
133295;55824;1.397
132519;38529;1.085
45513;55644;1.319
132335;55351;1.043
133229;7633;1.476
132761;55740;1.398
132335;55353;1.461
131256;58725;1.332
10077;132787;1.174
17426;58678;1.406
17443;18229;1.411
17443;45854;1.413
133295;18101;1.484
4755;55644;1.381
24309;9829;1.464
10077;9583;1.528
17813;58678;1.351
17447;17917;1.434
10029;10077;1.420
24186;45769;1.405
132497;45854;1.391
18229;9583;1.524
18229;55824;1.413
18101;7633;1.465
17439;18229;1.276
132329;17625;1.335
131788;17754;1.228
131788;24309;1.324
45854;45916;1.431
38529;45194;1.257
17747;55740;1.353
17762;58725;1.331
131256;132329;0.951
4758;55740;1.333
45194;58678;1.411
17820;9885;1.286
131788;17443;1.279
17447;18101;1.470
133229;24186;1.472
45916;55351;1.352
38529;45117;1.332
17754;18209;1.247
17439;55824;1.414
132787;45769;1.390
132335;9730;0.924
131210;17762;1.336
45916;9583;1.531
45916;55353;1.483
131788;17447;1.386
45609;55836;1.102
131210;133295;1.397
17762;55577;1.264
131210;133255;1.272
17762;9498;1.526
133255;9730;1.262
18209;9498;1.528
133506;9396;1.076
131210;9730;0.969
17465;55713;1.434
133506;17813;0.937
133255;24309;1.094
133255;17754;1.258
133229;58659;1.496
132761;133295;1.465
45609;55526;1.339
17813;9829;1.435
17465;58678;1.439
132761;133255;1.264
131256;55410;1.439
55577;58659;1.276
18101;24309;1.452
17465;55441;1.405
55441;9396;1.350
45513;9396;1.348
17447;55740;1.405
17426;9583;1.532
131256;9829;1.425
45769;58678;1.391
133255;17443;1.297
10077;17813;1.044
4758;9498;1.532
10029;45854;1.394
55353;55713;1.450
45117;9885;1.279
55353;58678;1.480
132497;132761;1.263
55353;55441;1.425
133255;17447;1.281
133295;38529;1.399
24029;9498;1.532
132329;55410;1.441
55824;9498;1.533
45117;55836;1.423
24029;58659;1.470
17820;45769;1.290
17426;45854;1.413
55836;58678;1.414
45117;55526;1.429
58678;58725;1.392
17813;45854;1.332
45609;9498;1.533
24186;55740;1.333
17439;45194;1.408
132329;9498;1.526
45854;9396;1.410
17625;17917;1.304
131210;55824;0.984
10201;55351;1.042
18229;38529;1.328
132761;9885;1.427
17439;45117;1.280
10201;55353;1.451
45514;55577;1.173
18209;55644;1.379
17917;18101;1.464
17820;17917;1.286
132497;9730;1.135
55441;58725;1.333
45194;45854;1.409
132335;17917;1.403
17813;7633;1.041
17625;7633;1.424
133506;55644;1.344
131210;18101;1.466
131256;17820;0.927
24560;55824;0.938
10029;17465;1.463
24309;55824;1.256
17439;38529;1.330
132519;18229;1.389
10029;17426;1.437
10201;9885;1.414
17625;4755;1.388
132761;17762;1.397
10077;55644;1.317
131788;45769;1.428
18209;45820;1.283
58678;9396;1.408
17917;55740;1.290
17625;4758;1.418
133268;9583;1.517
55713;55740;1.346
45194;9885;1.407
133506;45820;1.166
133268;45916;1.363
45769;45854;1.279
55410;55644;1.471
17625;55740;1.318
55351;9583;1.533
132329;45820;1.238
18209;45513;1.325
10077;45820;1.293
18209;45514;1.248
17762;17820;0.924
133229;45528;1.495
131788;9583;1.525
131210;45194;1.266
17762;24186;1.331
17747;17762;1.353
133506;45513;1.220
133268;45609;1.132
133255;45769;1.402
45820;55824;1.316
17443;55713;1.029
133506;45514;0.938
18101;45769;1.464
17443;58678;1.406
132335;55740;1.333
17443;55441;1.346
132329;45513;0.949
132497;55713;1.212
132329;45514;1.341
10077;45513;1.209
131210;45117;1.406
10029;133506;1.418
10077;45514;1.004
17754;9396;1.073
17443;9498;1.533
132497;55441;1.288
131210;132335;0.956
24029;45528;1.458
133229;17754;1.472
45513;55410;1.439
17439;58678;1.391
24309;45194;1.381
45528;45916;1.424
17439;9583;1.525
133229;17443;1.475
132787;55351;1.215
131210;38529;0.980
45514;7633;1.031
132787;9498;1.524
132787;55353;1.448
132761;55824;1.425
131256;24029;1.422
58659;58678;1.433
38529;45854;1.332
24309;45117;1.414
17447;17762;1.404
55526;9829;1.492
133229;17447;1.499
4755;55410;1.474
45514;4755;1.387
17754;58659;1.415
132519;45194;1.352
10077;132519;1.174
45528;45609;1.269
24560;9730;0.923
24029;24309;1.450
55713;9730;1.042
45514;4758;0.913
58659;9730;1.419
18209;24560;1.248
24560;38529;0.938
133295;18229;1.450
132329;17747;1.358
4755;9730;1.389
45916;55740;1.405
24309;38529;1.193
132761;18101;1.467
132519;45117;1.391
132329;24029;1.429
10077;9396;1.113
133506;24560;0.939
18229;9396;1.409
17762;9885;1.286
18209;9885;1.412
10029;55713;1.437
17747;55824;1.090
131256;18209;1.326
132519;132761;1.262
132329;17439;1.310
10077;24560;1.005
10029;55441;1.407
17820;55351;1.348
10201;17917;1.414
4758;55824;0.939
17820;55353;1.425
17754;45916;1.340
9396;9498;1.533
55410;9829;1.503
4758;9885;1.403
45609;55644;1.339
17426;55713;1.029
133268;24309;1.093
133268;17754;1.129
17447;18229;1.435
132335;9583;1.529
45514;58659;1.416
18209;58725;1.247
17426;55441;1.346
17747;18101;1.470
133229;4755;1.465
131788;132787;1.276
45916;9396;1.355
24029;9885;1.451
17465;55836;1.442
133268;17443;1.210
132497;17813;1.087
55824;9885;1.412
17813;55713;1.040
133506;58725;0.938
133255;9583;1.517
133229;4758;1.472
131210;9583;1.530
10201;18101;1.466
45513;45820;1.226
17813;55441;1.225
133506;17625;1.355
133268;17447;1.280
131256;55577;1.267
17762;18209;1.325
17465;55526;1.460
17447;55824;1.431
132329;58725;1.341
55526;7633;1.348
55353;55836;1.461
17439;45854;1.280
17426;9396;1.073
10077;17625;1.343
45609;9885;1.403
17447;9498;1.532
132329;9885;1.306
18101;4755;1.446
55353;55526;1.483
45117;55644;1.446
55740;55836;1.365
45194;55713;1.277
7633;9498;1.533
45513;45514;1.331
18101;4758;1.462
132329;55577;1.274
45194;55441;1.380
10201;55740;1.349
132761;38529;1.339
17625;17762;1.318
131788;55351;1.287
133295;9730;1.394
132519;55713;1.210
133295;45194;1.433
132519;58678;1.383
131788;55353;1.465
132519;55441;1.288
24186;55824;0.938
55410;7633;1.390
133295;45117;1.451
132329;132787;1.295
10029;17813;1.418
132335;17762;1.330
58725;9498;1.532
45769;55713;1.412
18209;55410;1.398
17917;9498;1.529
17754;45528;1.268
45820;58678;1.390
45769;55441;1.290
17443;17465;1.434
45769;9829;1.476
17747;38529;1.077
133506;55410;1.369
133255;55351;1.301
55740;9730;1.336
24309;7633;1.265
132787;17917;1.389
132497;17465;1.280
18101;55351;1.466
17917;18229;1.275
17447;45194;1.467
133255;55353;1.437
132497;9583;1.517
18229;45194;1.407
132497;17426;1.212
18101;55353;1.403
10077;55410;1.388
24309;4755;1.382
132519;9829;1.451
131210;18229;1.404
55644;55713;1.355
17754;24309;1.247
17447;45117;1.436
133229;45916;1.478
131210;45854;1.406
55644;58678;1.435
24309;4758;1.247
18229;45117;1.279
55577;9498;1.525
17917;55824;1.412
55713;55824;1.057
17465;9498;1.532
132787;18101;1.446
133268;9396;1.216
131210;132761;1.417
55351;55353;1.451
45514;45528;1.269
55526;55740;1.402
17625;55824;1.425
17447;38529;1.344
17443;9885;1.410
133268;45769;1.390
133229;45609;1.472
133229;133295;1.486
133229;133255;1.483
38529;55713;1.040
24309;45854;1.414
24029;45916;1.465
55351;9396;1.083
38529;58678;1.351
132497;133268;0.928
38529;55441;1.225
17443;55836;1.099
132497;133229;1.481
132787;9885;1.389
45513;58725;1.331
132787;55740;1.288
132497;55836;1.262
132335;55824;0.937
131788;9396;1.288
131210;132497;1.164
17625;18101;1.475
131256;7633;1.348
24186;9498;1.532
17443;55526;1.348
24029;45609;1.417
17813;4755;1.323
133295;55713;1.397
132519;45854;1.391
131256;24186;1.332
45769;7633;1.412
17465;17813;1.344
133295;58678;1.444
9730;9829;1.470
4758;58678;1.392
133295;55441;1.414
132497;55526;1.360
131256;4755;1.215
10201;133506;1.052
55441;55577;1.267
17813;4758;0.939
17747;9498;1.534
45854;55351;1.414
17820;18101;1.414
4755;58725;1.387
45769;4755;1.375
45513;55577;1.264
24186;38529;0.937
17426;17465;1.434
131256;4758;1.333
45854;55353;1.474
132335;18101;1.462
132329;17820;0.949
55824;58725;0.938
45769;4758;1.405
45528;45769;1.410
131256;58659;1.399
45820;45854;1.390
132329;24186;1.341
17917;45194;1.407
17439;9396;1.409
4755;55577;1.366
10077;132329;1.229
18229;55713;1.411
17447;58678;1.439
18229;58678;1.391
17917;45117;1.279
17820;55740;0.929
17625;45194;1.420
9396;9885;1.408
24560;9583;1.530
18229;55441;1.293
55713;9583;1.532
131788;17917;1.426
58659;9583;1.525
45916;55824;1.349
17820;9730;1.335
10201;17762;1.349
4755;9583;1.520
17625;45117;1.304
10029;55836;1.443
132761;18229;1.428
17917;38529;1.326
17762;58659;1.397
17439;55713;1.412
133229;24309;1.490
132335;45194;1.266
24560;45194;1.266
45528;9498;1.536
17439;55441;1.294
133506;9829;1.435
10029;55526;1.422
45609;55410;1.372
132519;17465;1.280
17426;55836;1.099
132335;133506;0.940
17625;38529;1.355
132519;17426;1.210
132335;45117;1.406
131788;18101;1.466
55441;9829;1.425
45513;9829;1.425
24560;45117;1.406
17754;45769;1.405
17447;9885;1.434
133255;17917;1.401
18209;24029;1.450
17465;55644;1.416
17426;55526;1.348
45117;9730;1.408
17813;55836;1.107
132335;9396;1.073
7633;9885;1.410
133506;17747;1.077
17747;18229;1.414
133506;24029;1.409
38529;9498;1.519
132335;38529;0.940
131788;132519;1.274
55353;55644;1.432
17813;55526;1.276
133295;45854;1.451
133255;9396;1.312
10077;17747;1.117
131788;55740;1.317
10077;24029;1.403
10201;18229;1.415
131210;9396;1.073
45117;55410;1.466
24029;55351;1.418
17465;45820;1.365
133506;17439;1.330
131256;133295;1.414
131256;133255;1.304
45194;55836;1.304
24029;55353;1.499
10077;17439;1.316
10077;10201;1.084
58725;9885;1.403
45854;9829;1.477
17917;9885;1.272
10201;55824;1.057
45194;55526;1.423
17917;58678;1.390
132519;55836;1.261
133506;18209;1.193
17443;17813;1.040
132761;9730;1.419
17447;45854;1.436
131210;55713;1.063
18229;45854;1.279
133295;9583;1.527
133255;55740;1.303
132329;18209;1.332
10029;9498;1.533
131210;58678;1.394
133506;7633;1.041
132519;55526;1.360
131210;55441;1.338
131256;45528;1.387
18101;55740;1.414
17754;45609;0.914
132787;133295;1.409
132761;45194;1.463
45769;55836;1.422
133268;55351;1.215
132787;133255;0.928
55441;7633;1.347
17439;17813;1.330
132787;17762;1.287
133268;55353;1.447
10029;17625;1.409
55577;9885;1.381
45609;45820;1.306
18209;55577;1.093
10077;58725;1.003
132761;45117;1.429
132329;132519;1.295
10201;9730;1.042
45769;55526;1.429
24560;55713;1.031
55441;58659;1.398
24560;58678;1.393
24309;55713;1.265
17465;9885;1.434
58678;9829;1.488
24560;55441;1.334
24309;58678;1.413
133506;55577;1.104
132519;133268;0.924
55351;55740;1.348
24309;55441;1.326
133295;17465;1.468
131256;17754;1.332
55740;9583;1.515
45514;45916;1.341
45194;9730;1.268
132519;133229;1.481
133295;17426;1.397
55644;55836;1.374
55410;58725;1.372
132497;9396;1.217
10077;55577;1.179
17762;45528;1.382
131256;17443;1.348
17747;45194;1.279
133229;45769;1.460
131256;17447;1.407
45514;45609;0.912
10201;45194;1.279
45117;45820;1.390
17747;45117;1.414
17465;24560;1.422
55410;55577;1.373
45528;55351;1.279
24186;9885;1.403
55526;55824;1.346
45528;55353;1.481
132787;18229;1.390
38529;55836;1.107
10201;45117;1.415
45820;55713;1.328
17762;24309;1.325
17747;9885;1.414
17754;9829;1.468
17443;55644;1.355
45820;55441;1.227
45916;58678;1.423
45854;55740;1.293
45117;45513;1.293
24029;45769;1.452
45117;45514;1.406
38529;55526;1.276
17426;17813;1.040
132497;55644;1.358
17917;45854;1.279
132787;55824;1.142
133295;55836;1.413
133229;17917;1.460
10201;38529;1.052
17439;17465;1.436
17625;18229;1.304
17625;45854;1.304
17443;45820;1.328
17465;17625;1.450
133295;55526;1.438
132761;55713;1.433
132761;58678;1.433
132497;45820;1.221
132761;55441;1.398
17820;18229;1.289
17754;55351;1.043
132335;18229;1.404
10077;9829;1.462
17754;55353;1.447
17443;45513;1.344
132335;45854;1.406
55353;9498;1.535
24560;45854;1.406
17443;45514;1.031
131256;132335;1.332
131788;17762;1.315
45820;9498;1.526
24186;45194;1.266
18229;9829;1.476
18229;55836;1.421
55740;58725;1.333
45528;9885;1.410
17762;9730;1.335
132497;45513;1.287
18209;9730;1.249
132497;45514;1.131
17820;55824;1.341
132519;17813;1.085
9829;9885;1.476
24186;45117;1.406
18229;55526;1.429
17747;55713;1.075
10029;55644;1.466
45609;58725;0.914
24560;9396;1.075
17747;58678;1.411
55713;9396;1.073
4758;9730;0.925
17820;9583;1.515
17747;55441;1.353
58659;9396;1.436
4758;55713;1.030
17439;55836;1.422
18209;24186;1.247
4758;55441;1.333
4755;9396;1.403
133506;17820;1.220
132787;45194;1.352
10201;58678;1.410
45916;9829;1.491
38529;9885;1.326
133268;17917;1.388
133255;17762;1.302
24029;9730;1.418
17426;55644;1.355
55824;9730;0.938
17439;55526;1.429
133506;24186;0.937
131210;133268;1.163
45609;55577;1.174
132519;7633;1.211
10077;17820;1.209
10201;131788;1.287
131210;17465;1.423
17465;55410;1.460
132787;45117;1.391
10029;45820;1.443
131210;133229;1.472
131210;17426;1.063
18209;58659;1.326
132761;133268;1.262
10077;24186;1.004
24029;55740;1.423
17813;55644;1.344
132519;4755;1.370
131788;18229;1.427
17426;9829;1.471
132761;133229;1.496
17447;55713;1.434
55353;55410;1.481
45609;9730;0.926
45117;58725;1.406
133506;58659;1.339
132519;4758;1.130
132329;9730;1.341
45117;9583;1.525
17447;55441;1.405
17443;24560;1.031
17426;45820;1.328
133268;18101;1.446
132787;38529;1.087
10029;45513;1.406
131788;132329;1.327
132329;58659;1.404
10077;7633;1.077
10029;45514;1.434
132497;24560;1.132
131788;55824;1.245
18229;7633;1.411
10029;9885;1.393
45194;55644;1.413
17820;45194;1.379
17813;45820;1.166
10077;4755;1.370
45117;55577;1.385
132761;45854;1.429
131256;45916;1.407
17426;45513;1.344
55644;9498;1.535
17426;45514;1.031
10077;4758;1.004
10029;131788;1.456
17820;45117;1.293
133268;55740;1.288
132519;55644;1.357
24186;55713;1.030
17813;45513;1.220
131210;55836;1.122
24186;58678;1.392
17813;45514;0.938
133229;55351;1.479
131256;45609;1.332
45194;45820;1.407
24186;55441;1.333
45916;7633;1.351
17443;17625;1.424
133255;55824;1.268
133229;55353;1.516
132761;9583;1.525
55526;58678;1.422
132497;58725;1.131
10201;132787;1.216
45769;55644;1.445
18101;55824;1.465
17820;38529;1.220
133295;17813;1.399
131210;55526;1.337
133295;9396;1.404
132497;17625;1.410
10029;17747;1.439
17747;45854;1.414
17762;45916;1.405
45194;45513;1.379
24560;55836;1.100
17439;17625;1.305
45194;45514;1.266
24309;55836;1.302
10201;45854;1.415
133255;18101;1.435
132787;58678;1.383
10029;24560;1.434
10077;131210;1.043
10201;9583;1.533
10029;17439;1.394
55351;55824;1.057
45769;45820;1.388
24560;55526;1.338
17754;17917;1.403
45528;55740;1.382
24309;55526;1.376
17762;45609;1.332
131788;45194;1.382
133268;9829;1.451
10077;131256;1.212
45514;45769;1.405
45194;9583;1.535
17917;55713;1.410
55740;9396;1.350
17426;24560;1.031
132761;17465;1.281
55713;58678;1.406
17917;55441;1.290
17465;45513;1.404
17443;9730;1.042
17465;45514;1.422
132761;17426;1.433
131788;45117;1.429
10029;132787;1.434
55351;9829;1.473
17625;55713;1.424
17625;58678;1.410
10077;18209;1.256
17813;24560;0.939
17625;55441;1.318
18209;45528;1.382
38529;55644;1.344
132787;9730;1.135
131788;9829;1.461
10029;58725;1.434
45820;55836;1.338
45513;7633;1.344
17443;55410;1.390
133506;4755;1.323
133255;45194;1.380
132335;132787;1.128
131788;38529;1.244
17820;58678;1.383
133506;45528;1.263
18101;45194;1.488
133506;4758;0.939
133229;17762;1.448
132497;55410;1.364
132335;55713;1.030
45513;4755;1.214
132335;58678;1.392
45854;55824;1.413
45820;55526;1.403
132335;55441;1.333
132329;45528;1.386
17426;58725;1.030
133255;45117;1.403
10077;45528;1.249
55836;9498;1.533
45513;58659;1.397
45513;4758;1.331
133295;55644;1.441
131256;24309;1.326
18101;45117;1.465
17426;17625;1.424
131256;132761;1.399
38529;45820;1.166
17754;55740;1.333
55353;9885;1.474
24186;45854;1.406
45820;9885;1.387
17465;17747;1.439
17813;58725;0.938
17465;24029;1.473
17439;9829;1.477
132519;24560;1.130
132761;55836;1.442
133255;38529;1.185
4755;58659;1.435
18101;38529;1.441
132329;24309;1.332
132329;17754;1.341
45854;7633;1.413
38529;45513;1.220
17625;9498;1.530
55824;58659;1.425
38529;45514;0.938
132761;55526;1.456
131256;132497;1.289
9396;9730;1.083
17447;17465;1.281
132329;17443;1.354
45854;4755;1.376
18229;55644;1.445
132787;45854;1.391
9498;9885;1.529
45194;58725;1.266
55351;7633;1.042
45916;55713;1.351
45854;4758;1.406
132329;17447;1.411
45916;55441;1.405
17762;9583;1.515
131788;58678;1.415
10029;55410;1.487
18209;9583;1.519
17747;55836;1.134
131210;17813;0.980
17762;55351;1.348
133268;17762;1.286
132519;17625;1.410
4758;55836;1.099
17439;55644;1.446
17762;55353;1.425
17747;55526;1.348
17465;58725;1.421
132497;17820;1.287
4758;9583;1.530
17447;9730;1.425
17426;55410;1.390
58678;7633;1.406
17820;9396;1.348
4758;55526;1.337
45769;58725;1.405
132335;9829;1.468
7633;9730;1.043
55353;58725;1.447
24029;9583;1.531
55824;9583;1.531
17820;45854;1.293
17813;55410;1.369
133255;58678;1.401
17465;55577;1.290
17439;45820;1.390
133255;9829;1.453
133229;18101;1.511
131210;9829;1.468
10077;133295;1.382
24029;55824;1.425
17447;55836;1.442
10077;133255;1.240
55644;9885;1.444
55836;58725;1.099
55353;55577;1.446
45609;9583;1.530
17447;55526;1.460
132329;9583;1.516
45514;9498;1.532
17439;45513;1.290
58725;9730;0.924
45194;55410;1.431
45117;9396;1.410
17917;9730;1.407
17439;45514;1.405
133268;18229;1.389
133295;24560;1.392
55351;58678;1.410
17754;7633;1.030
133229;55740;1.448
45513;45528;1.382
55577;55740;1.267
10201;55713;1.042
132519;55410;1.363
17754;4755;1.387
131256;45769;1.291
10201;55441;1.349
10029;17820;1.406
45514;55351;1.044
133268;55824;1.142
24186;55836;1.099
17754;4758;0.912
131210;55644;1.345
45514;55353;1.447
17443;17747;1.075
17443;24029;1.417
55577;9730;1.178
45769;55410;1.466
24186;55526;1.337
132497;17747;1.239
131788;45854;1.429
18229;24560;1.404
132497;24029;1.442
17465;9730;1.425
132761;9396;1.436
17439;17747;1.416
133295;17625;1.457
132335;17465;1.419
24560;55644;1.339
17813;17820;1.220
133255;7633;1.297
133229;9498;1.530
132329;133295;1.418
10201;132519;1.216
131210;45820;1.311
45854;58678;1.391
24309;55644;1.379
17754;17762;1.331
132761;17813;1.339
132497;9829;1.451
132335;17426;1.030
132329;133255;1.310
131210;7633;1.063
10077;58659;1.400
17762;45769;1.290
132497;17439;1.391
131256;17917;1.287
133255;4755;1.376
17439;24560;1.405
18229;4755;1.375
18209;45916;1.379
133255;4758;1.258
133255;18229;1.402
45528;55824;1.272
17917;55836;1.420
133255;45854;1.403
131210;45513;1.336
10201;9396;1.083
55713;55836;1.099
55410;58659;1.458
18101;18229;1.465
131210;45514;0.957
24186;9730;0.923
18229;4758;1.404
18101;45854;1.465
132497;18209;1.093
132497;133506;1.087
24309;45820;1.283
18101;9498;1.533
133506;45916;1.282
45194;9396;1.272
24029;38529;1.409
17917;55526;1.429
17625;55836;1.433
17443;58725;1.030
17747;9730;1.076
17443;9583;1.532
132329;45916;1.409
55836;9885;1.420
55526;55713;1.348
18209;45609;1.249
17747;17813;1.077
133268;45194;1.352
10077;45916;1.361
38529;55410;1.369
133229;133268;1.481
17762;17917;1.286
45820;55644;1.324
17625;55526;1.436
10029;132519;1.434
45916;4755;1.444
24309;45513;1.325
133506;45609;0.941
132519;45820;1.221
10029;24029;1.469
24309;45514;1.248
17465;17820;1.404
17439;58725;1.405
133268;45117;1.391
17443;55577;1.228
132787;9583;1.517
132335;55836;1.099
45916;4758;1.340
132329;45609;1.341
17465;24186;1.421
17426;7633;1.030
132787;55713;1.212
10077;45609;1.006
133295;55410;1.465
132497;55577;0.948
17625;9885;1.304
17426;17747;1.075
132787;55441;1.288
132335;132519;1.126
10029;10201;1.439
58659;58725;1.415
17426;24029;1.417
132335;55526;1.337
9583;9885;1.524
17426;4755;1.398
132519;45513;1.285
133268;38529;1.085
132519;45514;1.129
17754;55824;0.938
132497;7633;1.212
17447;17813;1.344
17426;4758;1.030
132761;55644;1.409
10077;132335;1.003
17813;24029;1.409
17426;17439;1.412
131210;24560;0.957
10029;18209;1.439
24309;9498;1.528
45528;9730;1.268
18229;55410;1.465
17754;18101;1.462
17762;55740;0.930
17426;18209;1.265
9396;9583;1.533
24560;9829;1.468
17820;55713;1.344
55713;9829;1.471
45916;55836;1.354
58659;9829;1.482
55740;58659;1.398
17820;55441;0.929
24309;24560;1.248
4755;9829;1.446
17747;55644;1.366
17813;18209;1.193
132519;17747;1.239
45916;55526;1.320
38529;9730;0.950
17439;55410;1.467
132519;24029;1.441
10029;55577;1.431
4758;55644;1.339
45609;58659;1.416
18209;24309;1.093
17762;9396;1.348
10201;17465;1.438
18209;9396;1.274
131210;17625;1.419
10201;17426;1.042
133506;24309;1.193
133506;17754;0.938
133268;58678;1.383
133255;133295;1.389
132519;17439;1.390
17426;55577;1.228
131256;55351;1.353
17447;9583;1.527
4758;9396;1.073
45514;9885;1.403
17813;9498;1.519
131256;55353;1.425
133506;17443;1.040
133295;45820;1.413
133268;7633;1.211
10077;17754;1.003
10077;24309;1.256
131256;9498;1.526
7633;9583;1.532
17813;55577;1.104
17447;55644;1.416
45513;45916;1.405
24029;9396;1.417
133506;17447;1.344
133268;4755;1.370
10077;17443;1.076
55824;9396;1.097
133229;18229;1.460
132329;55351;1.353
10029;9730;1.436
45117;58659;1.429
133268;4758;1.130
133295;45513;1.413
132329;55353;1.427
131788;55713;1.279
10077;17447;1.407
17465;18209;1.327
133295;45514;1.392
45514;55740;1.334
132519;58725;1.129
131788;7633;1.280
131788;55441;1.317
131256;133268;1.288
17754;38529;0.938
45513;45609;1.332
24560;7633;1.032
17625;17813;1.355
17443;17820;1.344
131256;133229;1.448
55713;7633;1.030
45609;9396;1.076
45194;55577;1.355
17447;45820;1.365
132329;9396;1.359
58725;9583;1.530
58659;7633;1.433
18229;45820;1.389
17917;9583;1.524
133229;55824;1.479
131788;4755;1.390
10201;55836;1.111
45528;58678;1.414
17443;24186;1.030
55577;55824;1.186
4755;7633;1.398
132761;24560;1.416
131788;4758;1.229
132519;55577;0.945
132497;24186;1.131
131210;55410;1.381
45820;58725;1.304
24186;55644;1.339
17439;17820;1.290
133229;9885;1.460
10201;55526;1.348
133295;9829;1.491
132335;17813;0.940
17447;45513;1.404
133255;55713;1.297
18229;45513;1.289
17447;45514;1.422
4755;4758;1.387
18229;45514;1.404
18101;55713;1.465
17439;7633;1.412
133255;55441;1.303
132519;133506;1.085
18101;58678;1.480
132787;133268;0.927
18101;55441;1.414
45769;55577;1.384
132787;133229;1.481
132497;58659;1.263
55577;9583;1.517
17439;4755;1.376
133295;17747;1.404
131788;133295;1.420
131256;17762;0.927
24560;55410;1.372
133295;24029;1.483
131788;133255;1.256
55644;58725;1.339
24309;55410;1.398
18101;9885;1.464
17465;9583;1.527
17439;4758;1.405
132787;17465;1.280
17747;24560;1.077
10201;132329;1.354
132787;17426;1.212
55740;9829;1.425
55351;55713;1.042
133268;45854;1.391
133295;17439;1.451
132761;17625;1.445
55351;55441;1.348
17917;55644;1.444
38529;58725;0.938
18209;45769;1.413
133268;133295;1.408
133229;45194;1.493
10029;24186;1.434
18229;24029;1.451
17625;55644;1.457
24186;9583;1.530
55526;55836;1.351
133506;45769;1.330
17426;17820;1.344
133229;45117;1.460
45820;55410;1.429
17447;24560;1.422
132335;7633;1.031
17917;45820;1.387
17747;9583;1.533
132329;45769;1.307
38529;55577;1.104
17443;9396;1.073
17426;24186;1.030
133295;58725;1.392
10077;45769;1.317
10077;132761;1.400
4758;58725;0.912
10029;58659;1.459
10029;132329;1.412
132335;55644;1.339
132335;4755;1.387
45854;55713;1.413
24029;45194;1.457
17439;24029;1.452
45528;45854;1.410
45117;45528;1.410
17625;45820;1.406
132787;55836;1.262
55353;9730;1.448
45854;55441;1.293
45513;55351;1.348
133229;38529;1.464
132335;4758;0.912
45820;9730;1.308
24309;9885;1.412
17813;24186;0.937
45513;55353;1.425
17917;45513;1.286
132787;9396;1.217
24029;45117;1.452
17917;45514;1.403
17426;58659;1.433
133295;55577;1.408
131210;4755;1.390
132787;55526;1.360
17443;18209;1.265
10077;132497;1.175
132761;55410;1.458
131210;4758;0.957
17625;45513;1.318
132335;45820;1.304
4755;55351;1.401
24560;45820;1.305
17625;45514;1.419
17447;58725;1.421
55526;9498;1.533
24186;24560;0.911
18229;58725;1.404
17813;58659;1.339
132329;17917;1.306
4755;55353;1.450
17447;17625;1.450
131256;18101;1.414
9498;9730;1.533
17439;18209;1.414
132519;17820;1.285
17443;45528;1.279
132335;45513;1.330
45528;9583;1.536
24560;45513;1.332
132519;24186;1.129
132335;45514;0.912
24560;45514;0.910
18229;55577;1.383
17820;55836;1.363
17762;55824;1.341
10201;17813;1.052
45916;55644;1.431
132497;45528;1.355
45194;58659;1.463
17754;18229;1.404
131788;17465;1.386
17754;45854;1.406
17747;55410;1.399
131210;133506;0.980
131788;17426;1.279
17820;55526;1.402
17813;9885;1.326
131256;55740;0.932
4758;55410;1.372
17820;9829;1.425
131256;9885;1.287
133229;58678;1.474
132761;133506;1.339
131210;17747;1.076
55410;9498;1.535
17762;18101;1.414
17439;55577;1.384
131210;24029;1.416
55577;58678;1.387
38529;9583;1.517
17917;24560;1.403
17465;58659;1.281
132497;4755;1.370
132329;55740;0.951
45769;58659;1.428
17625;24560;1.419
133255;17465;1.281
131788;132335;1.228
131210;17439;1.405
55644;9730;1.343
133255;17426;1.297
132497;4758;1.131
55353;58659;1.468
24029;55713;1.417
17447;55410;1.460
24029;58678;1.469
17447;9396;1.437
24029;55441;1.423
45117;9829;1.477
132761;45820;1.357
132497;132787;0.928
7633;9396;1.073
132335;24560;0.912
45513;45769;1.290
131788;55836;1.298
10029;45528;1.461
17917;58725;1.403
55836;58659;1.442
17465;45916;1.460
10029;9583;1.529
45514;55824;0.938
131788;55526;1.411
131210;58725;0.957
132761;45513;1.397
10201;55644;1.360
17426;45528;1.279
132761;45514;1.416
133268;55713;1.210
24186;55410;1.371
133295;17820;1.413
58725;9396;1.073
17917;9396;1.408
133268;55441;1.288
10029;17754;1.434
17754;45194;1.266
17747;45820;1.339
18209;55351;1.266
17813;45528;1.263
133295;24186;1.392
133255;55836;1.325
131210;55577;1.209
132787;17813;1.087
132761;9829;1.482
24560;58725;0.912
18209;55353;1.451
18101;55836;1.475
17762;38529;1.220
132329;132335;1.341
10029;17443;1.437
24309;58725;1.247
132335;17625;1.418
10201;45820;1.333
17754;45117;1.406
133506;55351;1.043
45769;9498;1.529
133255;55526;1.388
132519;18209;1.093
133506;55353;1.415
10029;17447;1.463
45609;45916;1.342
18101;55526;1.488
17747;45513;1.353
17747;45514;1.077
133229;45854;1.460
10077;55351;1.084
45194;45528;1.249
24560;55577;1.173
10077;55353;1.449
55577;9396;1.260
24309;55577;1.093
132519;9498;1.524
10201;45513;1.349
10201;9829;1.473
55351;55836;1.111
45117;7633;1.413
132761;17747;1.439
10201;45514;1.043
132761;24029;1.470
18229;24186;1.404
17465;9396;1.437
45528;55713;1.279
17917;55410;1.465
45194;9829;1.482
55351;55526;1.348
45528;55441;1.382
24560;4755;1.387
55836;9730;1.111
24029;45854;1.452
132761;17439;1.429
24560;4758;0.913
17625;55410;1.475
17465;45528;1.470
55441;55740;0.929
45916;58725;1.340
45117;45916;1.431
55526;55644;1.435
17439;24186;1.405
45513;55740;0.929
17443;58659;1.433
24186;9396;1.073
17747;24029;1.418
10029;133295;1.474
45820;55577;1.223
132335;55410;1.371
10029;133255;1.440
17625;9730;1.421
132761;7633;1.433
45854;55836;1.423
45117;45609;1.407
24186;45820;1.304
9583;9730;1.530
55526;9885;1.429
17747;9396;1.083
17465;24309;1.327
17465;17754;1.421
17439;58659;1.429
132787;55644;1.358
4755;55740;1.215
132761;58725;1.415
133229;17465;1.499
45854;55526;1.429
55353;9583;1.532
17754;55713;1.030
133229;17426;1.475
10201;24560;1.044
45820;9583;1.509
17754;58678;1.392
132329;17762;0.950
24186;45513;1.331
17754;55441;1.333
17443;45916;1.351
24186;45514;0.910
10201;7633;1.042
17447;17747;1.439
132787;45820;1.221
132761;55577;1.276
132497;45916;1.363
17447;24029;1.473
133295;18209;1.421
131788;17813;1.244
38529;45528;1.263
17443;45609;1.033
17747;58725;1.076
9498;9583;1.536
55410;9885;1.465
131256;18229;1.290
131210;17820;1.336
45916;55410;1.434
17820;55644;1.319
133295;7633;1.397
132787;45513;1.287
132497;45609;1.133
132787;45514;1.131
131210;24186;0.956
10201;58725;1.043
17762;9829;1.425
131788;132761;1.378
45528;9396;1.274
18209;9829;1.464
133295;4755;1.429
10201;17625;1.426
45514;58678;1.392
17747;55577;1.259
132519;132787;0.927
45609;55351;1.046
17447;18209;1.327
133295;4758;1.392
133255;17813;1.185
131256;55824;1.342
133506;9498;1.519
4758;55577;1.173
45609;55353;1.447
4758;9829;1.468
17820;45820;1.226
45514;9730;0.923
133506;17917;1.326
133268;17465;1.280
10201;131210;1.075
55441;9498;1.526
45513;9498;1.526
55740;7633;1.347
133268;17426;1.210
131788;132497;1.276
17762;18229;1.289
38529;9396;1.076
24029;9829;1.490
10077;17917;1.314
10029;45916;1.428
55824;9829;1.473
132329;55824;1.342
10201;131256;1.353
24029;55836;1.430
17820;45513;0.923
17820;45514;1.331
10077;133268;1.174
55644;9583;1.528
17447;55577;1.290
10077;133229;1.469
45117;55351;1.414
17426;45916;1.351
133506;18101;1.441
24029;55526;1.463
10029;45609;1.434
45609;9829;1.468
45117;55353;1.474
132329;9829;1.428
131788;55644;1.330
132787;24560;1.131
132329;18101;1.417
17917;24029;1.451
17439;45528;1.411
132329;132761;1.404
17813;45916;1.282
132497;132519;0.928
45854;9498;1.529
24186;58725;0.911
18209;55740;1.326
133229;55713;1.475
132519;58659;1.262
10029;131210;1.434
10201;55410;1.391
17465;45769;1.435
17426;45609;1.033
55577;55713;1.228
17762;7633;1.344
17625;17747;1.426
17443;24309;1.265
17443;17754;1.030
133229;9730;1.475
133229;55441;1.448
131210;131788;1.233
10029;9396;1.438
55526;58725;1.337
45769;9885;1.276
17625;24029;1.461
133506;55740;1.225
133268;55836;1.261
131256;45194;1.383
132497;24309;1.093
132497;17754;1.131
131788;45820;1.248
10029;131256;1.407
17762;4755;1.214
17813;45609;0.941
24186;55577;1.172
133255;55644;1.314
132329;132497;1.295
10077;55740;1.213
45820;58659;1.357
45194;45916;1.424
17762;4758;1.331
17439;17754;1.405
133268;55526;1.360
132519;9885;1.388
132497;17443;1.212
131256;45117;1.294
18101;55644;1.438
17443;17447;1.434
132335;17747;1.076
132787;58725;1.131
132761;17820;1.397
132335;24029;1.385
17917;18209;1.412
18101;9730;1.464
132787;17625;1.410
132497;17447;1.280
131788;45513;1.315
45514;45854;1.406
24029;7633;1.417
17820;24560;1.332
132761;24186;1.415
131788;45514;1.229
55824;7633;1.057
55410;55740;1.440
131210;18209;1.267
58678;9498;1.527
45194;45609;1.267
132335;17439;1.405
132329;133268;1.295
131256;38529;1.222
24029;4755;1.431
133255;45820;1.236
55713;58725;1.030
55644;58659;1.409
45609;45769;1.406
17762;45194;1.379
132329;133229;1.453
55351;55644;1.360
18101;45820;1.434
24029;4758;1.416
45769;45916;1.431
45528;55836;1.307
17625;58725;1.418
132329;7633;1.354
17762;45117;1.293
133229;133506;1.464
17747;17820;1.353
17917;55577;1.381
133255;45513;1.302
132329;38529;1.234
131210;45528;1.268
17820;7633;1.344
17465;45609;1.422
133255;45514;1.258
45528;55526;1.423
18101;45513;1.414
17747;24186;1.076
131210;132787;1.164
10029;24309;1.439
18101;45514;1.462
17820;58725;1.331
38529;58659;1.339
17443;9829;1.471
55836;9583;1.533
17820;4755;1.214
17625;55577;1.404
132335;58725;0.911
9730;9885;1.407
55441;55824;1.341
45513;55824;1.341
45117;45769;1.279
17820;4758;1.331
17754;9498;1.532
133229;17813;1.464
17426;24309;1.265
17426;17754;1.030
24309;9730;1.249
24309;45528;1.382
132787;9829;1.451
45854;55644;1.446
133295;58659;1.465
132787;55410;1.364
131788;24560;1.229
4758;58659;1.415
17426;17443;1.029
132335;55577;1.170
10201;133295;1.399
17447;17820;1.404
10201;133255;1.301
17813;24309;1.193
17625;9583;1.526
4755;55824;1.392
131256;58678;1.384
17447;24186;1.421
17426;17447;1.434
38529;45916;1.282
17754;55836;1.099
132519;45528;1.355
45117;4755;1.376
55353;9396;1.465
45117;4758;1.406
17754;55526;1.337
45820;9396;1.338
17443;45769;1.412
17447;58659;1.281
133255;24560;1.259
10077;9498;1.531
38529;45609;0.941
18229;58659;1.428
18101;24560;1.462
132497;45769;1.390
131788;58725;1.228
18229;9498;1.529
133506;9885;1.326
131788;17625;1.442
45609;55740;1.334
17820;55410;1.439
17762;55713;1.344
132519;24309;1.093
132519;17754;1.129
9396;9829;1.473
17762;58678;1.383
132761;18209;1.326
17813;9730;0.951
17762;55441;0.930
17443;7633;1.030
55441;9885;1.290
45513;9885;1.286
45916;55577;1.365
133268;17813;1.085
132519;17443;1.210
10201;17747;1.075
131256;9730;1.337
10201;24029;1.419
132761;4755;1.435
133506;17762;1.220
132519;17447;1.280
132335;133295;1.392
132787;7633;1.212
132335;133255;1.255
45916;9498;1.533
133255;58725;1.258
132761;4758;1.415
10201;17439;1.416
17465;55351;1.438
133255;17625;1.419
132497;17917;1.389
10077;17762;1.209
132787;4755;1.370
17465;55353;1.470
133255;133268;0.928
45117;55740;1.293
17747;18209;1.286
17447;9829;1.485
45514;9583;1.530
132787;4758;1.131
10201;4755;1.401
45194;7633;1.277
17426;9498;1.533
7633;9829;1.471
24029;55644;1.459
17439;45916;1.432
131256;133506;1.222
10201;18209;1.267
45854;9885;1.279
10029;45769;1.393
10201;4758;1.043
17917;24186;1.403
55351;58725;1.043
45194;4755;1.446
17625;17820;1.318
131256;45854;1.294
18209;18229;1.413
131788;55410;1.455
45194;4758;1.266
55644;9396;1.364
17625;24186;1.418
17439;45609;1.405
17426;45769;1.412
133295;45528;1.435
45514;55713;1.031
133506;18229;1.328
17917;58659;1.427
45514;55441;1.334
133229;55836;1.478
58725;9829;1.468
17917;9829;1.476
132335;17820;1.330
132329;18229;1.309
55577;55836;1.275
18209;55824;1.256
17813;45769;1.330
132787;133506;1.087
10201;55577;1.234
131210;58659;1.417
133268;55644;1.357
132335;24186;0.911
133229;55526;1.477
10029;17917;1.393
133506;55824;0.962
133229;9583;1.531
58678;9885;1.390
133255;55410;1.388
17762;45854;1.293
133295;24309;1.421
133295;17754;1.392
18101;55410;1.497
55441;58678;1.384
45854;58725;1.406
17447;45528;1.470
10077;55824;1.021
18229;45528;1.410
10201;132335;1.043
133295;17443;1.397
132787;17747;1.239
45194;45769;1.409
24560;58659;1.416
17447;7633;1.434
132787;24029;1.442
55577;9829;1.451
24309;58659;1.326
17754;17813;0.938
133268;45820;1.221
131788;133268;1.274
133295;17447;1.468
18101;9583;1.531
17465;9829;1.485
131210;45916;1.340
131788;133229;1.483
55410;55824;1.373
17813;17917;1.326
55351;55410;1.390
132787;17439;1.391
131256;17465;1.407
10077;18101;1.446
131256;17426;1.348
18229;24309;1.413
133268;9498;1.524
133268;45513;1.285
45528;55644;1.416
133268;45514;1.129
17754;9885;1.403
18209;7633;1.265
131210;45609;0.959
132787;18209;1.093
55351;9498;1.533
24309;45916;1.379
18209;45194;1.381
58725;7633;1.030
18209;4755;1.382
17917;7633;1.410
10029;132335;1.433
24186;9829;1.468
4758;7633;1.030
17820;24029;1.422
17443;55351;1.042
17439;24309;1.414
24029;24560;1.417
18209;4758;1.247
133506;45194;1.257
131788;9498;1.533
55526;55577;1.362
45916;58659;1.456
45528;45820;1.409
18209;45117;1.414
17443;55353;1.450
17747;9829;1.474
132497;55351;1.215
131210;132519;1.163
55526;9730;1.338
17439;17443;1.412
132329;45194;1.386
55836;9396;1.131
24309;45609;1.249
132519;45916;1.363
132497;55353;1.448
10077;45194;1.247
45854;55410;1.466
133506;45117;1.332
17465;17917;1.434
133229;17625;1.461
17625;18209;1.428
17439;17447;1.436
132329;45117;1.310
24309;9583;1.519
18209;38529;1.193
132787;55577;0.948
10077;45117;1.318
10077;9885;1.314
18229;9885;1.275
17917;45528;1.410
17754;55644;1.339
132761;58659;1.263
132519;45609;1.132
45820;45916;1.406
45609;7633;1.033
17820;18209;1.325
17439;9498;1.529
133506;38529;0.937
17625;9396;1.422
133268;24560;1.130
132335;18209;1.245
38529;45769;1.330
45609;4755;1.388
17625;45528;1.422
132329;4755;1.221
10077;38529;1.044
10201;17820;1.349
55410;9730;1.373
45609;4758;0.916
132329;4758;1.341
17754;45820;1.304
132761;132787;1.262
10201;24186;1.042
131788;17747;1.291
131788;24029;1.424
45916;9885;1.431
45528;9829;1.484
17762;55836;1.363
132335;45528;1.268
10029;55351;1.438
45609;55824;0.941
24560;45528;1.269
24186;7633;1.030
17747;58659;1.439
17820;55577;1.264
131210;17754;0.957
131210;24309;1.267
10029;55353;1.463
17465;55740;1.405
17762;55526;1.402
131788;17439;1.428
17813;9583;1.517
17747;7633;1.075
133268;58725;1.129
10201;58659;1.437
131210;17443;1.063
131256;55713;1.348
17426;9885;1.410
17426;55351;1.042
133268;17625;1.410
131256;9583;1.515
131256;55441;0.932
55353;55740;1.425
18209;58678;1.413
17426;55353;1.450
38529;9829;1.435
133255;17747;1.314
131210;17447;1.422
133255;24029;1.447
132335;9498;1.532
131788;18209;1.324
18101;24029;1.498
17813;55351;1.043
133506;58678;1.351
17813;55353;1.415
132329;55713;1.354
45117;55824;1.413
133255;9498;1.525
132329;58678;1.391
24029;55410;1.488
133295;45916;1.440
133255;17439;1.403
132329;55441;0.951
131210;9498;1.532
45514;9396;1.074
17439;45769;1.280
45194;55351;1.279
45528;58725;1.268
45194;55353;1.480
133295;45609;1.393
131788;55577;1.280
10029;9829;1.495
45514;55836;1.100
17443;4755;1.398
45769;9730;1.407
132519;55351;1.215
10201;132761;1.437
133229;55644;1.494
17754;24560;0.912
17447;45916;1.460
17443;4758;1.030
17443;17917;1.410
132519;55353;1.447
10029;17762;1.406
55577;55644;1.357
18229;45916;1.431
45514;55526;1.338
24186;58659;1.415
133268;55410;1.363
132787;17820;1.287
132761;45528;1.465
18101;58725;1.462
132519;9730;1.135
55526;58659;1.456
132787;24186;1.130
45769;55351;1.413
17439;17917;1.276
45769;55353;1.474
17447;45609;1.422
10201;132497;1.216
18229;45609;1.404
133255;55577;0.960
133229;45820;1.478
133229;9396;1.476
131256;17813;1.222
18101;55577;1.445
133268;9885;1.388
132787;58659;1.262
132761;24309;1.326
132761;17754;1.415
132497;18101;1.446
132497;9498;1.524
131256;131788;1.317
18209;45854;1.414
17747;45528;1.279
10029;132761;1.459
55351;9885;1.413
133229;45513;1.448
132761;17443;1.433
133229;45514;1.472
24029;45820;1.431
133506;45854;1.332
131210;45769;1.406
10201;45528;1.279
55713;58659;1.433
55351;55577;1.233
45528;55410;1.432
18101;9396;1.468
132761;17447;1.281
131788;9885;1.426
17443;55740;1.346
17820;24186;1.331
132335;132761;1.413
132329;45854;1.310
10077;18229;1.315
10029;7633;1.437
10077;45854;1.318
17762;17813;1.220
17625;58659;1.445
132497;55740;1.288
10029;132497;1.434
17747;24309;1.286
17747;17754;1.076
38529;55351;1.043
24029;45513;1.422
10029;4755;1.439
24029;45514;1.416
55441;55713;1.346
38529;55353;1.415
24309;45769;1.413
17820;58659;1.397
10029;4758;1.434
45513;55713;1.344
45513;58678;1.383
17465;17762;1.404
17426;17917;1.410
132335;58659;1.413
132335;132497;1.128
45513;55441;0.929
17917;45916;1.431
17439;9885;1.276
10029;133268;1.434
131210;132329;1.346
133295;55351;1.399
133229;17747;1.479
10029;133229;1.488
10029;18101;1.486
55526;9583;1.531
17447;4755;1.438
133295;55353;1.492
45854;55577;1.385
17625;45916;1.438
132519;45769;1.390
4755;55713;1.398
4755;58678;1.422
17447;4758;1.421
131256;132787;1.289
4755;55441;1.215
17917;45609;1.403
17754;55410;1.372
17447;24309;1.327
17447;17754;1.421
133229;24560;1.472
55353;9829;1.509
133229;17439;1.461
