57588;60929;1.239
39216;56484;1.544
57324;60929;1.492
21277;50597;1.884
21277;57324;2.136
39216;44217;2.376
3194;57324;1.400
3194;50597;1.160
50597;50710;1.389
44217;60929;2.329
50710;57588;1.485
56484;57588;1.431
39216;57588;1.435
21277;50710;1.944
44217;56484;2.361
3194;50710;1.485
57324;57588;1.400
50597;60929;1.288
44217;57588;2.259
21277;3194;1.943
21277;60929;1.981
50597;56484;1.418
3194;60929;1.239
50710;57324;1.858
56484;57324;1.656
3194;44217;2.259
39216;50597;1.294
39216;57324;1.688
21277;56484;2.044
50597;57588;1.160
3194;56484;1.431
21277;44217;2.453
21277;57588;1.943
39216;50710;1.634
3194;57588;0.923
44217;50597;2.287
44217;57324;2.406
21277;39216;2.009
3194;39216;1.435
50710;60929;1.533
56484;60929;1.539
39216;60929;1.569
44217;50710;2.353
50597;57324;1.506
50710;56484;1.698
