57588;60929;1.238
39216;56484;1.333
57324;60929;1.392
21277;50597;1.469
21277;57324;1.502
39216;44217;1.501
3194;57324;1.313
3194;50597;1.160
50597;50710;1.327
44217;60929;1.498
50710;57588;1.348
56484;57588;1.327
39216;57588;1.320
21277;50710;1.503
44217;56484;1.494
3194;50710;1.348
57324;57588;1.313
50597;60929;1.288
44217;57588;1.470
21277;3194;1.479
21277;60929;1.494
50597;56484;1.300
3194;60929;1.238
50710;57324;1.466
56484;57324;1.427
3194;44217;1.470
39216;50597;1.267
39216;57324;1.427
21277;56484;1.484
50597;57588;1.160
3194;56484;1.327
21277;44217;1.518
21277;57588;1.479
39216;50710;1.404
3194;57588;0.923
44217;50597;1.482
44217;57324;1.489
21277;39216;1.477
3194;39216;1.320
50710;60929;1.364
56484;60929;1.414
39216;60929;1.407
44217;50710;1.509
50597;57324;1.374
50710;56484;1.411
