48289;48434;1.394
57474;58256;0.926
43343;56466;0.923
30902;47843;0.927
16322;41881;1.141
47796;49689;0.926
31732;59514;0.923
31732;48159;1.396
21419;48434;1.364
31549;51431;1.141
48309;59587;1.140
31549;51788;0.926
21341;50810;0.923
21341;42337;0.923
50810;51431;0.923
50810;51788;1.244
48434;56466;1.364
31549;58085;0.926
39501;41881;0.927
50810;58085;1.246
47796;57543;0.925
47796;56466;1.139
51788;59431;1.139
42337;43343;0.923
39308;42163;0.924
47843;58224;1.143
44375;59441;1.141
39074;58152;1.212
57218;58256;0.926
5484;59441;0.923
44375;59442;0.926
21419;31732;0.923
5484;59442;1.139
44889;58256;1.141
31549;44889;1.141
51431;61028;0.923
59441;6736;1.238
30902;51431;0.924
47843;51074;0.927
43343;50810;0.923
34513;48555;1.364
30902;51788;1.139
47796;6736;1.225
42337;61028;0.923
42337;8571;1.141
51431;59514;0.923
49103;5484;1.141
34513;44285;0.923
30902;58085;1.141
16322;57474;0.926
48309;49103;0.926
43754;48159;1.396
41689;58152;1.212
25184;39501;0.927
48434;50810;1.327
39501;59587;0.927
39308;57218;0.926
34513;48289;1.139
15696;58303;0.927
56402;58142;1.141
44889;48434;1.364
59441;59442;1.139
41881;50591;0.923
41881;57474;1.139
39074;44375;1.143
12880;39074;1.401
47796;50810;1.244
30902;44889;0.923
12880;39308;1.441
25184;31549;1.141
51074;57474;1.141
48159;48555;1.471
31549;41881;1.141
25184;43754;0.924
25184;47796;1.139
50810;5484;0.923
21341;58152;1.212
197207;58303;0.927
41689;44375;1.141
39074;56503;1.143
16322;43343;1.141
198569;56402;1.141
48159;48289;1.344
5484;56402;1.141
50591;58303;0.927
24631;59514;0.923
24631;48159;1.396
58152;58224;1.275
197343;8571;0.926
42337;59431;0.923
42337;48309;1.139
49103;51431;1.141
12880;6736;1.473
15696;41689;0.923
49103;51788;0.926
41881;43343;0.923
39501;49103;1.143
56503;58152;1.275
21419;58142;0.923
16322;61028;1.141
21419;39074;0.927
44285;6736;1.238
39308;58256;0.926
30783;58303;1.142
21419;39308;1.139
49103;58085;0.926
15696;30783;1.141
49689;58224;0.926
43343;58152;1.212
44375;57218;0.926
39074;49689;1.143
39074;41689;0.927
16322;47843;1.143
21341;44375;1.141
5484;57218;1.141
25184;58224;1.141
15696;56466;0.923
31549;57474;0.926
12880;41900;1.401
51074;61028;0.927
49689;51074;1.143
197207;41689;0.923
41881;59514;0.923
50810;57474;1.244
48434;58152;1.425
44285;58303;0.927
48309;51431;1.140
39308;48434;1.394
25184;51074;0.927
50591;5484;0.923
48434;59587;1.364
48309;51788;0.924
25184;6736;1.238
12880;48555;1.446
197207;30783;1.141
58224;59514;1.141
41689;49689;1.141
39501;47843;0.928
39074;57543;1.142
21341;56503;1.141
48555;58224;1.395
48309;58085;0.926
47796;59587;1.139
42163;56402;0.926
21419;8571;1.141
12880;44285;1.401
197343;48159;1.344
197343;59514;1.139
21341;34513;0.923
43343;44375;1.141
30783;41689;1.141
197207;56466;0.923
48289;6736;1.225
30902;50591;0.923
12880;48289;1.441
48555;51074;1.365
30902;57474;1.139
15696;6736;1.238
50591;56466;0.923
16322;51431;1.141
16322;59431;1.141
16322;51788;0.926
31549;43343;1.141
41689;56466;0.923
15696;50810;0.924
15696;42337;0.923
48289;48555;1.394
21419;41900;0.927
57543;8571;0.926
44375;58256;0.926
5484;58256;1.141
43343;56503;1.141
41900;42163;1.142
41881;48309;1.139
30783;56466;1.141
21341;49689;1.141
58256;8571;0.926
43754;59441;0.923
31549;61028;1.141
21419;48555;1.364
51074;59431;0.927
43754;59442;1.140
39501;51431;0.927
39501;51788;1.142
34513;8571;1.141
50810;61028;0.923
48434;56503;1.395
47796;49103;0.926
31732;56402;1.141
16322;197343;0.926
39501;58085;1.143
34513;58142;0.923
197207;50810;0.923
197207;42337;0.923
44375;48434;1.395
31549;47843;1.143
30902;43343;0.923
47796;56503;0.926
44285;56466;0.923
21419;48289;1.139
21341;57543;1.139
50591;50810;0.923
47843;58303;0.927
43343;49689;1.141
41900;57218;1.143
41689;50810;0.923
41689;42337;0.923
51788;59514;1.139
39501;44889;0.927
30902;61028;0.923
15696;21341;0.923
30783;50810;1.246
30783;42337;1.141
49103;57474;0.926
12880;31732;1.401
48434;49689;1.395
56466;59441;0.923
56466;59442;1.140
31549;6736;1.226
59431;61028;0.923
57543;59441;1.139
48159;58142;1.396
43343;57543;1.139
57543;59442;0.923
21419;31549;1.141
31549;59431;1.141
31549;48309;0.926
44889;48555;1.364
58085;59441;1.141
44285;50810;0.923
15696;58152;1.212
58085;59442;0.926
56402;58224;0.926
50810;59431;0.923
43754;56402;1.141
197207;21341;0.923
48434;57543;1.394
15696;59587;0.924
21419;43754;0.923
48309;57474;0.924
44889;48289;1.139
41900;58256;1.144
198569;59441;0.923
42163;8571;0.926
34513;41900;0.927
198569;59442;1.139
41881;6736;1.238
39074;59587;0.927
197207;8571;1.141
30902;59431;0.923
30902;48309;1.139
197207;58152;1.212
43754;57218;1.141
59431;8571;1.141
58152;58303;1.212
49103;61028;1.141
15696;44375;1.141
50591;58152;1.212
16322;50591;1.141
58224;8571;0.926
50591;59587;0.923
47796;58085;0.926
41900;48434;1.365
42337;59514;0.923
42337;48159;1.396
24631;56402;1.141
21341;41881;0.923
59514;61028;0.923
41689;59587;0.923
21419;58224;1.141
49689;58303;1.142
30783;58152;1.275
12880;58142;1.401
24631;8571;1.141
30783;59587;1.141
25184;58303;0.927
15696;56503;1.141
39501;50591;0.927
39308;41900;1.142
39501;57474;1.142
197207;44375;1.141
15696;34513;0.923
48309;61028;1.139
39074;49103;1.143
34513;39501;0.927
198569;5484;0.923
56466;57218;1.141
42163;59441;1.139
39308;48555;1.394
198569;42163;1.139
21341;30902;0.923
44285;58152;1.212
42163;59442;0.924
21341;59587;0.923
58142;58256;1.141
48555;58303;1.365
48289;58142;1.139
43754;58256;1.141
39308;44285;1.139
30783;44375;0.926
197207;56503;1.141
49103;59431;1.141
39308;48289;0.923
15696;49689;1.141
197207;34513;0.923
41689;49103;1.141
58303;59441;0.927
50591;56503;1.141
58303;59442;1.141
34513;43754;0.924
197343;56402;0.926
56503;59587;1.141
34513;47796;1.139
41689;56503;1.141
39501;43343;0.927
25184;41689;0.923
30783;6736;1.226
16322;59514;1.141
198569;57218;1.141
198569;24631;0.923
44285;44375;1.141
43343;59587;0.923
39074;47843;0.927
30783;56503;0.926
197343;6736;1.225
56466;8571;1.141
25184;30783;1.141
57474;58142;1.139
31549;50591;1.141
30783;34513;1.141
15696;57543;1.139
49689;56466;1.141
39501;61028;0.927
197207;49689;1.141
41881;48159;1.396
31732;59441;0.923
31732;59442;1.139
56466;58256;1.141
48309;59431;1.139
25184;56466;0.923
21341;49103;1.141
197343;24631;1.139
57543;58256;0.926
51074;59514;0.927
44285;56503;1.141
41900;5484;0.927
44375;48555;1.395
34513;58224;1.141
58085;58256;0.926
51431;6736;1.238
30783;49689;0.926
197207;57543;1.139
48555;56466;1.364
47843;58152;1.213
57218;58142;1.141
50591;57543;1.140
47796;57474;0.924
39074;51431;0.927
34513;51074;0.927
16322;48309;0.926
44889;58142;0.923
44375;48289;0.926
39074;51788;1.141
43343;49103;1.141
41689;57543;1.139
198569;58256;1.141
51788;56402;0.926
49689;50810;1.246
39074;58085;1.143
42163;57218;0.926
51431;59441;0.923
44889;6736;1.238
44285;49689;1.141
30783;57543;0.926
21341;47843;0.927
51431;59442;1.140
25184;50810;0.923
25184;42337;0.923
12880;39501;1.401
48434;49103;1.395
48159;58224;1.344
39501;59431;0.927
39501;48309;1.142
39074;44889;0.927
31732;42163;1.139
56402;58303;1.142
43754;8571;1.141
31549;59514;1.141
31549;48159;1.344
12880;31549;1.441
198569;48434;1.364
57543;6736;1.225
48159;51074;1.397
41689;58085;1.141
50810;59514;0.924
44285;57543;1.139
15696;197207;0.923
58256;6736;1.226
48555;50810;1.327
43343;47843;0.927
12880;43754;1.401
12880;47796;1.441
15696;41881;0.923
41689;44889;0.923
47796;61028;1.139
21341;51431;0.923
56503;57543;0.926
49103;50591;1.141
21341;51788;1.139
31732;57218;1.141
21419;39501;0.927
24631;59441;0.923
42163;58256;0.926
30902;59514;0.923
30902;48159;1.396
24631;59442;1.139
21341;58085;1.141
39074;41881;0.927
12880;25184;1.401
59587;8571;1.141
47796;47843;1.142
41900;48555;1.365
12880;21419;1.401
21419;58303;0.927
51431;56402;1.141
39308;58142;1.139
197207;41881;0.923
59431;59514;0.923
41900;44285;0.927
15696;30902;0.923
42337;56402;1.141
21341;44889;0.923
56503;58085;0.926
49689;58152;1.275
43343;51431;0.923
12880;58224;1.441
47843;49689;1.143
43343;51788;1.139
41900;48289;1.142
42163;48434;1.394
21419;47796;1.139
48309;50591;1.140
41689;41881;0.923
25184;58152;1.212
16322;8571;0.926
56402;56466;1.141
43343;58085;1.141
41881;59441;0.923
12880;51074;1.401
41881;59442;1.139
30783;41881;1.141
48555;5484;1.364
48434;59431;1.364
48434;51431;1.364
48434;51788;1.394
197207;30902;0.923
58224;59441;1.141
58224;59442;0.926
47843;57543;1.142
47843;56466;0.928
47796;59431;1.139
47796;51431;1.139
31732;58256;1.141
21419;25184;0.923
48434;58085;1.395
47796;51788;0.924
43343;44889;0.923
197207;59587;0.924
48555;58152;1.425
48289;58224;0.926
197343;59441;1.139
39074;50591;0.927
197343;59442;0.923
48555;59587;1.364
39074;57474;1.141
24631;42163;1.139
42163;6736;1.225
49103;59514;1.141
25184;44375;1.141
48289;51074;1.142
39074;8571;1.143
21419;30783;1.141
30783;30902;1.141
15696;49103;1.141
59431;6736;1.238
31732;48434;1.364
198569;39074;0.927
44375;58142;1.141
42337;6736;1.238
198569;39308;1.139
5484;58142;0.923
21419;51074;0.927
49689;56503;0.926
43754;44285;0.923
57474;58224;0.926
44889;47796;1.139
25184;56503;1.141
24631;57218;1.141
47843;50810;0.926
25184;34513;0.923
12880;16322;1.441
39074;43343;0.927
24631;6736;1.238
197207;49103;1.141
48309;59514;1.139
44285;59587;0.923
41881;56402;1.141
34513;58303;0.927
51074;56402;1.143
6736;8571;1.226
15696;47843;0.927
48555;56503;1.395
21341;50591;0.923
197343;42163;0.924
39074;61028;0.927
21341;57474;1.139
51788;59441;1.139
51788;59442;0.924
30783;49103;0.926
25184;49689;1.141
57218;58224;0.926
44889;58224;1.141
30902;8571;1.141
16322;48159;1.344
43754;48434;1.364
48434;5484;1.364
39308;39501;1.142
49689;57543;0.926
48159;58303;1.397
44889;51074;0.927
41689;61028;0.923
197207;47843;0.927
43343;50591;0.923
24631;58256;1.141
48555;49689;1.395
44285;49103;1.141
43343;57474;1.139
25184;57543;1.139
197343;57218;0.926
41689;5484;0.923
39501;59514;0.927
39501;48159;1.397
15696;51431;0.924
198569;48555;1.364
56402;58152;1.275
41689;47843;0.927
21341;43343;0.923
15696;51788;1.139
48434;50591;1.364
39308;43754;1.140
198569;44285;0.923
48434;57474;1.394
39308;47796;0.925
30783;47843;1.143
15696;58085;1.141
41900;58142;0.927
50810;56402;1.246
48555;57543;1.394
47796;50591;1.139
24631;48434;1.364
198569;48289;1.139
39074;59431;0.927
39074;48309;1.142
34513;56466;0.923
21341;61028;0.923
47843;59587;0.928
41881;58256;1.141
21419;6736;1.238
197207;51431;0.924
15696;44889;0.923
48309;8571;0.926
31732;39074;0.927
197207;51788;1.139
31732;39308;1.139
44285;47843;0.927
31732;8571;1.141
50591;59431;0.923
50591;51431;0.923
58224;58256;0.926
56503;61028;1.141
50591;51788;1.139
197207;58085;1.141
42337;59441;0.923
42337;59442;1.139
41689;59431;0.923
41689;51431;0.923
30902;56402;1.141
41689;51788;1.139
12880;197207;1.401
197343;58256;0.926
50591;58085;1.141
21419;58152;1.212
43343;61028;0.923
39308;58224;0.926
30783;59431;1.141
30783;51431;1.141
12880;58303;1.401
48159;56466;1.396
30783;51788;0.926
197207;44889;0.923
51788;57218;0.926
42163;48555;1.394
56402;56503;0.926
39308;51074;1.142
34513;50810;0.923
34513;42337;0.923
30783;58085;0.926
51788;8571;0.926
48434;61028;1.364
47843;49103;1.143
42163;44285;1.139
34513;6736;1.238
59587;61028;0.923
197343;48434;1.394
44375;47796;0.926
47843;56503;1.143
44285;51431;0.923
43754;6736;1.238
42163;48289;0.924
21341;59431;0.923
21341;48309;1.139
48434;59514;1.364
44285;51788;1.139
43754;58142;0.923
30783;44889;1.141
25184;41881;0.923
48289;58303;1.141
21419;44375;1.141
198569;31732;0.923
47796;59514;1.139
44285;58085;1.141
58152;59587;1.212
56503;59431;1.141
12880;41689;1.401
48159;50810;1.421
44285;44889;0.923
16322;59441;1.141
49103;56402;0.926
43343;59431;0.923
43343;48309;1.139
31732;48555;1.364
16322;59442;0.926
12880;30783;1.441
51788;58256;0.926
49689;59587;1.141
25184;30902;0.923
44375;58224;0.926
57474;58303;1.141
5484;58224;1.141
31732;44285;0.923
58256;58303;1.143
56402;57543;0.926
25184;59587;0.924
15696;50591;0.923
12880;56466;1.401
15696;57474;1.139
56466;58142;0.923
31732;48289;1.139
24631;39074;0.927
51431;57218;1.141
44375;51074;1.143
24631;39308;1.139
57543;58142;1.139
51074;59441;0.927
51074;59442;1.142
47796;48309;0.925
42337;57218;1.141
51074;5484;0.927
34513;58152;1.212
21419;49689;1.141
21419;41689;0.923
58085;58142;1.141
48309;56402;0.926
50810;8571;1.246
49689;5484;1.141
197207;50591;0.923
48289;56466;1.140
47843;51431;0.928
197207;57474;1.139
57218;58303;1.142
47843;51788;1.142
197207;6736;1.238
44889;58303;0.927
198569;58142;0.923
50591;57474;1.139
43754;48555;1.364
41900;43754;0.928
47843;58085;1.143
41900;47796;1.142
15696;43343;0.923
41689;50591;0.923
25184;49103;1.141
21419;57543;1.139
21419;56466;0.923
12880;50810;1.467
12880;42337;1.401
58224;6736;1.226
41689;57474;1.139
16322;56402;0.926
58085;8571;0.926
30783;50591;1.141
48159;58152;1.425
34513;44375;1.141
30783;57474;0.926
43754;48289;1.140
51431;58256;1.141
48159;59587;1.396
41881;42163;1.139
15696;61028;0.923
197343;39074;1.142
197343;39308;0.923
31549;59441;1.141
42337;58256;1.141
31549;59442;0.926
48555;49103;1.395
50810;59441;0.923
197207;43343;0.923
15696;59514;0.923
50810;59442;1.245
39501;56402;1.143
48289;50810;1.245
44285;50591;0.923
16322;57218;0.926
44285;57474;1.139
34513;56503;1.141
16322;24631;1.141
41900;58224;1.143
24631;48555;1.364
41689;43343;0.923
25184;47843;0.927
21419;50810;0.923
21419;42337;0.923
197207;61028;0.923
39074;59514;0.927
39074;48159;1.397
24631;44285;0.923
42337;48434;1.364
41881;57218;1.141
41900;51074;0.927
30783;43343;1.141
12880;21341;1.401
50591;61028;0.923
42163;58142;1.139
30902;59441;0.923
56503;57474;0.926
30902;59442;1.139
24631;48289;1.139
51074;57218;1.143
44889;56466;0.923
198569;41900;0.927
50591;59514;0.923
59431;59441;0.923
39308;58303;1.141
34513;49689;1.141
34513;41689;0.923
30783;61028;1.141
59431;59442;1.139
48159;56503;1.344
41689;59514;0.923
30902;6736;1.238
39308;5484;1.139
15696;59431;0.923
15696;48309;1.139
56466;6736;1.238
49689;51431;1.141
12880;58152;1.439
56402;59587;1.141
49689;51788;0.926
30783;59514;1.141
197343;41900;1.142
41881;44285;0.923
31549;56402;0.926
25184;51431;0.924
25184;51788;1.139
16322;58256;0.926
49689;58085;0.926
59442;59587;1.140
44285;61028;0.923
34513;57543;1.139
197343;48555;1.394
47843;8571;1.143
25184;58085;1.141
58152;8571;1.275
31732;58142;0.923
197343;44285;1.139
197207;48309;1.139
197207;59431;0.923
48159;49689;1.344
44889;50810;0.923
21341;59514;0.923
21341;48159;1.396
58142;58224;1.141
44375;5484;1.141
43754;58224;1.141
57218;8571;0.926
48555;59431;1.364
48555;51431;1.364
48289;58152;1.275
51074;58256;1.143
48555;51788;1.394
47843;57474;1.142
197343;48289;0.923
39308;41689;1.139
31549;57218;0.926
30902;42163;1.139
25184;44889;0.923
198569;39501;0.927
12880;44375;1.441
49103;59441;1.141
41689;48309;1.139
50810;57218;1.246
49103;59442;0.926
48555;58085;1.395
21419;30902;0.923
24631;31732;0.923
56503;59514;1.141
30783;48309;0.926
21419;59587;0.923
48309;6736;1.225
48159;57543;1.344
41881;48434;1.364
198569;31549;1.141
44375;58303;1.142
31732;6736;1.238
5484;58303;0.927
43343;59514;0.923
43343;48159;1.396
39308;56466;1.140
12880;56503;1.441
57474;58152;1.274
12880;34513;1.401
198569;43754;0.923
30902;57218;1.141
56466;58224;1.141
44285;59431;0.923
44285;48309;1.139
48309;59441;1.139
57543;58224;0.926
48309;59442;0.923
47796;48159;1.344
51788;6736;1.225
31549;58256;0.926
198569;25184;0.923
58085;58224;0.926
48289;56503;0.926
47843;61028;0.927
31732;41900;0.927
198569;21419;0.923
12880;49689;1.441
50810;58256;1.246
21419;49103;1.141
197343;31732;1.139
57218;58152;1.275
49103;8571;0.926
44889;58152;1.212
39308;50810;1.245
39308;42337;1.139
21419;56503;1.141
61028;8571;1.141
198569;58224;1.141
44889;59587;0.924
21419;34513;0.923
59587;6736;1.238
31549;48434;1.395
12880;57543;1.441
24631;58142;0.923
198569;51074;0.927
49689;50591;1.141
30902;58256;1.141
49689;57474;0.926
48289;49689;0.926
44375;56466;1.141
42163;43754;1.139
39501;59441;0.927
39501;59442;1.142
25184;50591;0.923
25184;57474;1.139
49103;57218;0.926
16322;6736;1.226
198569;8571;1.141
34513;59587;0.924
56402;58085;0.926
41900;58303;0.927
31732;39501;0.927
48289;57543;0.923
47843;59431;0.927
47843;48309;1.142
30902;48434;1.364
48555;50591;1.364
48555;57474;1.394
42337;48555;1.364
41881;58142;0.923
58152;61028;1.212
16322;42163;0.926
44889;56503;1.141
42337;44285;0.923
42163;58224;0.926
39074;56402;1.143
48309;57218;0.926
44375;50810;1.246
25184;43343;0.923
39074;6736;1.240
31732;43754;0.923
42337;48289;1.139
31732;47796;1.139
197343;58142;1.139
42163;51074;1.141
12880;198569;1.401
57474;57543;0.924
49689;61028;1.141
39308;58152;1.275
48159;5484;1.396
49103;58256;0.926
39501;42163;1.142
39308;59587;1.140
24631;41900;0.927
56402;8571;0.926
34513;49103;1.141
25184;61028;0.923
15696;48159;1.396
21419;58085;1.141
21341;5484;0.923
15696;198569;0.923
58085;6736;1.226
50591;8571;1.141
44889;49689;1.141
12880;41881;1.401
48434;59441;1.364
21419;44889;0.923
48434;59442;1.394
58142;58303;0.927
48555;61028;1.364
43754;58303;0.927
41900;56466;0.928
31732;58224;1.141
47796;59441;1.139
39308;44375;0.926
197207;48159;1.396
197207;59514;0.923
58152;59431;1.212
47796;59442;0.925
39501;57218;1.143
48309;58256;0.926
44889;57543;1.139
48555;59514;1.364
48159;49103;1.344
41881;41900;0.927
21341;56402;1.141
43754;47796;1.139
31732;51074;0.927
34513;47843;0.927
16322;44285;1.141
41689;48159;1.396
41881;48555;1.364
12880;30902;1.401
49689;59431;1.141
24631;39501;0.927
51788;58142;1.139
39308;56503;0.926
31549;42163;0.926
30783;48159;1.344
12880;59587;1.401
44375;58152;1.275
25184;59431;0.923
25184;48309;1.139
5484;58152;1.212
48309;48434;1.394
47796;5484;1.139
21419;41881;0.923
43343;56402;1.141
41881;48289;1.139
24631;31549;1.141
21341;24631;0.923
56466;58303;0.927
56402;57474;0.926
41900;50810;0.926
41900;42337;0.927
30902;39074;0.927
30902;39308;1.139
57543;58303;1.141
59514;8571;1.141
44285;59514;0.923
44285;48159;1.396
24631;43754;0.923
47843;50591;0.928
24631;47796;1.139
48434;56402;1.395
39501;58256;1.143
34513;51431;0.924
58085;58303;1.142
48289;59587;1.140
39308;49689;0.926
34513;51788;1.139
16322;48434;1.395
47843;6736;1.240
47796;56402;0.926
43754;51074;0.927
34513;58085;1.141
58152;6736;1.255
16322;197207;1.141
12880;49103;1.441
198569;58303;0.927
24631;25184;0.923
57218;6736;1.226
197343;39501;1.142
39501;48434;1.365
39308;57543;0.923
34513;44889;0.923
31549;48555;1.395
57474;8571;0.926
21419;57474;1.139
44375;56503;0.926
16322;31732;1.141
198569;47796;1.139
57474;59587;1.139
48159;59431;1.396
48159;51431;1.396
58256;59587;1.141
51431;58142;0.923
48159;51788;1.344
47796;57218;0.926
31549;44285;1.141
24631;58224;1.141
12880;5484;1.401
197343;31549;0.926
56402;61028;1.141
42337;58142;0.923
48159;58085;1.344
44285;5484;0.923
31549;48289;0.926
48289;49103;0.926
30902;41900;0.927
24631;51074;0.927
197343;43754;1.140
197343;47796;0.925
12880;47843;1.401
41900;58152;1.213
30902;48555;1.364
44375;49689;0.926
41900;59587;0.928
47843;59514;0.927
47843;48159;1.397
39074;59441;0.927
39074;59442;1.142
34513;41881;0.923
30902;44285;0.923
21419;43343;0.923
57218;59587;1.141
198569;30783;1.141
41881;58224;1.141
25184;5484;0.923
197343;25184;1.139
42163;58303;1.141
30902;48289;1.139
197343;21419;1.139
50591;59441;0.923
198569;56466;0.923
50591;59442;1.140
21419;61028;0.923
47796;58256;0.927
44375;57543;0.926
5484;57543;1.139
5484;56466;0.923
48289;5484;1.139
42163;47796;0.924
41689;59441;0.923
197343;58224;0.926
49103;6736;1.226
41689;59442;1.139
41900;44375;1.143
15696;5484;0.923
56402;59431;1.141
30783;59441;1.141
12880;51431;1.401
30783;59442;0.926
21419;47843;0.927
12880;51788;1.441
197343;51074;1.142
16322;58142;1.141
16322;39074;1.143
43343;5484;0.923
31549;31732;1.141
15696;56402;1.141
16322;39308;0.926
12880;58085;1.441
39308;41881;1.139
44889;49103;1.141
41900;56503;1.143
34513;50591;0.923
34513;57474;1.139
31732;58303;0.927
21341;59441;0.923
39074;42163;1.141
21341;59442;1.139
58142;58152;1.212
43754;58152;1.212
198569;42337;0.923
12880;44889;1.401
51074;58142;0.927
48289;51431;1.140
58142;59587;0.923
50810;6736;1.266
48289;51788;0.924
58152;59514;1.212
197207;56402;1.141
48289;58085;0.926
39501;5484;0.927
15696;24631;0.923
56503;59441;1.141
42163;56466;1.139
30902;31732;0.923
21419;59431;0.923
21419;51431;0.923
58303;8571;1.142
56503;59442;0.926
48434;8571;1.395
21419;51788;1.139
50591;56402;1.141
5484;8571;1.141
41900;49689;1.143
48159;50591;1.396
43343;59441;0.923
41689;56402;1.141
51788;58224;0.926
49689;59514;1.141
48159;57474;1.344
43343;59442;1.139
48309;48555;1.394
39074;57218;1.143
44889;47843;0.927
34513;43343;0.923
43754;44375;1.141
41689;8571;1.141
30783;56402;0.926
25184;59514;0.923
25184;48159;1.396
31549;5484;1.141
41900;8571;1.143
197207;24631;0.923
56466;58152;1.212
16322;41900;1.144
57474;58085;0.926
57543;58152;1.275
56402;6736;1.226
41900;57543;1.142
34513;61028;0.923
198569;21341;0.923
57218;57543;0.926
21341;42163;1.139
50591;6736;1.238
31549;58142;1.141
16322;48555;1.395
44285;56402;1.141
42163;42337;1.139
31549;39074;1.143
58085;58152;1.275
42337;43754;0.924
31549;39308;0.926
50810;58142;0.923
42337;47796;1.139
31732;56466;0.923
39501;41900;0.928
39308;49103;0.926
44889;59431;0.923
44889;51431;0.924
41881;5484;0.923
16322;48289;0.926
44889;51788;1.139
198569;58152;1.212
39501;48555;1.365
57218;58085;0.926
39074;58256;1.143
48159;61028;1.396
44889;58085;1.141
44375;59587;1.141
5484;59587;0.923
21341;57218;1.141
39501;44285;0.927
30902;58142;0.923
24631;58303;0.927
43754;49689;1.141
12880;50591;1.401
12880;57474;1.441
51431;58224;1.141
48159;59514;1.396
39501;48289;1.142
56466;56503;1.141
42337;58224;1.141
41689;58256;1.141
34513;59431;0.923
34513;48309;1.139
31732;50810;0.923
31732;42337;0.923
39308;47843;1.142
39074;48434;1.365
16322;31549;0.926
198569;44375;1.141
59441;59587;0.923
43754;57543;1.140
43754;56466;0.923
42337;51074;0.927
43343;57218;1.141
48289;50591;1.140
31549;41900;1.143
59514;6736;1.238
58142;8571;1.141
48289;57474;0.924
16322;43754;1.141
41881;58303;0.927
44375;49103;0.926
12880;43343;1.401
48434;57218;1.395
42163;58152;1.274
21419;50591;0.923
198569;56503;1.141
58224;58303;1.142
41881;43754;0.923
21341;58256;1.141
198569;34513;0.923
5484;56503;1.141
48159;48309;1.344
41881;47796;1.139
24631;30783;1.141
197343;58303;1.141
39308;59431;1.139
39308;51431;1.140
12880;61028;1.401
49103;58142;1.141
39308;51788;0.924
16322;21419;1.141
15696;59441;0.923
30783;5484;1.141
24631;56466;0.923
15696;59442;1.139
59442;61028;1.139
56503;58256;0.926
56466;57543;1.140
56402;59514;1.141
43754;50810;0.923
57474;6736;1.225
48555;8571;1.395
39308;58085;0.926
197343;5484;1.139
21341;48434;1.364
16322;58224;0.926
198569;41689;0.923
198569;49689;1.141
59442;59514;1.139
43343;58256;1.141
42163;44375;0.926
44375;47843;1.143
197207;198569;0.923
51074;8571;1.143
31549;39501;1.143
39308;44889;1.139
48289;61028;1.139
49689;8571;0.926
31732;58152;1.212
197207;59441;0.923
197207;59442;1.139
48434;58256;1.395
48309;58142;1.139
197343;41689;1.139
51074;58224;1.143
48555;59441;1.364
48555;59442;1.394
198569;57543;1.139
44889;50591;0.923
42163;56503;0.926
41881;51074;0.927
51431;5484;0.923
44889;57474;1.139
43343;48434;1.364
197343;30783;0.926
24631;50810;0.923
24631;42337;0.923
61028;6736;1.238
31549;43754;1.141
21419;59514;0.923
30902;39501;0.927
12880;48309;1.441
12880;59431;1.401
51788;58303;1.141
197343;56466;1.140
57474;61028;1.139
44375;51431;1.141
15696;42163;1.139
58256;61028;1.141
44375;51788;0.926
41900;49103;1.143
39074;39308;1.142
31732;44375;1.141
59442;8571;0.926
44889;5484;0.923
49689;56402;0.926
47796;48434;1.394
30902;31549;1.141
44375;58085;0.926
5484;58085;1.141
42163;49689;0.926
25184;56402;1.141
44285;59441;0.923
44285;59442;1.139
30902;43754;0.924
198569;6736;1.238
198569;50810;0.923
48289;59431;1.139
48289;48309;0.923
39501;58142;0.927
30902;47796;1.139
43754;59587;0.923
44375;44889;1.141
31732;56503;1.141
197207;42163;1.139
31549;58224;0.926
31732;34513;0.923
15696;57218;1.141
57218;61028;1.141
50810;58224;1.246
42163;57543;0.924
21419;48309;1.139
48555;56402;1.395
44889;61028;0.923
197343;42337;1.139
197343;50810;1.245
41689;42163;1.139
31549;51074;1.143
41900;47843;0.927
50810;51074;0.926
44889;59514;0.923
30783;42163;0.926
57474;59431;1.139
39308;50591;1.140
58256;59431;1.141
39308;57474;0.924
21341;39074;0.927
31732;49689;1.141
31732;41689;0.923
197207;57218;1.141
21341;39308;1.139
58303;6736;1.240
51788;56466;1.139
51431;58303;0.927
48434;6736;1.349
30902;58224;1.141
24631;58152;1.212
56466;59587;0.923
50591;57218;1.141
42337;58303;0.927
43754;49103;1.141
57543;59587;1.140
41689;57218;1.141
30902;51074;0.927
39074;48555;1.365
43754;56503;1.141
42163;50810;1.244
41689;6736;1.238
34513;59514;0.923
34513;48159;1.396
41900;6736;1.240
31732;57543;1.139
30783;57218;0.926
15696;58256;1.141
58085;59587;1.141
41900;59431;0.927
41900;51431;0.928
39074;44285;0.927
41900;51788;1.142
47843;59441;0.927
197343;21341;1.139
57218;59431;1.141
47843;59442;1.142
44889;48309;1.139
39074;48289;1.142
198569;30902;0.923
41900;58085;1.143
39308;43343;1.139
24631;44375;1.141
41881;58152;1.212
198569;59587;0.923
44285;57218;1.141
41689;44285;0.923
15696;48434;1.364
47796;58142;1.139
197207;58256;1.141
42163;5484;1.139
41900;44889;0.927
39308;61028;1.139
197343;58152;1.275
16322;39501;1.143
44375;50591;1.141
50591;58256;1.141
44375;57474;0.926
24631;56503;1.141
21341;41900;0.927
5484;57474;1.139
49103;58224;0.926
39308;59514;1.139
24631;34513;0.923
56503;57218;0.926
51431;56466;0.923
42337;5484;0.923
16322;58303;1.143
41881;44375;1.141
21341;48555;1.364
42337;56466;0.923
30783;58256;0.926
49103;51074;1.143
12880;15696;1.401
197207;48434;1.364
15696;31732;0.923
21341;44285;0.923
198569;49103;1.141
16322;47796;0.926
24631;5484;0.923
21341;48289;1.139
197343;44375;0.926
58142;59431;0.923
47843;56402;1.143
41689;48434;1.364
24631;49689;1.141
24631;41689;0.923
51074;58303;0.927
58152;59441;1.212
48309;58224;0.926
44285;58256;1.141
42163;59587;1.139
58152;59442;1.275
30783;48434;1.395
43754;58085;1.141
43343;48555;1.364
58142;6736;1.238
39501;43754;0.927
16322;25184;1.141
39501;47796;1.142
39308;48309;0.923
48309;51074;1.142
43343;44285;0.923
197343;56503;0.926
44375;61028;1.141
24631;57543;1.139
5484;61028;0.923
49689;59441;1.141
42337;50810;0.923
197343;34513;1.139
58303;59587;0.927
51788;58152;1.274
49689;59442;0.926
48434;48555;1.356
47843;57218;1.143
43754;44889;0.924
43343;48289;1.139
12880;48159;1.478
12880;59514;1.401
44285;48434;1.364
25184;59441;0.923
16322;30783;0.926
25184;59442;1.139
47796;48555;1.394
30783;31732;1.141
16322;51074;1.143
48555;6736;1.349
42163;49103;0.926
41900;50591;0.928
59441;61028;0.923
56466;58085;1.141
47796;48289;0.925
41900;57474;1.142
31732;59587;0.923
197343;49689;0.926
39501;58224;1.143
31549;58303;1.142
57543;58085;0.926
48289;59514;1.139
57218;57474;0.926
41881;56466;0.923
50810;58303;0.926
15696;39074;0.927
21341;31732;0.923
15696;39308;1.139
51074;56466;0.927
39501;51074;0.927
31549;47796;0.926
21419;48159;1.396
198569;51431;0.923
198569;51788;1.139
197343;57543;0.923
47843;58256;1.143
44375;59431;1.141
44375;48309;0.926
39074;58142;0.927
21419;5484;0.923
5484;59431;0.923
197343;198569;1.139
51788;56503;0.926
198569;58085;1.141
30902;58303;0.927
57474;59514;1.139
25184;42163;1.139
197207;39074;0.927
58256;59514;1.141
48159;59441;1.396
41900;43343;0.927
197207;39308;1.139
51431;58152;1.212
48159;59442;1.344
21341;8571;1.141
51431;59587;0.923
31732;49103;1.141
42337;58152;1.212
15696;197343;1.139
41881;50810;0.923
41881;42337;0.923
41689;58142;0.923
198569;44889;0.923
47843;48434;1.365
59442;6736;1.225
41900;61028;0.927
30783;39074;1.143
49689;57218;0.926
30783;39308;0.926
43754;57474;1.139
41900;59514;0.927
34513;56402;1.141
34513;5484;0.923
25184;57218;1.141
16322;198569;1.141
15696;41900;0.927
57218;59514;1.141
43754;5484;0.923
50810;56466;0.923
44889;48159;1.396
30902;41689;0.923
42163;51431;1.139
42337;44375;1.141
42163;51788;0.923
21341;58142;0.923
39308;8571;0.926
16322;21341;1.141
15696;48555;1.364
31732;47843;0.927
24631;30902;0.923
51788;57543;0.924
47796;58224;0.926
42163;58085;0.926
39074;41900;0.927
198569;41881;0.923
48555;57218;1.395
24631;59587;0.923
15696;44285;0.923
58152;58256;1.276
5484;6736;1.238
49103;58303;1.142
51431;56503;1.141
197207;41900;0.927
56503;58142;1.141
56402;59441;1.141
48159;56402;1.344
30902;56466;0.923
15696;48289;1.139
56402;59442;0.926
42337;56503;1.141
42163;44889;1.139
56466;57474;1.139
16322;58152;1.276
197343;41881;1.139
43343;58142;0.923
41900;48309;1.142
197207;48555;1.364
49689;58256;0.926
41689;41900;0.927
44375;8571;0.926
25184;58256;1.141
197207;44285;0.923
58142;61028;0.923
43754;61028;0.923
30783;41900;1.143
41689;48555;1.364
31732;51431;0.923
48434;58142;1.364
41881;59587;0.923
31732;51788;1.139
197207;48289;1.139
48309;58303;1.141
58142;59514;0.923
51074;58152;1.212
30783;48555;1.395
43754;47843;0.928
42337;49689;1.141
31732;58085;1.141
24631;49103;1.141
15696;31549;1.141
58224;59587;1.141
197343;30902;1.139
39074;39501;0.927
198569;57474;1.139
48555;58256;1.395
41689;48289;1.139
30902;50810;0.923
30902;42337;0.923
30783;44285;1.141
16322;44375;0.926
25184;48434;1.364
21419;59441;0.923
197343;59587;1.140
21419;59442;1.139
197207;5484;0.923
39308;48159;1.344
30783;48289;0.926
51431;57543;1.140
31732;44889;0.923
44285;48555;1.364
42337;57543;1.139
49103;56466;1.141
56466;61028;0.923
44285;8571;1.141
12880;56402;1.441
57543;61028;1.139
39074;43754;0.927
39074;47796;1.141
44285;48289;1.139
43754;59431;0.923
43754;51431;0.923
24631;47843;0.927
43754;51788;1.139
39501;58303;0.927
198569;43343;0.923
58085;61028;1.141
41881;56503;1.141
31549;58152;1.275
30783;31549;0.926
56402;57218;0.926
51074;56503;1.143
197343;49103;0.926
50810;58152;1.241
197207;31732;0.923
48289;56402;0.926
31732;41881;0.923
12880;24631;1.401
48309;56466;1.140
198569;61028;0.923
21341;39501;0.927
42163;57474;0.923
16322;41689;1.141
16322;49689;0.926
44889;59441;0.923
44889;59442;1.139
21419;56402;1.141
51788;59587;1.139
39074;58224;1.143
44375;59514;1.141
44375;48159;1.344
198569;47843;0.927
21341;31549;1.141
5484;59514;0.923
41881;49689;1.141
15696;8571;1.141
30902;58152;1.212
24631;51431;0.923
56466;59431;0.923
31549;44375;0.926
24631;51788;1.139
39501;41689;0.927
39074;51074;0.927
16322;56466;1.141
16322;57543;0.926
57543;59431;1.139
21341;43754;0.923
30902;5484;0.923
21341;47796;1.139
43343;8571;1.141
24631;58085;1.141
47843;48555;1.365
197343;47843;1.142
41689;58224;1.141
34513;59441;0.923
21419;57218;1.141
58085;59431;1.141
42163;43343;1.139
41881;57543;1.139
34513;59442;1.139
21419;24631;0.923
15696;58142;0.923
59441;59514;0.923
56402;58256;0.926
51074;6736;1.240
31732;50591;0.923
51074;57543;1.142
39501;56466;0.927
31732;57474;1.139
24631;44889;0.923
47843;48289;1.142
31549;34513;1.141
21341;25184;0.923
50810;56503;1.246
49689;6736;1.226
25184;39074;0.927
30902;44375;1.141
25184;39308;1.139
198569;48309;1.139
21341;21419;0.923
198569;59431;0.923
43343;43754;0.923
42163;61028;1.139
43343;47796;1.139
39501;8571;1.143
48159;8571;1.344
44889;56402;1.141
41881;58085;1.141
21341;58224;1.141
16322;42337;1.141
12880;197343;1.441
16322;50810;1.246
197207;58142;0.923
56503;8571;0.926
47796;58303;1.141
42163;47843;1.142
197343;51431;1.140
50591;58142;0.923
197343;51788;0.924
58303;61028;0.927
31549;49689;0.926
31549;41689;1.141
30902;56503;1.141
39308;59441;1.139
21341;51074;0.927
49103;58152;1.275
39308;59442;0.923
30902;34513;0.923
48309;5484;1.139
42337;59587;0.924
41881;44889;0.923
197343;58085;0.926
56503;58224;0.926
31732;43343;0.923
31732;5484;0.923
24631;41881;0.923
21419;58256;1.141
39501;50810;0.926
39501;42337;0.927
30783;58142;1.141
34513;42163;1.139
43754;50591;0.923
43343;58224;1.141
41900;48159;1.397
31549;57543;0.926
31549;56466;1.141
197343;44889;1.139
31732;61028;0.923
50810;57543;1.245
43343;51074;0.927
30902;49689;1.141
42163;59431;1.139
42163;48309;0.924
48434;58224;1.395
44285;58142;0.923
25184;41900;0.927
48309;58152;1.275
51788;5484;1.139
41881;8571;1.141
59441;8571;1.141
48434;51074;1.365
34513;57218;1.141
25184;48555;1.364
42337;49103;1.141
47796;8571;0.926
58303;59431;0.927
30902;57543;1.139
47796;51074;1.141
25184;44285;0.923
12880;59441;1.401
24631;50591;0.923
12880;59442;1.441
49103;56503;0.926
39308;6736;1.225
24631;57474;1.139
16322;30902;1.141
39308;56402;0.926
31549;50810;1.246
31549;42337;1.141
25184;48289;1.139
16322;59587;1.141
51788;58085;0.926
15696;39501;0.927
31732;59431;0.923
31732;48309;1.139
48159;57218;1.344
48289;59441;1.139
43754;59514;0.923
39501;58152;1.212
16322;5484;1.141
48289;59442;0.923
51074;59587;0.927
42337;47843;0.927
49103;49689;0.926
44375;6736;1.226
198569;50591;0.923
48309;56503;0.926
34513;58256;1.141
24631;43343;0.923
197207;39501;0.927
15696;43754;0.924
15696;47796;1.139
47843;58142;0.927
39074;58303;0.927
12880;8571;1.441
16322;49103;0.926
197343;50591;1.140
12880;42163;1.441
197343;57474;0.924
49103;57543;0.926
24631;61028;0.923
57474;59441;1.139
197207;31549;1.141
58256;59441;1.141
57474;59442;0.924
39501;44375;1.143
16322;56503;0.926
58256;59442;0.926
39074;5484;0.927
30783;8571;0.926
51431;59431;0.923
44375;56402;0.926
34513;48434;1.364
16322;34513;1.141
51431;51788;1.139
48309;49689;0.926
41881;49103;1.141
30783;39501;1.143
15696;25184;0.923
56466;59514;0.923
25184;31732;0.923
43754;48309;1.140
42337;51431;0.924
15696;21419;0.923
197207;43754;0.924
57543;59514;1.139
48159;58256;1.344
42337;51788;1.139
41689;58303;0.927
197207;47796;1.139
51431;58085;1.141
30902;41881;0.923
42337;58085;1.141
197207;197343;1.139
39501;56503;1.143
31549;59587;1.141
15696;58224;1.141
58085;59514;1.141
41689;43754;0.923
25184;8571;1.141
12880;57218;1.441
41900;59441;0.927
41689;47796;1.139
50810;59587;0.923
48309;57543;0.923
42163;50591;1.139
41900;59442;1.142
41881;61028;0.923
197343;43343;1.139
57218;59441;1.141
30783;43754;1.141
197207;25184;0.923
57218;59442;0.926
30783;47796;0.926
21419;42163;1.139
15696;51074;0.927
49103;50810;1.246
48159;48434;1.471
42337;44889;0.923
197207;21419;0.923
51431;8571;1.141
198569;48159;1.396
198569;59514;0.923
58224;61028;1.141
48289;8571;0.926
21341;58303;0.927
41881;47843;0.927
197343;61028;1.139
24631;59431;0.923
24631;48309;1.139
197207;58224;1.141
47796;58152;1.274
48289;57218;0.926
39501;49689;1.143
39074;56466;0.927
30902;59587;0.924
51788;57474;0.923
50591;58224;1.141
44285;47796;1.139
56503;58303;1.142
44889;8571;1.141
197207;51074;0.927
31549;49103;0.926
59431;59587;0.923
50591;51074;0.927
48309;50810;1.245
49689;58142;1.141
43343;58303;0.927
30783;58224;0.926
31549;56503;0.926
12880;58256;1.441
41689;51074;0.927
39501;57543;1.142
25184;58142;0.923
16322;58085;0.926
43343;6736;1.238
41881;59431;0.923
41881;51431;0.923
30783;51074;1.143
21341;41689;0.923
41900;56402;1.143
41881;51788;1.139
48434;58303;1.365
15696;16322;1.141
58142;59441;0.923
58142;59442;1.139
51074;51431;0.927
58224;59431;1.141
51074;51788;1.141
44285;58224;1.141
42163;59514;1.139
42163;48159;1.344
39074;50810;0.926
39074;42337;0.927
21341;30783;1.141
30902;49103;1.141
16322;44889;1.141
21419;44285;0.923
12880;48434;1.446
48555;58142;1.364
197343;48309;0.923
197343;59431;1.139
51074;58085;1.143
48289;58256;0.926
47843;5484;0.927
34513;39074;0.927
44285;51074;0.927
34513;39308;1.139
21341;56466;0.923
51788;61028;1.139
39501;6736;1.240
31549;8571;0.926
49103;59587;1.141
58303;59514;0.927
48159;6736;1.422
56503;6736;1.226
51431;57474;1.139
44889;57218;1.141
42337;50591;0.923
59514;59587;0.923
42337;57474;1.139
21341;6736;1.238
