12969;25509;1.436
39418;44735;1.408
30818;44735;1.520
43892;56704;1.421
43892;50613;1.245
25509;56704;1.425
25509;50613;1.232
15474;51896;1.350
15474;44735;1.438
25509;43892;1.264
50613;6677;1.460
44735;51896;1.490
30818;56704;1.496
12969;51896;1.442
12969;15474;1.360
39418;6677;1.467
25509;30818;1.442
51896;6677;1.481
44735;6677;1.513
25509;39418;1.264
39418;56704;1.421
15474;6677;1.467
25509;6677;1.454
56704;6677;1.486
39418;50613;1.245
12969;44735;1.465
30818;50613;1.442
50613;51896;1.376
39418;43892;0.924
30818;43892;1.470
15474;56704;1.419
30818;39418;1.470
15474;50613;1.259
30818;6677;1.481
15474;43892;1.178
44735;56704;1.493
12969;56704;1.476
43892;51896;1.375
44735;50613;1.470
12969;50613;1.395
51896;56704;1.355
15474;30818;1.478
25509;51896;1.369
25509;44735;1.457
43892;6677;1.467
15474;39418;1.178
43892;44735;1.408
15474;25509;1.342
39418;51896;1.375
30818;51896;1.489
12969;43892;1.378
12969;6677;1.509
12969;39418;1.378
50613;56704;1.417
12969;30818;1.509
