12969;25509;1.581
39418;44735;1.653
30818;44735;2.357
43892;56704;1.668
43892;50613;1.245
25509;56704;1.675
25509;50613;1.277
15474;51896;1.350
15474;44735;1.699
25509;43892;1.296
50613;6677;2.014
44735;51896;1.847
30818;56704;2.183
12969;51896;1.573
12969;15474;1.360
39418;6677;2.123
25509;30818;1.980
51896;6677;2.142
44735;6677;2.345
25509;39418;1.296
39418;56704;1.668
15474;6677;2.116
25509;6677;2.004
56704;6677;2.160
39418;50613;1.245
12969;44735;1.841
30818;50613;1.979
50613;51896;1.480
39418;43892;0.924
30818;43892;2.133
15474;56704;1.700
30818;39418;2.133
15474;50613;1.260
30818;6677;2.194
15474;43892;1.178
44735;56704;1.988
12969;56704;1.853
43892;51896;1.453
44735;50613;1.799
12969;50613;1.518
51896;56704;1.600
15474;30818;2.126
25509;51896;1.492
25509;44735;1.718
43892;6677;2.123
15474;39418;1.178
43892;44735;1.653
15474;25509;1.342
39418;51896;1.453
30818;51896;2.166
12969;43892;1.496
12969;6677;2.278
12969;39418;1.496
50613;56704;1.597
12969;30818;2.272
