35612;44942;1.494
2594;39636;1.461
12445;47358;1.333
20959;42957;1.349
30848;45015;1.453
12874;2594;1.530
60501;8261;1.331
20836;29177;1.490
15589;42425;1.516
12874;2597;1.547
60501;8265;1.437
3302;3313;1.522
30722;48815;1.279
12850;42425;1.509
30722;8261;1.300
31263;50507;1.388
20912;21309;1.495
30722;8265;1.439
21056;42957;1.490
29177;31033;1.413
29177;31034;1.476
20942;39636;1.481
12637;31611;1.510
50507;5602;1.467
12637;21101;1.531
42425;8612;1.380
12637;196865;1.456
12874;16076;1.528
12779;25002;1.519
5394;60409;1.498
49367;50507;1.435
20959;6734;1.377
16076;31033;1.230
202056;5392;1.480
16076;31034;1.424
137;29177;1.502
202056;5394;1.489
31034;34695;1.473
12445;29449;1.441
2594;44942;1.345
39636;50891;1.474
202056;5396;1.477
202056;5397;1.429
30722;39636;1.454
12779;13253;1.508
30722;44942;1.297
21333;30722;1.280
12445;12481;1.323
5392;60409;1.471
20942;44942;1.169
25002;41606;1.404
31319;31686;1.397
31034;8612;1.486
16210;31495;1.457
31115;60409;1.306
31319;35574;1.441
44512;8612;1.380
2597;8261;1.462
13180;20746;1.092
2597;8265;1.505
31033;34695;1.478
31115;47242;1.533
20942;3302;1.497
5394;8968;1.521
3302;49605;1.473
29050;8660;1.333
20811;41606;1.495
29050;47927;1.324
12637;25002;1.473
196753;31319;1.400
12850;8968;1.522
16076;196983;1.444
20746;47927;1.417
20746;20912;1.360
21309;30722;1.479
29286;62007;1.385
12637;13253;1.456
62007;6734;1.378
13253;6762;1.539
12481;44512;1.290
13180;34695;1.470
21333;60409;1.102
12779;50891;1.508
48500;6734;1.464
21309;9026;1.511
30848;41606;1.448
12445;20811;1.493
31611;42425;1.427
29449;9026;1.480
21333;47242;1.510
15589;29286;1.500
13253;44512;1.180
21309;5602;1.517
21101;31495;1.514
15589;196865;1.515
12850;29286;1.510
196753;8968;1.471
15589;45015;1.509
42957;50891;1.393
20942;3313;1.498
31319;57394;1.262
34695;50507;1.471
28716;8612;1.519
29286;51580;1.410
1267;44512;1.519
12850;45015;1.495
35574;57394;1.436
196753;49605;1.388
48500;50891;1.298
5392;8660;1.473
21309;60409;1.490
31319;60501;1.407
137;9026;1.516
47358;8660;1.433
20836;3302;1.472
35574;60501;1.498
21309;47242;1.541
20912;21333;1.360
137;5602;1.512
12637;50891;1.456
196865;3302;1.485
41606;49605;1.360
25002;31115;1.474
29449;5602;1.470
21309;2594;1.490
47242;8968;1.530
20912;48815;1.360
21309;2597;1.501
31319;44787;1.309
15668;31495;1.471
20912;3302;1.474
28716;30722;1.480
20959;6762;1.528
35574;44787;1.450
20959;31611;1.429
20811;31115;1.517
2597;29177;1.467
21333;8660;1.349
25002;42957;1.457
20836;3313;1.515
20959;21101;1.461
12874;29177;1.541
21056;31611;1.523
12445;50507;1.303
57394;8612;1.366
5602;8660;1.448
137;2594;1.468
21101;3269;1.473
196865;3313;1.493
137;2597;1.508
31319;47358;1.347
12445;20836;1.466
20811;42957;1.498
20912;39636;1.461
30848;31115;1.507
35574;47358;1.453
29177;49360;1.476
6762;8660;1.536
196983;44512;1.445
29286;31033;1.436
29177;49367;1.487
29286;31034;1.478
44512;62007;1.304
30848;3269;1.460
31033;8261;1.110
20912;3313;1.474
196865;31319;1.379
49360;50507;1.405
31033;8265;1.450
30848;42957;1.457
29449;48815;1.439
31115;43843;1.500
15589;41606;1.515
196865;49605;1.360
20746;20942;1.084
44787;47902;1.094
12481;8261;1.325
20836;51580;1.453
16076;49360;1.392
12481;8265;1.494
12850;41606;1.501
62007;6762;1.533
31611;3269;1.428
16076;49367;1.468
20836;62007;1.457
48500;6762;1.543
60409;6734;1.416
29177;48500;1.454
21056;21101;1.522
20746;28716;1.480
196865;196983;1.342
2594;3302;1.476
44512;51580;1.377
6734;8968;1.494
20912;44942;1.361
20942;29177;1.435
41606;9026;1.372
31686;47902;1.316
12779;31686;1.516
31263;31319;1.437
21333;43843;1.469
28716;60409;1.485
20811;6734;1.482
29449;39636;1.510
42425;8660;1.377
31263;49605;1.431
31611;45015;1.430
47902;8261;1.333
3313;8968;1.508
41606;5602;1.453
16076;48500;1.361
137;51580;1.491
47902;8265;1.359
3313;42425;1.498
3269;50891;1.183
44787;9026;1.457
28716;47242;1.543
137;62007;1.489
2594;29177;1.413
12835;31263;1.413
202056;31263;1.429
20746;20959;0.990
12637;137;1.525
20959;25002;1.428
49367;49605;1.479
2594;3313;1.465
31034;8660;1.454
1267;6734;1.523
21309;43843;1.517
21056;25002;1.507
49360;6734;1.455
44512;8660;1.377
31263;8612;1.467
12835;35612;1.505
12779;8612;1.530
202056;35612;1.488
39636;57394;1.336
12779;35574;1.526
12835;35617;1.441
202056;35617;1.471
29449;44942;1.441
15668;196753;1.388
39636;60501;1.390
31495;44512;1.464
16210;42425;1.312
44787;5602;1.413
44787;47927;1.349
15589;31115;1.531
31611;41606;1.405
21101;42425;1.473
12850;31115;1.523
202056;3269;1.424
35617;51580;1.416
196753;21309;1.503
44942;5392;1.475
44942;5394;1.494
35574;8261;1.472
44942;5396;1.469
44942;5397;1.420
35574;8265;1.498
21101;8968;1.524
35617;62007;1.402
15589;42957;1.514
20959;50891;1.309
12637;31686;1.463
31686;47927;1.417
12850;42957;1.481
20836;31033;1.463
39636;44787;1.441
20836;31034;1.427
28716;8660;1.494
12637;35574;1.466
15589;9026;1.531
12481;31495;1.486
25002;31611;1.461
35617;9026;1.413
21056;50891;1.501
12779;57394;1.486
30848;8968;1.530
12835;8612;1.475
12779;60501;1.527
13253;31495;1.447
60409;6762;1.539
34695;49605;1.440
20811;31611;1.531
39636;47358;1.503
31611;8968;1.523
42957;57394;1.244
15668;42425;1.444
20811;21101;1.522
1267;31495;1.531
16076;21056;1.486
137;31033;1.492
137;31034;1.513
48500;57394;1.213
31319;50507;1.374
42957;60501;1.345
13253;3302;1.485
20811;6762;1.542
35574;50507;1.477
21056;6734;1.493
31115;34695;1.500
30848;31611;1.368
48500;60501;1.405
43843;47902;1.442
42957;6734;1.439
15589;5602;1.526
12779;44787;1.505
12637;57394;1.414
12874;51580;1.527
35617;5602;1.486
2597;62007;1.418
15589;2594;1.509
12637;60501;1.489
15589;2597;1.517
28716;43843;1.515
12874;62007;1.520
57394;8660;1.067
16210;29286;1.365
15668;5392;1.483
51580;8612;1.464
3313;45015;1.454
12779;30848;1.540
1267;6762;1.547
15668;5394;1.496
12445;15589;1.515
15668;5396;1.497
15668;5397;1.447
196865;21309;1.487
42957;44787;1.341
3269;35574;1.483
8968;9026;1.516
49360;6762;1.541
21333;34695;1.478
12874;8261;1.538
16210;45015;1.238
12779;47358;1.513
12874;8265;1.536
29286;49360;1.448
20912;29177;1.427
12445;31319;1.396
13253;3313;1.493
12874;196753;1.530
29286;49367;1.460
16076;16210;1.303
8265;9026;1.508
31611;42957;1.438
2597;51580;1.450
47242;51580;1.503
31686;8612;1.374
47242;62007;1.489
12637;44787;1.437
42957;47358;1.466
47927;50891;1.397
35612;62007;1.478
47358;62007;1.415
196983;31495;1.490
21309;34695;1.521
196753;21333;1.288
20959;3302;1.491
49360;49605;1.327
202056;8968;1.493
29286;48500;1.481
21101;29286;1.493
16210;8612;1.452
12637;30848;1.534
31034;31263;1.482
3302;48815;1.493
12779;29449;1.527
29177;30722;1.395
20811;25002;1.498
12637;47358;1.432
20746;5392;1.474
20746;5394;1.496
12445;49605;1.381
21101;45015;1.449
20746;5396;1.465
20746;5397;1.423
196753;48815;1.287
48815;9026;1.369
3313;41606;1.493
25002;5392;1.510
25002;5394;1.500
25002;5396;1.474
25002;5397;1.441
35612;51580;1.496
47358;51580;1.365
2594;51580;1.290
31034;35612;1.523
20959;31686;0.990
43843;47927;1.495
31034;35617;1.484
16076;30722;1.312
50507;8261;1.305
20959;35574;1.483
31033;31263;1.428
2594;62007;1.321
50507;8265;1.441
41606;48815;1.092
3302;39636;1.540
29286;8612;1.479
21056;31686;1.499
30722;62007;1.239
3302;44942;1.492
20942;51580;1.377
20959;3313;1.466
15589;31611;1.542
29177;60409;1.419
12445;6734;1.419
196753;39636;1.471
8261;8968;1.479
31263;8660;1.424
5396;5397;1.457
25002;50891;1.405
20942;62007;1.304
2597;31033;1.459
12637;29449;1.471
2597;31034;1.477
12850;31611;1.529
196753;44942;1.279
3269;57394;1.087
12779;8660;1.507
13180;31263;1.447
15668;29286;1.434
31033;35612;1.485
12874;31033;1.539
12874;31034;1.549
21056;6762;1.541
3269;44787;1.351
31033;35617;1.331
16210;41606;0.931
3269;60501;1.346
12779;20811;1.529
20836;49360;1.453
48815;5602;1.471
15668;45015;1.299
42957;6762;1.536
20836;49367;1.497
196983;6734;1.431
20811;50891;1.495
30722;51580;1.284
16076;60409;1.217
44512;49360;1.428
13180;35612;1.497
13180;35617;1.285
44512;49367;1.487
21056;35574;1.520
20959;57394;0.925
196865;21333;1.092
30848;50891;1.448
20746;44512;1.084
15589;21101;1.546
39636;50507;1.399
20959;60501;1.206
3269;5392;1.479
12637;9026;1.492
29177;47242;1.514
3269;5394;1.502
20836;48500;1.492
3269;5396;1.474
12850;21101;1.534
3269;5397;1.427
137;49360;1.505
137;49367;1.512
21101;41606;1.457
12637;20811;1.508
12835;29050;1.202
12835;8660;1.319
21309;8261;1.489
28716;34695;1.517
44512;48500;1.323
41606;44942;1.059
21309;8265;1.531
29449;8261;1.442
13180;9026;1.372
16076;47242;1.499
29449;8265;1.467
3269;47358;1.349
29050;44512;1.381
15668;41606;1.428
3313;42957;1.480
12481;42425;1.290
20959;44787;1.206
137;48500;1.506
21056;57394;1.448
13253;42425;1.180
2594;31033;1.340
2594;31034;1.387
196865;48815;1.092
3302;9026;1.519
15589;25002;1.520
137;8261;1.495
12779;50507;1.502
12637;5602;1.476
21056;60501;1.495
137;8265;1.521
20959;30848;1.454
30722;31033;1.279
30722;31034;1.431
12850;25002;1.516
202056;29050;1.354
12779;20836;1.520
16210;31115;1.335
1267;42425;1.519
20942;31033;1.084
20942;31034;1.447
12850;13253;1.501
35617;49360;1.465
35617;49367;1.516
42957;50507;1.361
20811;3302;1.523
12637;1267;1.526
51580;8660;1.282
49605;50891;1.360
13180;5602;1.453
16210;42957;1.345
48500;50507;1.400
12445;6762;1.540
47927;5392;1.501
31263;48815;1.428
196865;39636;1.474
47927;5394;1.483
13180;2594;1.330
47927;5396;1.465
47927;5397;1.367
13180;2597;1.463
196865;44942;1.059
21101;42957;1.470
21056;44787;1.472
39636;6734;1.461
12481;12779;1.523
29286;30722;1.409
196983;42425;1.445
31686;8660;1.349
12835;47902;1.180
12637;50507;1.468
47927;57394;1.312
12637;2594;1.452
3302;5602;1.470
20959;47358;1.434
12637;2597;1.499
49367;6734;1.437
196983;6762;1.539
35617;48500;1.388
25002;31686;1.411
29177;43843;1.484
1267;3302;1.536
12637;20836;1.481
31319;49605;1.287
21056;30848;1.527
47927;60501;1.434
21101;31115;1.504
35574;49605;1.447
25002;35574;1.456
12445;21309;1.489
15589;50891;1.515
21056;47358;1.518
12850;50891;1.501
31263;39636;1.487
20811;3313;1.519
20836;21056;1.516
20811;31686;1.493
31263;44942;1.456
5602;62007;1.454
16210;8660;1.297
20912;51580;1.286
20811;35574;1.505
16076;43843;1.476
20912;62007;1.338
15668;3269;1.443
12481;29286;1.481
2597;49360;1.482
202056;47902;1.296
2597;49367;1.445
29177;5392;1.490
12874;49360;1.535
20959;29449;1.470
15668;42957;1.433
30848;31686;1.429
29177;5394;1.502
29177;5396;1.496
12481;45015;1.384
29177;5397;1.468
12874;49367;1.547
1267;3313;1.513
13253;29286;1.440
30848;35574;1.535
13253;202056;1.397
21056;29449;1.519
137;21056;1.516
1267;12779;1.539
13253;45015;1.333
20942;9026;1.380
29286;8660;1.393
15668;31115;1.488
1267;29286;1.523
41606;8261;1.065
25002;57394;1.338
41606;8265;1.438
25002;60501;1.436
1267;45015;1.501
29286;60409;1.438
47242;49360;1.523
12874;48500;1.545
43843;6734;1.489
44787;8261;1.335
196753;29177;1.432
44787;8265;1.387
47242;49367;1.509
29449;51580;1.421
12835;137;1.493
35612;49360;1.526
29286;47242;1.451
35612;49367;1.528
20746;3269;1.087
12835;47927;1.325
29449;62007;1.460
47902;47927;1.316
34695;48815;1.478
137;196865;1.497
25002;3269;1.434
50507;62007;1.224
5394;8612;1.517
31495;42425;1.464
30848;57394;1.363
31611;50891;1.405
137;16210;1.502
12850;8612;1.520
25002;44787;1.397
2597;48500;1.493
20942;5602;1.476
47242;48500;1.530
30848;60501;1.420
3269;50507;1.357
20836;9026;1.509
20942;2594;1.381
20942;2597;1.468
39636;6762;1.561
20811;57394;1.427
47358;49360;1.339
34695;39636;1.525
50507;51580;1.313
44942;8968;1.478
25002;30848;1.484
20811;44787;1.482
2594;49360;1.373
47358;49367;1.507
196983;202056;1.474
202056;47927;1.429
12835;20912;1.202
34695;44942;1.473
20811;60501;1.479
196865;9026;1.372
202056;20912;1.352
49367;6762;1.539
2594;49367;1.457
20836;30722;1.460
30722;49360;1.410
196753;8612;1.456
12445;21333;1.104
196983;29286;1.409
30722;49367;1.453
20912;31033;1.360
20912;31034;1.360
20746;31495;1.447
12481;41606;1.296
20942;49360;1.428
31686;44512;1.084
20811;30848;1.539
21056;3302;1.521
31115;31263;1.497
34695;9026;1.506
196983;45015;1.420
16210;31611;1.383
20942;49367;1.487
30848;44787;1.436
20912;9026;1.469
16210;21101;1.418
12445;48815;1.104
13253;41606;0.910
35612;48500;1.475
34695;5602;1.490
47358;48500;1.385
15589;8261;1.515
51580;62007;1.289
13180;29050;1.332
15589;31686;1.515
15589;8265;1.543
2594;48500;1.422
35617;8261;1.327
12874;13180;1.539
20912;5602;1.421
35612;9026;1.509
12850;31686;1.501
35617;8265;1.492
20836;5602;1.475
137;30722;1.495
16076;20746;1.230
29177;34695;1.500
31115;35612;1.518
1267;41606;1.517
15668;8968;1.443
31115;35617;1.302
25002;47358;1.442
20836;60409;1.452
20836;2594;1.428
29050;31495;1.422
35612;5602;1.541
20836;2597;1.492
12779;15589;1.534
39636;49605;1.464
21333;31263;1.428
20942;48500;1.323
49605;9026;1.469
196865;5602;1.453
20836;47242;1.531
20959;50507;1.254
49605;57394;1.229
44512;60409;1.184
12445;39636;1.467
21056;3313;1.510
20811;47358;1.509
12874;21056;1.550
12445;44942;0.910
49605;60501;1.397
16076;34695;1.475
21101;31611;1.396
29449;31033;1.439
21056;50507;1.476
29449;31034;1.478
44512;47242;1.519
21333;35612;1.485
12874;16210;1.501
196983;41606;1.342
21333;35617;1.331
15589;35574;1.525
43843;6762;1.535
30722;48500;1.380
31495;6734;1.482
137;60409;1.495
196865;29177;1.420
20912;2594;1.263
21309;31263;1.507
12850;35574;1.522
20912;2597;1.441
30848;47358;1.504
42425;47902;1.357
25002;29449;1.472
2594;9026;1.468
31033;47902;1.316
47242;8612;1.514
12637;15589;1.527
8612;8660;1.450
12445;3302;1.492
12779;31319;1.511
20746;8968;1.478
29286;43843;1.474
31034;47902;1.361
12835;196865;1.339
196865;2594;1.329
196865;2597;1.463
49605;5602;1.420
12779;49605;1.508
25002;8968;1.493
30722;5392;1.462
30722;5394;1.491
20811;29449;1.513
30722;5396;1.464
21309;35612;1.533
30722;5397;1.419
45015;6734;1.391
12481;31115;1.391
21309;35617;1.505
13180;47902;1.291
16210;25002;1.436
196983;3302;1.510
1267;196865;1.517
31495;45015;1.426
13253;31115;1.300
15668;31611;1.496
42957;49605;1.439
21101;25002;1.492
12481;42957;1.448
6734;8612;1.476
15589;57394;1.490
137;47242;1.544
15668;21101;1.496
12835;20942;1.391
48500;49605;1.437
202056;20942;1.423
3313;50891;1.494
5396;8968;1.509
12850;57394;1.473
1267;31115;1.526
15589;60501;1.524
2594;5602;1.449
12445;3313;1.494
13253;42957;1.393
12637;31319;1.436
12850;60501;1.501
12835;28716;1.501
202056;28716;1.494
35617;60409;1.293
3313;8612;1.511
12637;49605;1.424
2594;2597;1.411
12445;12637;1.462
1267;42957;1.524
48815;8261;1.110
48815;8265;1.450
2597;5392;1.446
3302;62007;1.481
2597;5394;1.507
196983;3313;1.477
28716;31263;1.503
2597;5396;1.491
2597;5397;1.479
47927;50507;1.403
31611;31686;1.396
20942;21056;1.506
2597;30722;1.432
31611;35574;1.518
196753;62007;1.329
42425;47927;1.428
15589;44787;1.510
12874;30722;1.534
12835;20959;1.379
16210;50891;0.931
202056;20959;1.405
31033;47927;1.417
12850;44787;1.491
15668;25002;1.477
12445;16076;1.206
5394;8660;1.487
31034;47927;1.420
196983;42957;1.461
3302;51580;1.479
20912;49360;1.326
15589;30848;1.543
35617;47242;1.540
12850;8660;1.507
20836;43843;1.496
20912;49367;1.474
12850;30848;1.530
43843;44512;1.480
15589;47358;1.523
196753;51580;1.368
13180;47927;1.397
12850;47358;1.518
57394;60501;0.930
196983;31115;1.437
31495;6762;1.537
20746;42425;1.084
31319;48815;1.397
12874;60409;1.540
31495;41606;1.447
12835;15668;1.398
21101;8612;1.516
35574;48815;1.476
3269;49605;1.397
3269;8968;1.488
196753;8660;1.364
31611;57394;1.309
28716;35612;1.536
41606;51580;1.277
20912;48500;1.434
29177;3269;1.436
21101;50891;1.457
25002;50507;1.413
28716;35617;1.504
137;43843;1.522
13253;9026;1.372
31611;60501;1.383
41606;62007;1.225
45015;6762;1.529
30848;8612;1.520
15589;29449;1.529
15668;50891;1.428
13180;20912;1.331
29050;42425;1.381
20811;50507;1.428
12850;29449;1.523
29449;49360;1.422
31319;39636;1.480
2597;60409;1.456
47242;60409;1.514
20811;20836;1.511
29449;49367;1.504
35574;39636;1.533
44942;47902;1.331
31611;8612;1.508
2597;47242;1.499
2594;30722;1.288
29286;34695;1.497
13180;8261;1.066
47927;8968;1.505
196753;202056;1.353
12874;47242;1.541
13180;8265;1.439
30848;50507;1.431
31611;44787;1.392
5397;6734;1.455
12637;8261;1.463
20942;30722;1.320
196753;31033;1.287
196753;31034;1.448
12637;8265;1.481
13253;5602;1.453
29449;48500;1.474
50891;51580;1.277
12445;29177;1.418
20959;31319;1.407
13253;2594;1.329
13253;2597;1.463
12481;196753;1.432
50891;62007;1.225
31495;42957;1.464
31319;44942;1.396
20959;49605;1.402
31611;47358;1.476
12779;21309;1.527
35617;43843;1.494
12481;31611;1.465
35612;60409;1.487
35574;44942;1.472
47358;60409;1.311
15589;20811;1.504
45015;47902;1.238
31033;5392;1.474
196865;62007;1.225
31033;5394;1.496
2594;60409;1.321
21056;31319;1.499
31033;5396;1.465
12481;21101;1.502
31033;5397;1.423
20959;9026;1.464
12850;20811;1.515
47242;8660;1.497
35612;47242;1.530
12481;5392;1.494
13253;31611;1.405
12481;5394;1.511
31319;6734;1.441
12481;5396;1.496
12481;5397;1.464
2594;47242;1.490
20959;5602;1.469
13253;21101;1.457
20942;60409;1.184
62007;9026;1.445
1267;31611;1.540
48500;9026;1.372
13253;196983;1.342
3313;35574;1.519
3302;8261;1.493
16210;31686;1.247
3302;8265;1.506
20942;47242;1.519
16210;35574;1.498
196865;51580;1.277
31263;62007;1.428
12637;21309;1.519
20912;21056;1.495
60409;60501;1.288
47902;5392;1.472
47902;5394;1.477
44942;47927;1.416
202056;8612;1.477
6734;8660;1.393
47902;5396;1.422
47902;5397;1.335
21056;49605;1.497
21333;29050;1.360
30722;60409;1.267
50891;6734;1.424
49605;50507;1.359
20746;29286;1.436
30722;47242;1.502
16076;6734;1.427
49367;62007;1.442
20836;34695;1.489
3313;8660;1.447
29177;8968;1.493
20959;2594;1.325
20746;45015;1.158
20959;2597;1.419
12481;13253;1.296
31263;51580;1.412
12874;43843;1.535
1267;21101;1.542
137;20746;1.492
15668;202056;1.423
13180;20942;1.180
21101;31686;1.447
30722;3269;1.321
48500;5602;1.498
3313;57394;1.422
21309;29050;1.495
21101;35574;1.528
15589;50507;1.496
13180;28716;1.481
29050;29286;1.412
39636;48815;1.467
3313;60501;1.480
12850;50507;1.490
15589;20836;1.520
45015;47927;1.419
49367;51580;1.469
1267;13253;1.517
8261;8612;1.460
12481;25002;1.462
12850;20836;1.517
29050;45015;1.335
137;34695;1.528
31115;47902;1.425
20942;8261;1.172
196983;31611;1.488
20942;8265;1.461
2597;43843;1.501
47927;49605;1.323
196983;21101;1.500
5397;6762;1.540
13253;25002;1.404
35612;43843;1.541
196865;31033;1.092
196865;31034;1.425
35574;5392;1.523
35574;5394;1.513
35574;5396;1.476
35574;5397;1.453
13180;20959;1.309
1267;25002;1.525
12779;21333;1.516
31115;6734;1.475
3313;44787;1.449
16210;57394;0.931
21333;47902;1.316
15668;31686;1.436
16210;44787;1.191
2597;3269;1.468
16210;60501;0.931
21101;57394;1.360
21101;8660;1.466
15668;35574;1.501
12779;48815;1.516
31319;6762;1.537
34695;62007;1.475
21101;60501;1.418
3302;49360;1.487
16210;30848;1.420
3313;47358;1.512
29177;31263;1.460
31495;3302;1.469
3302;49367;1.516
20836;8261;1.466
2594;43843;1.463
20912;30722;1.326
60409;9026;1.364
30848;8660;1.480
20836;8265;1.477
12835;44512;1.391
12481;50891;1.296
196983;25002;1.488
202056;44512;1.423
12874;202056;1.534
30722;43843;1.454
21309;47902;1.487
25002;31319;1.427
13180;15668;1.428
20746;41606;1.092
42957;48815;1.381
39636;44942;1.467
25002;49605;1.425
196865;8261;1.065
12637;21333;1.463
196865;8265;1.438
13253;50891;0.911
48500;48815;1.274
20942;43843;1.480
31611;8660;1.449
34695;51580;1.461
12779;39636;1.541
20811;9026;1.523
29177;35612;1.496
16076;31263;1.418
50891;6762;1.539
31611;50507;1.407
29177;35617;1.476
21101;44787;1.444
20811;31319;1.500
1267;50891;1.517
60501;62007;1.148
34695;8261;1.473
20811;49605;1.492
34695;8265;1.487
12637;48815;1.463
31115;47927;1.464
20959;21309;1.467
16076;6762;1.536
15668;57394;1.202
20912;8261;1.362
20912;8265;1.366
29050;41606;1.332
20912;60409;1.321
16210;47358;1.453
31495;3313;1.506
21101;30848;1.424
15668;60501;1.316
196753;49360;1.424
28716;29050;1.498
31686;42425;1.084
16076;35612;1.480
35612;8261;1.495
31495;31611;1.493
30848;31319;1.495
196753;49367;1.477
35612;8265;1.517
12874;5392;1.547
16076;35617;1.406
12874;5394;1.525
20912;47242;1.505
1267;9026;1.523
12874;5396;1.551
30848;49605;1.480
60501;8968;1.463
12874;5397;1.536
12445;62007;1.275
12874;20746;1.539
29449;30722;1.445
30722;8968;1.466
49605;8261;1.382
196983;50891;1.342
12779;44942;1.513
49605;8265;1.361
21333;47927;1.417
12637;39636;1.520
41606;49360;1.399
3302;48500;1.511
5602;60409;1.459
41606;49367;1.484
20811;5602;1.523
49360;51580;1.357
196753;48500;1.394
12874;34695;1.552
15668;44787;1.333
50507;5392;1.462
49360;62007;1.422
50507;5394;1.452
20746;42957;1.381
50507;5396;1.472
16210;29449;1.470
50507;5397;1.409
12445;51580;1.360
42957;44942;1.396
21056;21309;1.516
21101;47358;1.511
49360;9026;1.481
21309;47927;1.509
29449;60409;1.428
15668;30848;1.508
31115;6762;1.544
2594;8261;1.348
20746;31115;1.341
41606;48500;1.298
1267;5602;1.518
2594;8265;1.408
50507;60409;1.294
15668;47358;1.489
49360;5602;1.435
202056;8660;1.389
29449;47242;1.541
1267;2594;1.492
12637;44942;1.462
1267;2597;1.526
2597;34695;1.505
12445;196865;1.059
29050;42957;1.413
2597;8968;1.498
20811;2594;1.479
31033;3269;1.087
20811;2597;1.486
28716;47902;1.489
12481;3269;1.297
21101;29449;1.520
44787;45015;1.186
29050;31115;1.445
196865;49360;1.399
196865;49367;1.484
12779;16076;1.507
16210;20811;1.479
3269;48815;1.087
12481;31686;1.275
8261;8660;1.359
12481;35574;1.499
31686;45015;1.158
12850;15589;1.526
20959;21333;0.990
21309;5392;1.499
12445;31033;1.104
12445;31034;1.433
21309;5394;1.510
15589;31319;1.520
12481;137;1.514
13253;31686;1.092
21309;5396;1.516
21309;5397;1.508
2594;34695;1.471
12850;31319;1.515
13253;35574;1.468
31263;49360;1.455
31263;49367;1.497
1267;31686;1.518
42425;44512;1.084
3313;50507;1.460
3269;39636;1.481
29286;31263;1.453
20942;34695;1.486
3269;44942;1.174
15668;29449;1.480
12637;16076;1.460
12779;137;1.534
31034;44512;1.447
20912;43843;1.468
21056;9026;1.515
137;5392;1.513
137;5394;1.518
196753;21056;1.497
137;5396;1.520
137;5397;1.504
29050;6734;1.413
42957;9026;1.480
21056;5602;1.521
15668;20811;1.489
31495;50891;1.447
15589;49605;1.512
51580;60409;1.326
29449;5392;1.514
29449;5394;1.504
196865;48500;1.298
12481;57394;1.266
196753;196983;1.460
29449;5396;1.491
30722;34695;1.483
29449;5397;1.436
44942;8612;1.459
42957;5602;1.494
12850;49605;1.510
21056;21333;1.500
28716;47927;1.510
20959;48815;0.990
12481;60501;1.437
31033;44512;1.084
1267;35574;1.530
20811;21309;1.518
16210;50507;1.201
31319;3302;1.472
16210;20836;1.481
21056;48815;1.499
12779;196753;1.513
31263;48500;1.488
13253;8261;1.065
29286;35612;1.526
13180;44512;1.180
13253;8265;1.438
12779;29177;1.519
35574;62007;1.474
29286;35617;1.486
12835;31495;1.438
202056;31495;1.459
29449;43843;1.509
21333;28716;1.480
21056;2594;1.482
196983;31686;1.432
21056;2597;1.496
20959;39636;1.429
47358;6734;1.446
31686;41606;1.092
12481;44787;1.413
15668;8612;1.461
20959;44942;1.333
196983;35574;1.506
31033;8968;1.478
13253;57394;0.910
12481;8968;1.515
21056;39636;1.519
196753;30722;1.354
13253;44787;1.244
13253;60501;0.930
12445;9026;1.374
12481;30848;1.492
31319;3313;1.475
31319;51580;1.347
21101;50507;1.421
1267;57394;1.485
34695;49360;1.435
15668;196983;1.442
35574;51580;1.456
21309;28716;1.484
34695;49367;1.513
1267;44787;1.499
31319;62007;1.384
1267;60501;1.532
13253;30848;1.448
196865;21056;1.501
15668;50507;1.327
5392;6734;1.404
20746;31611;1.396
12637;29177;1.500
196983;9026;1.493
15668;20836;1.495
21333;6734;1.414
20746;21101;1.447
3302;60409;1.487
1267;30848;1.547
47902;8968;1.468
31611;49605;1.442
12445;1267;1.515
41606;5392;1.478
41606;5394;1.497
41606;5396;1.460
41606;5397;1.404
21056;44942;1.499
5602;6734;1.484
196983;57394;1.333
20746;8612;1.374
25002;8612;1.484
16076;3302;1.490
20959;8261;1.336
20836;31263;1.496
12481;47358;1.396
196983;60501;1.342
20959;8265;1.468
29050;31611;1.430
12445;5602;1.471
12874;3269;1.542
47927;48815;1.417
29050;6762;1.537
12445;2594;1.345
62007;8261;1.278
12445;2597;1.461
13253;47358;1.321
62007;8265;1.442
48500;8261;1.292
48500;8265;1.487
43843;45015;1.464
20836;35612;1.528
196983;5602;1.477
20836;35617;1.497
1267;47358;1.525
3302;47242;1.543
5396;8612;1.503
196753;60409;1.294
20746;25002;1.411
34695;48500;1.501
20811;21333;1.493
196983;2594;1.437
196983;2597;1.466
137;31263;1.497
31495;31686;1.447
196983;44787;1.391
20912;34695;1.440
196753;47242;1.509
16076;3313;1.468
44787;5392;1.469
16076;29050;1.319
31495;35574;1.468
12481;29449;1.480
44787;5394;1.477
44787;5396;1.442
44787;5397;1.362
31686;42957;1.381
35574;8968;1.513
41606;60409;0.997
42425;6734;1.424
49360;49367;1.498
196983;30848;1.505
13253;29449;1.431
137;35612;1.531
12481;20811;1.514
31115;3302;1.511
137;35617;1.514
12445;49360;1.416
196983;47358;1.471
41606;47242;1.514
47358;6762;1.544
12445;49367;1.481
1267;29449;1.500
25002;48815;1.411
30848;48815;1.429
196865;30722;1.274
31034;6734;1.470
15589;21309;1.527
12874;196983;1.531
12850;21309;1.507
44512;6734;1.424
20811;48815;1.493
39636;9026;1.515
31495;57394;1.380
29449;34695;1.494
12445;48500;1.291
29177;47902;1.398
5392;6762;1.542
31495;60501;1.457
25002;39636;1.507
31115;3313;1.517
21333;6762;1.539
44942;8660;1.357
25002;44942;1.410
50891;60409;0.998
13253;20811;1.495
3269;8612;1.381
31034;31495;1.444
5602;6762;1.539
15589;5392;1.523
29050;50891;1.332
16076;47902;1.285
15589;5394;1.507
20811;39636;1.475
15589;5396;1.526
15589;5397;1.517
39636;51580;1.457
35617;5392;1.498
1267;20811;1.533
35617;5394;1.514
12835;42425;1.391
20811;44942;1.493
202056;42425;1.423
35617;5396;1.498
35617;5397;1.464
3302;43843;1.511
20746;50891;1.092
39636;62007;1.430
3313;49605;1.472
16210;31319;1.407
31495;44787;1.387
28716;6734;1.486
12874;8968;1.552
49367;9026;1.515
39636;5602;1.515
12445;13180;1.060
196983;29449;1.454
16210;49605;1.397
30848;39636;1.499
60409;8261;1.126
31033;31495;1.447
30848;44942;1.445
60409;8265;1.430
12481;20836;1.495
15668;8660;1.362
21309;3269;1.492
20959;29177;1.394
196865;60409;0.997
47927;8612;1.498
196983;20811;1.488
29449;3269;1.445
2597;31263;1.477
20811;8261;1.493
196865;47242;1.514
20811;8265;1.534
13180;31495;1.447
12874;31263;1.526
21056;29177;1.489
49367;60409;1.479
12779;51580;1.506
196753;43843;1.480
42425;6762;1.540
12481;50507;1.441
12779;62007;1.504
137;3269;1.504
29177;47927;1.476
21101;31319;1.491
2597;35612;1.527
2597;35617;1.501
49367;5602;1.514
21101;49605;1.480
31263;60409;1.453
12874;35612;1.551
13253;50507;1.315
1267;8261;1.515
12874;35617;1.552
42957;51580;1.393
1267;8265;1.532
41606;43843;1.467
31263;47242;1.512
13253;20836;1.455
31495;47358;1.463
57394;6734;1.247
20746;8660;1.349
15589;21333;1.515
48500;51580;1.422
42957;62007;1.244
31115;44512;1.359
31034;6762;1.540
1267;50507;1.497
50507;8968;1.444
25002;8660;1.444
16076;47927;1.390
12445;21056;1.499
12850;21333;1.501
16076;20912;1.318
43843;9026;1.510
48500;62007;1.369
1267;20836;1.532
44512;6762;1.540
12445;16210;1.329
12637;51580;1.439
15589;48815;1.515
43843;5602;1.504
12835;29286;1.403
12850;48815;1.501
12637;62007;1.467
35612;35617;1.524
49360;8261;1.416
21333;44512;1.084
15668;31319;1.429
49360;8265;1.409
5396;8660;1.483
196983;50507;1.412
15668;49605;1.427
48815;5392;1.474
48815;5394;1.496
31319;49360;1.350
48815;5396;1.465
48815;5397;1.423
196983;20836;1.495
35574;49360;1.439
31319;49367;1.488
2594;31263;1.399
29177;8612;1.469
35574;49367;1.513
15589;39636;1.526
30722;31263;1.433
13180;196865;0.911
12850;39636;1.537
202056;29286;1.454
28716;6762;1.541
20942;31263;1.442
21309;44512;1.492
12835;45015;1.346
20746;31686;0.910
202056;45015;1.341
29286;47902;1.401
2594;35612;1.493
2594;35617;1.443
20746;35574;1.476
12445;30722;1.297
31319;48500;1.453
30722;35612;1.493
35574;48500;1.503
30722;35617;1.412
29050;3302;1.474
21309;8968;1.520
12779;31033;1.516
12779;31034;1.521
20942;35612;1.504
29449;8968;1.510
20942;35617;1.350
34695;60409;1.466
15589;44942;1.515
12850;196753;1.505
3269;62007;1.309
31495;9026;1.502
29050;31686;1.360
196865;43843;1.467
12850;44942;1.504
34695;47242;1.541
29050;35574;1.443
31034;42425;1.447
196753;20746;1.287
31611;48815;1.396
137;8968;1.522
25002;29177;1.461
12637;5392;1.514
12481;202056;1.460
12637;5394;1.503
3269;8660;1.378
12637;5396;1.462
16210;196753;1.344
12637;5397;1.431
3302;34695;1.507
57394;6762;1.527
20836;29050;1.418
12835;41606;1.339
29050;3313;1.474
20746;57394;0.910
16210;21309;1.482
3269;51580;1.379
21056;8261;1.499
12637;31033;1.463
21056;8265;1.533
12637;31034;1.461
31263;6734;1.470
16076;20942;1.292
31263;43843;1.486
196753;34695;1.488
20746;60501;1.247
31033;42425;1.084
42957;8261;1.396
12779;6734;1.510
20811;29177;1.499
42957;8265;1.489
44787;50891;1.245
49360;60409;1.393
28716;44512;1.489
31611;39636;1.481
13180;5392;1.478
16076;28716;1.492
13180;5394;1.497
13180;5396;1.460
31495;5602;1.472
13180;5397;1.404
12445;60409;1.122
29050;57394;1.168
13180;42425;1.180
29286;47927;1.445
137;29050;1.487
45015;9026;1.484
12445;47242;1.511
47927;8660;1.397
202056;41606;1.397
31686;50891;1.092
29050;60501;1.362
20836;47902;1.413
3302;5392;1.526
20959;62007;1.203
3302;5394;1.527
3302;5396;1.485
15589;16076;1.511
3302;5397;1.482
20746;44787;1.285
45015;5602;1.458
21101;21309;1.525
12850;16076;1.501
31495;50507;1.444
21333;3302;1.493
16076;20959;1.335
21056;62007;1.477
44512;47902;1.357
15589;3269;1.516
31611;44942;1.407
20746;30848;1.429
60501;8612;1.452
12835;6734;1.417
12481;15589;1.522
30722;8612;1.449
12637;196753;1.469
20959;51580;1.304
29050;44787;1.238
12481;31319;1.450
12445;8261;0.928
13253;15589;1.515
16076;196865;1.231
39636;49360;1.485
12445;8265;1.452
12481;49605;1.447
21056;51580;1.488
39636;49367;1.500
51580;6734;1.419
13253;31319;1.379
21333;3313;1.490
29050;30848;1.471
1267;15589;1.537
41606;8968;1.475
29050;47358;1.307
196983;8261;1.443
15668;21309;1.495
196983;8265;1.491
1267;31319;1.502
31686;6734;1.413
20746;47358;1.334
20912;31263;1.412
196865;20746;1.092
12835;42957;1.426
202056;42957;1.416
44787;8968;1.452
34695;43843;1.520
137;47902;1.474
42425;45015;1.249
12445;12835;1.372
31115;31495;1.497
39636;48500;1.493
2597;8612;1.477
16210;21333;1.247
31034;45015;1.447
20836;47927;1.454
12835;31115;1.435
202056;31115;1.470
13180;29286;1.440
31263;6762;1.536
16210;6734;1.398
20912;35612;1.510
29177;8660;1.413
12779;49360;1.510
13253;49605;1.360
196865;34695;1.470
3313;48815;1.490
20912;35617;1.439
12779;6762;1.545
12779;49367;1.522
44512;47927;1.428
15589;29177;1.514
47927;62007;1.420
21333;31495;1.447
20959;31033;0.990
1267;49605;1.502
20959;31034;1.449
20746;29449;1.439
15589;196753;1.516
20942;5392;1.478
20942;5394;1.502
20942;5396;1.474
12850;29177;1.487
31034;3302;1.477
20942;5397;1.427
42957;49360;1.470
31033;45015;1.158
42957;49367;1.476
21056;31033;1.499
2597;29050;1.441
21056;31034;1.504
48500;49360;1.472
29449;31263;1.489
20746;20811;1.493
20836;20912;1.418
48500;49367;1.506
12874;29050;1.530
12779;48500;1.523
29286;6734;1.405
31263;34695;1.499
3313;39636;1.515
21101;21333;1.447
12445;43843;1.474
35617;47902;1.419
196983;31319;1.448
47927;51580;1.354
21309;31495;1.512
13180;45015;1.333
29050;29449;1.415
12637;49360;1.417
43843;50891;1.467
16210;48815;1.247
196983;49605;1.437
12637;49367;1.503
29449;35612;1.523
42957;48500;1.432
31686;35574;1.476
21101;48815;1.447
15589;8968;1.527
29449;35617;1.474
12835;6762;1.538
34695;5392;1.517
31034;3313;1.509
35617;8968;1.509
34695;5394;1.503
12445;12850;1.504
34695;5396;1.499
34695;5397;1.452
31319;9026;1.476
20912;5392;1.479
20912;5394;1.483
137;47927;1.505
20912;5396;1.426
5397;9026;1.480
20912;5397;1.347
20836;5392;1.519
137;20912;1.487
20836;5394;1.517
20836;5396;1.451
20836;5397;1.460
12874;47902;1.528
28716;3302;1.520
25002;62007;1.417
35612;5392;1.538
3313;44942;1.494
31319;60409;1.369
35612;5394;1.544
12637;48500;1.491
5397;5602;1.431
51580;6762;1.536
35612;5396;1.527
31033;41606;1.092
39636;8261;1.468
35612;5397;1.527
16210;39636;1.390
35574;60409;1.466
196865;5392;1.478
39636;8265;1.477
44787;57394;0.925
196865;5394;1.497
196865;5396;1.460
16210;44942;1.329
196865;5397;1.404
31319;47242;1.518
31034;41606;1.425
21101;39636;1.481
15668;21333;1.436
44787;60501;1.190
35574;47242;1.535
20811;62007;1.477
20942;29050;1.381
31686;6762;1.539
50891;9026;1.372
13180;41606;0.911
25002;51580;1.423
30848;51580;1.481
2597;47902;1.426
31686;57394;0.910
47242;47902;1.495
15668;48815;1.436
31319;5602;1.421
30848;62007;1.423
31686;60501;1.247
2594;29050;1.265
3269;49360;1.428
28716;3313;1.513
12779;13180;1.508
20746;20836;1.463
3269;49367;1.487
28716;31495;1.511
20811;51580;1.483
16210;6762;1.553
12637;3269;1.471
31033;8612;1.374
49367;8261;1.482
35617;47927;1.464
49605;5392;1.482
49605;5394;1.487
21101;44942;1.453
49367;8265;1.525
49605;5396;1.424
49605;5397;1.348
12481;8612;1.441
12481;21309;1.506
60501;8660;1.297
8265;8968;1.536
15668;39636;1.475
29050;50507;1.323
30722;8660;1.271
44942;45015;1.365
12779;21056;1.532
16076;9026;1.432
31495;49605;1.438
12445;12874;1.538
50891;5602;1.453
13253;21309;1.487
13180;3269;1.183
31686;44787;1.285
20746;50507;1.300
35612;47902;1.491
47358;47902;1.301
2594;47902;1.105
12779;16210;1.527
16076;5602;1.460
20836;20942;1.471
29286;6762;1.537
31034;42957;1.473
12637;13180;1.456
12874;47927;1.535
29177;44512;1.435
2594;5392;1.469
2594;5394;1.480
47902;8612;1.447
2594;5396;1.442
2594;5397;1.386
20836;28716;1.516
20942;47902;1.357
31115;42425;1.359
12445;20746;1.104
12835;31611;1.443
31034;31115;1.489
202056;31611;1.424
48815;8968;1.478
25002;31033;1.411
25002;31034;1.433
15668;44942;1.446
42425;42957;1.410
12835;21101;1.473
202056;21101;1.452
20959;49360;1.443
3269;48500;1.325
44787;47358;1.382
16076;44512;1.292
31033;42957;1.381
12637;21056;1.525
20959;49367;1.438
2597;47927;1.481
49605;62007;1.377
137;20942;1.504
47242;47927;1.523
20811;31033;1.493
20811;31034;1.498
2597;8660;1.428
12445;34695;1.473
30722;47902;1.247
12874;20912;1.530
1267;21309;1.530
43843;8261;1.475
12637;16210;1.489
16076;2594;1.245
43843;8265;1.515
16076;2597;1.441
20836;20959;1.466
21333;42425;1.084
137;28716;1.519
31033;31115;1.341
31115;9026;1.406
13180;42957;1.393
31686;47358;1.334
30848;31033;1.429
30848;31034;1.503
31319;43843;1.485
49605;51580;1.329
15589;62007;1.508
35574;43843;1.515
13180;31115;1.300
31263;3302;1.510
196983;21309;1.463
12835;25002;1.419
196753;31263;1.431
202056;25002;1.433
21309;42425;1.492
35574;8612;1.503
12779;3302;1.526
21056;49360;1.514
35612;47927;1.527
47358;47927;1.339
137;20959;1.492
21056;49367;1.505
39636;60409;1.471
12835;13253;1.339
2594;47927;1.371
8660;9026;1.457
12481;196983;1.486
3302;35612;1.539
12779;202056;1.511
3302;35617;1.507
39636;47242;1.442
12779;30722;1.508
15589;51580;1.516
15668;16076;1.359
20959;48500;1.381
31115;5602;1.490
12481;21333;1.276
20942;47927;1.428
12850;51580;1.498
20912;29050;1.168
12850;62007;1.478
21056;48500;1.505
13253;21333;1.092
31263;3313;1.488
12481;48815;1.275
20942;3269;1.087
12779;3313;1.529
13180;8968;1.475
43843;57394;1.412
30722;47927;1.408
31495;8261;1.459
47927;49360;1.321
43843;60501;1.475
31495;8265;1.484
12835;50891;1.339
12835;3302;1.476
48815;50891;1.092
12779;60409;1.506
47927;49367;1.497
196753;35612;1.490
47902;50891;1.291
12637;8968;1.512
16210;29177;1.397
196753;35617;1.430
12637;30722;1.460
12779;47242;1.553
21333;29286;1.436
13253;5392;1.478
13253;5394;1.497
13253;5396;1.460
13253;5397;1.404
42957;60409;1.395
196753;6734;1.448
137;15668;1.500
5394;6734;1.494
31115;45015;1.461
48500;60409;1.278
1267;21333;1.518
12874;8612;1.551
42957;47242;1.514
12850;6734;1.504
12874;20942;1.542
13253;48815;1.092
43843;44787;1.439
57394;62007;0.925
15589;31033;1.515
15589;31034;1.516
202056;50891;1.397
20836;3269;1.471
2597;28716;1.501
20959;21056;1.479
21309;29286;1.490
12850;31033;1.501
12835;3313;1.475
12850;31034;1.515
31033;8660;1.349
20959;5392;1.467
12637;60409;1.451
20959;5394;1.479
12874;28716;1.536
20959;5396;1.476
20959;5397;1.439
1267;48815;1.518
29286;44512;1.449
3302;8968;1.516
20912;47902;1.169
12481;8660;1.440
21101;29177;1.468
196865;3269;1.183
31611;51580;1.443
12481;39636;1.510
12637;47242;1.539
21333;45015;1.158
12481;44942;1.323
28716;42425;1.489
43843;47358;1.498
25002;49360;1.437
45015;8261;1.369
31611;62007;1.388
45015;8265;1.446
196983;21333;1.432
25002;49367;1.497
31034;31611;1.481
196865;31263;1.447
13253;39636;1.474
47927;48500;1.472
13253;44942;1.059
44787;50507;1.251
20912;3269;1.382
31686;3302;1.493
20811;49360;1.490
12874;20959;1.528
1267;39636;1.548
196983;48815;1.432
20811;49367;1.491
31115;41606;1.300
20746;31319;1.397
47902;8660;1.278
1267;44942;1.515
12779;12835;1.502
21309;45015;1.482
20746;49605;1.378
31319;34695;1.452
196865;35612;1.497
196865;35617;1.285
39636;43843;1.501
31033;31611;1.396
31686;50507;1.300
50507;8612;1.439
30848;49360;1.518
29286;3302;1.511
12481;12637;1.489
48500;5392;1.489
16210;3302;1.510
30848;49367;1.521
48500;5394;1.510
47242;6734;1.498
15668;29177;1.448
48500;5396;1.487
29449;47902;1.405
48500;5397;1.470
29177;31495;1.477
21333;41606;1.092
29050;31319;1.282
196983;39636;1.459
20942;8968;1.488
13180;31611;1.405
29050;49605;1.246
31686;3313;1.490
31263;35612;1.532
13180;21101;1.457
31263;35617;1.494
2594;28716;1.488
25002;48500;1.456
12637;12835;1.425
30848;48500;1.406
16076;31495;1.449
20912;47927;1.323
2594;3269;1.382
29050;9026;1.470
29286;3313;1.481
20942;28716;1.489
21309;41606;1.487
16210;3313;1.480
12779;43843;1.529
20959;30722;1.256
196753;6762;1.537
20811;48500;1.517
5394;6762;1.542
29050;5602;1.421
35574;8660;1.487
47358;9026;1.416
3269;60409;1.192
12874;15668;1.531
196983;44942;1.443
28716;29286;1.493
3313;6734;1.486
12850;6762;1.543
3269;47242;1.520
28716;45015;1.482
42957;43843;1.486
12779;12850;1.530
60409;62007;1.244
12481;16076;1.406
20836;8968;1.500
13180;25002;1.405
21309;8612;1.516
20942;20959;1.100
20836;44512;1.471
31495;48815;1.447
12835;31686;1.371
202056;31686;1.389
29449;8612;1.515
13253;16076;1.231
196865;8968;1.475
13180;13253;0.911
12835;35574;1.447
20959;60409;1.307
5392;9026;1.497
202056;35574;1.482
12637;43843;1.506
29449;47927;1.419
31115;42957;1.473
1267;16076;1.485
21056;30722;1.491
34695;8968;1.522
47358;5602;1.435
3313;51580;1.464
20912;8968;1.487
137;8612;1.516
42425;50891;1.180
3313;62007;1.461
12637;12850;1.524
31033;50891;1.092
31495;39636;1.518
137;44512;1.504
35612;8968;1.528
16210;62007;1.148
31319;8261;1.396
31034;50891;1.425
31319;8265;1.394
21333;42957;1.381
20811;21056;1.511
5397;8261;1.420
34695;35612;1.538
5397;8265;1.415
21101;6734;1.505
47242;6762;1.563
34695;35617;1.501
21333;9026;1.369
49605;8968;1.498
20959;47242;1.486
13180;50891;0.911
5392;5602;1.517
43843;50507;1.458
21056;60409;1.499
12874;8660;1.532
12835;57394;1.175
48815;57394;0.910
202056;57394;1.213
47902;57394;0.926
21333;31115;1.341
21333;5602;1.471
5602;9026;1.508
12835;60501;1.371
30848;6734;1.508
20811;5392;1.515
48815;60501;1.247
21056;47242;1.526
202056;60501;1.399
16210;51580;1.293
15589;49360;1.518
20811;5394;1.486
47902;60501;1.310
20811;5396;1.518
20811;5397;1.503
15589;49367;1.525
6762;9026;1.546
12850;49360;1.514
12779;12874;1.555
21309;42957;1.437
31495;44942;1.459
21101;51580;1.474
12850;49367;1.515
28716;41606;1.481
21101;62007;1.433
6734;6762;1.538
12445;31263;1.456
196753;29050;1.361
2594;8968;1.462
12481;29177;1.471
21309;31115;1.507
13253;3269;1.183
20746;21309;1.485
1267;5392;1.527
35617;44512;1.350
1267;5394;1.522
1267;5396;1.533
1267;5397;1.507
49360;5392;1.503
49360;5394;1.481
15589;48500;1.524
12779;20746;1.516
49360;5396;1.464
3313;6762;1.540
12835;44787;1.249
49360;5397;1.365
202056;44787;1.334
29286;31495;1.488
13253;29177;1.420
12850;48500;1.515
21333;2594;1.340
21333;2597;1.459
47927;60409;1.391
50891;8261;1.066
50891;8265;1.439
12637;12874;1.549
1267;29177;1.526
12874;137;1.550
12835;30848;1.484
31611;6734;1.489
202056;30848;1.447
3269;43843;1.480
29177;42425;1.435
44512;9026;1.380
20912;20942;1.381
44787;49605;1.291
16076;8261;1.209
42425;9026;1.380
12779;34695;1.512
16076;8265;1.431
50507;8660;1.315
12835;47358;1.312
15668;51580;1.375
25002;30722;1.413
20912;28716;1.497
41606;8612;1.452
42425;5602;1.476
15668;62007;1.355
16210;31033;1.247
16210;31034;1.465
137;196753;1.479
12637;20746;1.463
12445;35612;1.494
31686;49605;1.378
12850;202056;1.506
44787;8612;1.425
12445;35617;1.325
20811;30722;1.488
31034;9026;1.497
20959;43843;1.453
3302;47902;1.466
12779;196983;1.523
31611;49360;1.484
2597;44512;1.468
31611;49367;1.515
202056;47358;1.459
196753;47902;1.329
20959;3269;1.103
12835;29449;1.414
12874;44512;1.542
20912;20959;1.366
44512;5602;1.476
12637;34695;1.481
28716;31115;1.508
21101;6762;1.565
25002;60409;1.399
16210;202056;1.400
16076;42425;1.292
31034;31686;1.434
31115;8261;1.338
41606;47902;1.291
31115;8265;1.494
21101;31033;1.447
21101;31034;1.505
31034;35574;1.447
12850;13180;1.501
196983;29177;1.472
28716;42957;1.436
30848;6762;1.561
44942;50891;1.060
31611;48500;1.391
21056;5392;1.514
21056;5394;1.515
21056;5396;1.520
21056;5397;1.515
31034;5602;1.477
42957;5392;1.471
42957;5394;1.489
21056;43843;1.515
42957;5396;1.491
21309;8660;1.486
42957;5397;1.467
202056;29449;1.466
35612;44512;1.504
202056;6734;1.453
28716;9026;1.514
29449;8660;1.434
12850;3302;1.523
30848;60409;1.429
196865;29050;1.332
31115;31611;1.487
31033;31686;0.910
15589;21056;1.521
20746;21333;0.911
31033;35574;1.476
12850;21056;1.522
25002;47242;1.522
12835;20811;1.487
202056;20811;1.498
15589;16210;1.524
13253;8968;1.475
15589;8612;1.523
20811;60409;1.495
12850;16210;1.501
35617;8612;1.500
20746;48815;0.910
137;8660;1.486
13180;31686;1.092
45015;50891;1.333
20836;31495;1.438
20811;47242;1.478
196753;3302;1.493
13180;35574;1.468
31034;57394;1.358
15668;31033;1.436
3302;47927;1.487
15668;31034;1.484
21333;31611;1.396
31611;6762;1.561
31034;60501;1.465
2594;44512;1.381
12637;202056;1.476
196753;47927;1.421
12850;3313;1.520
30722;44512;1.320
29177;29286;1.465
28716;5602;1.513
30848;47242;1.529
20942;44512;1.084
42425;57394;1.084
29177;45015;1.397
29050;48815;1.360
20746;39636;1.467
31033;57394;0.910
42425;44787;1.348
137;31495;1.515
57394;9026;1.349
42425;60501;1.312
12835;196753;1.371
21309;31611;1.514
41606;47927;1.397
31033;60501;1.247
3269;34695;1.485
16076;29286;1.423
196753;3313;1.480
31034;44787;1.395
12850;137;1.524
16076;45015;1.276
49605;60409;1.349
196865;47902;1.291
196753;20912;1.361
13180;57394;0.911
1267;196753;1.492
20959;8968;1.441
29050;39636;1.461
13180;60501;0.931
21333;25002;1.411
12835;50507;1.332
48815;50507;1.300
12481;62007;1.401
47902;50507;1.271
12445;5392;1.475
3313;49360;1.490
12835;20836;1.432
12445;5394;1.494
8265;8612;1.523
202056;20836;1.474
20746;44942;1.104
12445;5396;1.469
12445;5397;1.420
62007;8968;1.450
3313;49367;1.501
31033;44787;1.285
16210;49360;1.435
48500;8968;1.508
25002;43843;1.499
13253;62007;1.225
16210;49367;1.451
15589;30722;1.516
43843;49605;1.477
31263;47902;1.391
15589;202056;1.518
12850;30722;1.503
196983;5392;1.501
31115;50891;1.300
31319;35612;1.515
196983;5394;1.483
20811;3269;1.499
196983;5396;1.499
21309;25002;1.515
196983;5397;1.465
202056;6762;1.538
1267;62007;1.520
31319;35617;1.455
35574;35612;1.536
42425;47358;1.349
29286;42425;1.449
12481;51580;1.431
35574;35617;1.503
13180;44787;1.245
31033;47358;1.334
29050;44942;1.362
1267;137;1.509
3313;48500;1.503
202056;50507;1.319
41606;8660;1.329
31034;47358;1.400
13253;51580;1.277
48815;8612;1.374
20959;34695;1.485
28716;31611;1.516
13180;30848;1.448
30848;43843;1.520
44787;8660;1.247
1267;3269;1.519
29177;41606;1.420
21333;50891;1.092
13180;47358;1.321
15589;60409;1.514
1267;51580;1.502
21101;49360;1.512
21056;34695;1.525
12850;60409;1.506
21101;49367;1.518
31263;9026;1.510
15589;47242;1.530
12779;9026;1.524
20811;43843;1.501
12850;47242;1.543
196865;47927;1.397
16076;41606;1.231
16210;48500;1.405
21309;50891;1.487
196753;28716;1.496
44942;57394;0.910
196983;51580;1.405
21101;48500;1.435
2597;31495;1.489
44942;60501;1.328
13180;29449;1.431
196983;62007;1.391
12874;31495;1.548
29050;8261;1.362
12481;31033;1.275
12481;31034;1.480
29050;8265;1.366
31263;47927;1.455
12445;29050;1.362
15668;49360;1.451
31263;5602;1.479
196865;20912;1.331
196753;20942;1.334
15668;49367;1.471
12779;5602;1.520
13253;31033;1.092
13253;31034;1.425
57394;60409;0.910
34695;47902;1.433
12779;2594;1.508
12835;9026;1.463
20836;42425;1.471
12779;2597;1.517
29177;42957;1.352
20912;44512;1.381
15589;8660;1.518
1267;31033;1.518
1267;31034;1.527
35617;8660;1.441
39636;5392;1.516
39636;5394;1.484
29286;45015;1.389
60409;8968;1.470
39636;5396;1.528
39636;5397;1.488
21101;3302;1.539
15668;48500;1.481
44787;48815;1.285
29177;31115;1.483
5397;57394;1.330
31611;60409;1.388
13180;8612;1.452
13253;196865;0.910
13180;20811;1.495
5392;8261;1.476
5397;60501;1.438
5392;8265;1.519
47358;8261;1.333
16210;21056;1.495
31611;47242;1.519
20811;8968;1.507
47358;8265;1.398
196753;20959;1.358
30848;3302;1.535
137;42425;1.504
12637;8612;1.514
45015;57394;0.925
16076;31115;1.409
12835;5602;1.423
44942;6734;1.419
31611;3302;1.528
5396;57394;1.419
45015;60501;1.238
51580;9026;1.454
2594;31495;1.423
21101;3313;1.521
5396;60501;1.495
12445;47902;1.331
29449;44512;1.445
49367;5392;1.493
49367;5394;1.511
1267;8968;1.532
30722;31495;1.442
49367;5396;1.493
49367;5397;1.501
16076;42957;1.393
31495;51580;1.430
21056;3269;1.506
51580;5602;1.425
44942;47358;1.333
21333;8261;1.110
20942;31495;1.464
31495;62007;1.433
21333;8265;1.450
31686;9026;1.369
30848;3313;1.522
15589;43843;1.502
28716;50891;1.481
196983;31033;1.432
196983;31034;1.486
31115;31686;1.341
42425;50507;1.355
31686;48815;0.910
12850;43843;1.516
3302;8612;1.509
34695;47927;1.436
5602;8261;1.472
31115;35574;1.505
31686;5602;1.471
25002;34695;1.480
31033;50507;1.300
30848;34695;1.520
5602;8265;1.460
196865;28716;1.481
8265;8660;1.432
12835;15589;1.515
31611;3313;1.514
12835;2594;1.275
12779;31263;1.518
20746;29177;1.413
12835;2597;1.446
31034;50507;1.441
44787;44942;1.333
43843;5392;1.513
43843;5394;1.506
35617;42425;1.350
43843;5396;1.502
43843;5397;1.494
29286;9026;1.492
16210;9026;1.470
12850;196983;1.507
49360;8968;1.504
20811;34695;1.509
29286;41606;1.440
13180;50507;1.315
5394;57394;1.432
21333;31686;0.911
45015;47358;1.459
196865;20942;1.180
13180;20836;1.455
31686;39636;1.467
12779;35612;1.551
21333;35574;1.476
5394;60501;1.478
12779;35617;1.521
31686;44942;1.104
44512;45015;1.249
29050;29177;1.427
48815;8660;1.349
15668;6734;1.435
16210;196983;1.342
6762;8261;1.540
15668;21056;1.490
5392;57394;1.394
6762;8265;1.563
20836;29286;1.494
202056;3302;1.497
12835;31319;1.293
31115;57394;1.294
12637;31263;1.499
202056;31319;1.396
16210;30722;1.282
5392;60501;1.492
12835;49605;1.249
15668;16210;1.316
21309;31686;1.485
48815;49605;1.378
12445;3269;1.174
202056;49605;1.384
47902;49605;1.233
20746;6734;1.413
20836;45015;1.464
31115;60501;1.335
42425;8261;1.172
29286;5602;1.483
12445;47927;1.416
21309;35574;1.524
42425;8265;1.461
16210;5602;1.477
20942;8612;1.380
12481;49360;1.465
16210;2594;1.328
12481;49367;1.514
16210;2597;1.429
196865;20959;1.309
12637;35612;1.532
196983;3269;1.446
12637;35617;1.491
12874;42425;1.542
31611;43843;1.511
21333;57394;0.911
137;29286;1.503
31034;8261;1.433
3313;60409;1.490
44942;6762;1.540
31034;8265;1.447
21333;60501;1.247
202056;3313;1.478
44512;8261;1.172
137;45015;1.476
5396;6734;1.485
31115;44787;1.427
44512;8265;1.461
3313;47242;1.539
21101;30722;1.463
25002;6734;1.480
12445;20912;1.361
12481;48500;1.370
12850;12874;1.549
29286;31115;1.479
2597;42425;1.468
21056;8968;1.505
21309;57394;1.435
20836;41606;1.455
29177;31611;1.445
12637;196983;1.490
13253;49360;1.399
31115;47358;1.405
20836;8612;1.496
42957;8968;1.489
21309;60501;1.482
13253;49367;1.484
15589;20746;1.515
21333;44787;1.286
29286;42957;1.443
16210;60409;1.288
12850;20746;1.501
1267;49360;1.504
196865;8612;1.452
28716;31686;1.480
43843;48815;1.469
1267;49367;1.532
31495;5392;1.511
31495;5394;1.516
31495;5396;1.461
31495;5397;1.457
21101;60409;1.445
16210;47242;1.469
16076;31611;1.397
21333;30848;1.429
28716;8261;1.482
28716;8265;1.530
3269;35612;1.504
13180;8660;1.330
16076;21101;1.427
34695;8612;1.516
3269;35617;1.350
21333;47358;1.334
15589;34695;1.529
13253;48500;1.298
15668;30722;1.405
20912;8612;1.468
35617;45015;1.452
12850;34695;1.521
20912;31495;1.422
31319;47902;1.266
21309;44787;1.471
35612;42425;1.504
44942;50507;1.303
12637;8660;1.467
35574;47902;1.438
45015;5392;1.472
45015;5394;1.478
2594;42425;1.381
45015;5396;1.473
45015;5397;1.419
1267;48500;1.521
196983;49360;1.457
35612;8612;1.535
3302;44512;1.497
15668;6762;1.535
196983;49367;1.478
8612;9026;1.522
21309;30848;1.519
28716;35574;1.522
196753;44512;1.334
20942;42425;1.084
3269;6734;1.425
49605;8612;1.479
21309;47358;1.507
20746;6762;1.539
12481;13180;1.296
21101;47242;1.505
137;41606;1.497
12445;8968;1.478
21333;29449;1.439
15668;60409;1.430
20959;31263;1.395
15589;196983;1.523
196983;48500;1.477
12445;28716;1.482
15668;47242;1.511
45015;50507;1.184
21056;31263;1.502
3302;8660;1.498
30722;42425;1.320
57394;8261;0.928
196983;8968;1.495
57394;8265;1.352
2597;29286;1.441
1267;13180;1.517
43843;44942;1.474
29449;31495;1.495
12445;196753;1.279
12481;21056;1.522
20746;51580;1.342
20959;35612;1.495
12874;29286;1.512
2594;8612;1.443
5396;6762;1.539
20959;35617;1.421
2597;45015;1.409
21309;29449;1.505
20746;62007;1.230
20836;42957;1.486
25002;6762;1.540
12874;45015;1.525
12445;20942;1.169
28716;57394;1.436
3313;43843;1.517
31034;31319;1.394
28716;44787;1.477
16076;25002;1.354
13180;15589;1.515
28716;60501;1.483
41606;44512;1.180
31034;49605;1.366
31611;34695;1.512
12835;21309;1.497
202056;21309;1.500
20836;31115;1.501
31319;47927;1.348
29050;51580;1.287
35574;47927;1.442
35617;41606;1.285
28716;30848;1.516
29050;62007;1.339
47927;6734;1.453
137;42957;1.499
12481;16210;1.438
42425;49605;1.397
31033;31319;1.397
13253;21056;1.501
31495;49360;1.466
196753;196865;1.296
35612;45015;1.494
21056;35612;1.529
31033;49605;1.378
31495;49367;1.500
21056;35617;1.520
13180;137;1.497
29177;50891;1.420
12445;20959;1.333
20942;8660;1.377
13253;16210;0.931
16210;43843;1.476
20942;29286;1.449
1267;21056;1.532
137;31115;1.518
13180;31319;1.379
21101;43843;1.529
1267;16210;1.532
13180;49605;1.360
29286;31611;1.492
16076;50891;1.232
12779;29050;1.506
5394;9026;1.514
31115;50507;1.446
28716;47358;1.499
31495;48500;1.482
2594;29286;1.419
31263;8261;1.456
196865;44512;1.180
12850;9026;1.528
3269;6762;1.540
31263;8265;1.484
12779;8261;1.513
2594;45015;1.185
12779;8265;1.539
196983;21056;1.507
12445;15668;1.446
2597;41606;1.463
30722;45015;1.291
29177;6734;1.457
12874;41606;1.539
12481;30722;1.400
39636;8968;1.525
39636;47902;1.449
35617;42957;1.466
20942;45015;1.249
20746;31033;0.910
20746;31034;1.434
21333;50507;1.300
20836;8660;1.474
15668;196865;1.428
196753;9026;1.452
13253;30722;1.274
31263;44512;1.442
28716;29449;1.519
15668;43843;1.492
12637;29050;1.425
196865;8660;1.329
5394;5602;1.516
1267;30722;1.522
20912;42425;1.381
12850;5602;1.523
13253;8612;1.452
29050;31033;1.360
29050;31034;1.360
34695;8660;1.482
21309;50507;1.482
25002;31263;1.483
31319;5392;1.491
35612;41606;1.497
12850;2594;1.495
31319;5394;1.495
12481;60409;1.302
12850;2597;1.507
31319;5396;1.443
12835;8261;1.373
31319;5397;1.371
20912;8660;1.333
2594;41606;1.329
12835;8265;1.376
12835;21333;1.371
202056;21333;1.389
49367;8968;1.489
12779;47902;1.502
47242;9026;1.540
35612;8660;1.499
20811;31263;1.494
20942;41606;1.180
196753;5602;1.464
25002;35612;1.506
12835;48815;1.371
47927;6762;1.541
202056;48815;1.389
47902;48815;1.316
25002;35617;1.473
196753;2594;1.299
49605;8660;1.361
44942;49605;1.381
196753;2597;1.461
3313;34695;1.522
12874;42957;1.524
42957;47902;1.384
50891;5392;1.478
50891;5394;1.497
50891;5396;1.460
30848;31263;1.506
50891;5397;1.404
20811;35612;1.542
31495;3269;1.464
15668;3302;1.503
20811;35617;1.519
29449;42425;1.445
2597;31115;1.504
16076;5392;1.480
16076;5394;1.478
16076;5396;1.466
16076;5397;1.404
12481;47242;1.536
30722;41606;1.274
39636;47927;1.486
12874;31115;1.552
16210;20746;1.247
13253;60409;0.997
137;202056;1.474
29177;31686;1.413
196753;31495;1.456
12835;39636;1.454
202056;39636;1.481
12637;47902;1.420
196983;30722;1.419
29177;35574;1.499
51580;8261;1.361
30848;35612;1.466
13253;47242;1.514
51580;8265;1.414
47242;5602;1.543
30848;35617;1.502
2597;42957;1.458
1267;60409;1.516
20836;31611;1.503
2594;8660;1.310
20959;8612;1.368
44787;51580;1.133
3313;9026;1.515
20836;21101;1.522
45015;49605;1.374
1267;47242;1.559
44787;62007;1.198
16210;34695;1.499
16076;31686;1.230
31686;8261;1.110
34695;44512;1.486
29177;6762;1.538
62007;8612;1.429
31686;8265;1.450
43843;8968;1.514
16076;35574;1.464
21101;34695;1.523
15668;3313;1.455
48500;8612;1.491
12481;12835;1.441
29286;50891;1.440
20912;29286;1.412
6734;9026;1.483
12874;196865;1.539
20746;3302;1.493
12835;44942;1.372
196983;60409;1.437
202056;44942;1.388
25002;3302;1.486
31686;62007;1.230
137;31611;1.512
12779;47927;1.511
16210;8261;1.331
16210;8265;1.437
137;21101;1.522
196983;47242;1.510
35612;42957;1.500
29177;57394;1.308
15668;20746;1.436
2594;42957;1.401
28716;50507;1.480
13180;21309;1.487
3313;5602;1.504
29177;60501;1.397
42957;47927;1.470
20836;25002;1.461
31686;51580;1.342
20942;42957;1.410
60501;6734;1.397
2594;31115;1.448
20912;45015;1.334
16076;57394;0.926
30722;6734;1.391
20746;3313;1.490
15668;34695;1.503
30722;31115;1.414
12779;20912;1.506
20746;49360;1.418
29286;8261;1.437
25002;3313;1.507
29286;8265;1.479
12445;44512;1.169
16076;60501;1.303
20746;49367;1.477
12637;47927;1.421
31115;5392;1.499
12481;43843;1.493
31115;5394;1.513
31115;5396;1.502
31115;5397;1.469
20942;31115;1.359
15589;31263;1.510
1267;12835;1.501
12850;31263;1.510
29177;44787;1.362
2597;6734;1.349
137;25002;1.507
30848;9026;1.489
30722;42957;1.357
20959;29050;1.367
3269;47902;1.358
12481;12850;1.525
29050;49360;1.326
29177;30848;1.470
21056;29050;1.495
31495;8968;1.493
20746;48500;1.274
12835;16076;1.332
29050;49367;1.474
21101;9026;1.492
3269;3302;1.497
16076;44787;1.296
196865;31495;1.447
20836;50891;1.455
12835;202056;1.361
12637;20912;1.425
21101;5602;1.537
29449;45015;1.454
20912;41606;1.331
16076;30848;1.433
44512;50891;1.180
13253;43843;1.467
31495;60409;1.447
31115;31319;1.457
29050;48500;1.435
1267;202056;1.495
31115;49605;1.450
13253;8660;1.329
31034;48815;1.434
30848;5602;1.528
1267;43843;1.537
15589;35612;1.553
31611;9026;1.471
60409;8612;1.458
15589;35617;1.527
31263;31495;1.487
12850;35612;1.543
29177;47358;1.481
12850;35617;1.519
3269;3313;1.498
2597;31611;1.499
42425;48815;1.084
29286;31686;1.436
21333;31319;1.397
20811;8612;1.499
1267;12850;1.533
21101;2594;1.448
12874;31611;1.540
21101;2597;1.510
31033;48815;0.910
45015;8968;1.442
21333;49605;1.378
20959;47902;1.302
31034;39636;1.512
13180;21333;1.092
12874;21101;1.545
12779;28716;1.522
16076;47358;1.420
196983;43843;1.496
29449;41606;1.431
31495;47242;1.530
21056;47902;1.485
137;50891;1.497
12481;12874;1.548
3269;47927;1.427
60501;6762;1.553
29177;29449;1.494
13180;48815;1.092
31611;5602;1.514
1267;8612;1.536
21309;31319;1.501
30722;6762;1.535
31319;3269;1.412
12779;20942;1.519
21309;49605;1.493
42425;44942;1.169
31033;39636;1.467
43843;51580;1.463
12835;29177;1.432
29286;35574;1.504
3302;42425;1.497
20959;8660;1.305
43843;62007;1.455
2597;6762;1.539
31034;44942;1.433
12481;20746;1.275
16076;29449;1.432
196753;42425;1.334
20746;21056;1.499
12874;25002;1.547
62007;8660;1.276
13180;39636;1.474
48500;8660;1.426
202056;9026;1.470
12874;13253;1.539
16076;20811;1.480
20912;42957;1.413
31611;35612;1.449
49360;8612;1.498
31611;35617;1.483
12481;34695;1.500
12445;137;1.495
13180;196753;1.296
41606;42425;1.180
12637;20942;1.470
31033;44942;1.104
12779;20959;1.511
202056;29177;1.422
2594;31611;1.419
35617;50891;1.285
1267;12874;1.556
20912;31115;1.445
30722;31611;1.417
12637;28716;1.522
20959;47927;1.441
25002;29050;1.408
29286;57394;1.274
31033;6734;1.413
29050;5392;1.479
20942;31611;1.427
29286;44787;1.390
29050;5394;1.483
13180;44942;1.060
13253;20746;1.092
29050;5396;1.426
29050;5397;1.347
29286;60501;1.365
12481;6734;1.472
21056;47927;1.515
20942;21101;1.473
28716;31319;1.505
20811;29050;1.489
31495;43843;1.492
8261;9026;1.375
1267;20746;1.518
16076;3269;1.294
202056;5602;1.474
29286;30848;1.512
12779;15668;1.516
29177;3302;1.502
44787;49360;1.351
29449;42957;1.497
12637;20959;1.479
44942;48815;1.104
13253;34695;1.470
44787;49367;1.450
20836;31686;1.463
31319;44512;1.411
35574;44512;1.483
20836;35574;1.472
1267;34695;1.531
47902;6734;1.402
29449;31115;1.473
31686;49360;1.418
196983;20746;1.432
12445;31495;1.459
2597;50891;1.463
47242;50891;1.514
47358;5392;1.493
3302;45015;1.490
31686;49367;1.477
28716;49605;1.499
196753;29286;1.441
47358;5394;1.503
47358;5396;1.452
5394;8261;1.494
47358;5397;1.361
16076;20836;1.460
12874;50891;1.539
44787;48500;1.411
5394;8265;1.524
20942;25002;1.433
202056;2594;1.278
196753;45015;1.304
20746;30722;1.279
202056;2597;1.454
12850;8261;1.505
29286;47358;1.470
29177;50507;1.392
29177;3313;1.492
12637;15668;1.493
31319;8968;1.495
13253;137;1.497
12850;8265;1.541
21056;8612;1.507
137;31686;1.492
5397;8968;1.504
137;35574;1.528
25002;47902;1.380
196983;34695;1.506
42957;8612;1.467
13180;16076;1.232
31115;3269;1.359
196865;42425;1.180
5392;5394;1.509
16076;50507;1.187
5392;5396;1.516
5392;5397;1.498
20836;57394;1.410
60409;8660;1.335
20811;47902;1.483
196753;8261;1.282
29050;30722;1.327
196753;8265;1.457
35612;50891;1.497
47358;50891;1.321
20836;60501;1.481
2594;50891;1.330
20746;60409;1.102
29286;29449;1.478
44512;57394;1.084
16210;31263;1.439
137;196983;1.503
45015;48815;1.158
35574;6734;1.499
20811;8660;1.487
44512;44787;1.348
30848;47902;1.445
44512;60501;1.312
31263;42425;1.442
20942;50891;1.180
31686;48500;1.274
3313;35612;1.525
41606;45015;1.333
31033;6762;1.539
3313;35617;1.516
137;57394;1.450
16076;196753;1.102
16210;35612;1.472
21333;5392;1.474
16210;35617;1.312
12481;6762;1.542
21333;5394;1.496
137;60501;1.502
21333;5396;1.465
20836;44787;1.425
29050;60409;1.322
20959;28716;1.471
21333;5397;1.423
50891;8968;1.475
1267;8660;1.506
29050;47242;1.505
12445;8612;1.459
30722;50891;1.274
15589;29050;1.512
3302;41606;1.485
21056;28716;1.514
16076;8968;1.460
20746;47242;1.510
12850;29050;1.507
20836;30848;1.514
21101;31263;1.509
196753;41606;1.296
20836;47358;1.451
25002;47927;1.437
196983;8612;1.493
47902;6762;1.534
30722;3302;1.491
42425;5392;1.478
42425;5394;1.502
137;44787;1.471
42425;5396;1.474
42425;5397;1.427
20912;31611;1.429
47242;8261;1.512
44512;47358;1.349
31495;34695;1.493
47242;8265;1.518
21101;35612;1.452
21101;35617;1.510
13180;29177;1.420
20912;21101;1.478
20811;47927;1.489
196865;29286;1.440
49360;8660;1.402
137;30848;1.519
35617;57394;1.285
12835;51580;1.277
48815;51580;1.342
202056;51580;1.386
196865;45015;1.333
47902;51580;1.208
2597;31686;1.459
35617;60501;1.312
12835;62007;1.352
12874;6734;1.541
48815;62007;1.230
202056;62007;1.379
47902;62007;1.290
39636;44512;1.481
2597;35574;1.504
30848;47927;1.518
12874;31686;1.539
44512;5392;1.478
44512;5394;1.502
31115;48815;1.341
44512;5396;1.474
44512;5397;1.427
15668;31263;1.434
12874;35574;1.553
30722;3313;1.471
6734;8261;1.420
31115;8968;1.509
6734;8265;1.485
34695;42425;1.486
20811;20912;1.489
2597;3302;1.510
31263;45015;1.342
15589;47902;1.509
50507;6734;1.389
43843;49360;1.496
29449;31611;1.490
3313;8261;1.495
15668;35612;1.523
20912;25002;1.406
3313;8265;1.512
12850;47902;1.499
43843;49367;1.505
35617;44787;1.419
137;47358;1.517
15668;35617;1.485
31034;5392;1.510
31034;5394;1.507
21333;48815;0.911
35574;6762;1.543
31034;5396;1.434
31034;5397;1.432
31115;39636;1.506
20836;29449;1.489
12835;196983;1.435
44942;9026;1.374
29286;50507;1.348
21309;21333;1.485
196753;31115;1.432
20746;43843;1.469
12779;44512;1.519
3302;42957;1.504
12874;57394;1.501
43843;48500;1.491
1267;196983;1.519
21309;48815;1.485
2597;3313;1.495
12874;60501;1.501
21333;39636;1.467
196753;42957;1.413
31319;31495;1.436
42957;44512;1.410
137;29449;1.501
21056;8660;1.488
39636;8612;1.515
31115;44942;1.336
29050;43843;1.468
12445;42425;1.169
2594;31686;1.340
196865;41606;0.910
42957;8660;1.394
8660;8968;1.479
20912;50891;1.331
30722;31686;1.279
2594;35574;1.453
44942;5602;1.471
2597;57394;1.332
28716;5392;1.501
137;20811;1.525
41606;42957;1.393
29177;31319;1.454
28716;5394;1.512
47242;57394;1.437
28716;5396;1.518
28716;5397;1.509
35617;47358;1.400
30722;35574;1.476
12637;44512;1.470
29177;49605;1.446
2597;44787;1.419
2597;60501;1.429
21309;39636;1.522
21101;8261;1.455
20942;31686;1.084
47242;60501;1.469
21101;8265;1.498
12835;31033;1.371
25002;28716;1.514
12835;31034;1.375
202056;31033;1.389
12874;44787;1.525
202056;31034;1.446
29050;3269;1.382
21309;6734;1.482
20942;35574;1.483
12445;202056;1.388
21333;44942;1.104
15589;47927;1.518
2597;30848;1.512
16076;31319;1.363
31611;47902;1.401
31263;41606;1.447
30848;8261;1.447
12850;47927;1.515
44787;60409;1.287
20811;28716;1.520
12874;30848;1.540
30848;8265;1.495
16076;49605;1.351
12874;6762;1.562
15668;9026;1.498
34695;45015;1.483
49367;8612;1.488
31611;8261;1.410
31611;8265;1.464
137;6734;1.504
35612;57394;1.440
20836;50507;1.463
47358;57394;1.274
21309;44942;1.489
2594;57394;0.926
35612;44787;1.477
31686;60409;1.102
29449;50891;1.431
35612;60501;1.472
20811;20942;1.499
47358;60501;1.453
29449;6734;1.477
2594;60501;1.328
50507;6762;1.533
15589;20912;1.512
44512;50507;1.355
12445;8660;1.357
20942;57394;1.084
12850;20912;1.507
2597;47358;1.487
47242;47358;1.535
31033;3302;1.493
12874;47358;1.548
20942;60501;1.312
44787;47242;1.493
42425;62007;1.304
3269;44512;1.087
12481;3302;1.511
15668;5602;1.474
31034;51580;1.425
196983;8660;1.407
12445;12779;1.513
196865;31115;1.300
12481;31263;1.468
20746;9026;1.369
137;20836;1.518
25002;9026;1.483
31034;62007;1.441
12445;29286;1.436
28716;48815;1.480
2594;44787;1.190
30722;57394;0.994
50507;50891;1.315
12481;196865;1.296
13253;31263;1.447
12445;45015;1.365
31686;47242;1.510
30722;44787;1.228
20811;20959;1.469
30722;60501;1.281
196865;42957;1.393
42425;51580;1.377
21333;3269;1.087
12481;35612;1.524
2597;29449;1.502
43843;8612;1.496
1267;31263;1.509
20942;44787;1.348
12481;35617;1.384
31033;51580;1.342
2594;30848;1.452
31033;3313;1.490
35612;47358;1.527
31611;47927;1.485
12874;29449;1.546
30722;30848;1.457
2594;47358;1.411
31033;62007;1.230
20746;34695;1.478
137;50507;1.478
12481;3313;1.514
5396;9026;1.504
13253;35612;1.497
13253;35617;1.285
28716;39636;1.520
15668;2594;1.337
20942;30848;1.459
15668;2597;1.449
28716;44942;1.482
202056;8261;1.390
34695;41606;1.470
202056;8265;1.453
12874;20811;1.540
13180;51580;1.277
20746;5602;1.471
20942;47358;1.349
31263;42957;1.451
25002;5602;1.489
21309;6762;1.542
13180;62007;1.225
20746;2594;1.340
196753;31611;1.428
20746;2597;1.459
16210;29050;1.362
25002;2594;1.404
29050;8968;1.487
25002;2597;1.485
20959;44512;1.100
29050;34695;1.440
41606;6734;1.424
31263;5392;1.495
31263;5394;1.487
31263;5396;1.499
31263;5397;1.457
15589;28716;1.525
30722;47358;1.396
12779;5392;1.520
12779;5394;1.523
12779;5396;1.520
12779;5397;1.513
12850;28716;1.482
3269;9026;1.382
44787;6734;1.392
5396;5602;1.482
137;6762;1.544
1267;35612;1.552
31319;42425;1.411
1267;35617;1.525
20942;29449;1.445
3313;47902;1.462
35574;42425;1.483
29286;31319;1.434
8261;8265;1.452
20912;31686;1.360
35617;50507;1.444
196983;31263;1.483
29449;6762;1.543
12835;49360;1.328
48815;49360;1.418
202056;49360;1.428
20912;35574;1.442
196753;21101;1.448
47902;49360;1.318
15589;20942;1.516
12835;49367;1.473
48815;49367;1.477
21101;29050;1.478
202056;49367;1.484
47902;49367;1.463
12850;20942;1.509
12445;41606;1.059
5392;8968;1.518
21333;29177;1.413
39636;8660;1.445
2594;29449;1.434
47358;8968;1.516
21056;44512;1.506
12779;31495;1.520
31686;43843;1.469
31495;8612;1.485
196983;35612;1.521
31034;3269;1.447
196983;35617;1.435
3269;5602;1.476
16076;21309;1.493
12835;48500;1.439
202056;48500;1.423
12835;5392;1.482
47902;48500;1.410
12874;20836;1.548
12835;5394;1.482
29286;49605;1.416
16210;47902;1.310
12835;5396;1.435
12835;5397;1.352
31033;31034;1.434
21309;29177;1.474
43843;60409;1.467
15589;20959;1.510
29449;31686;1.439
196753;25002;1.380
20912;57394;1.166
51580;5392;1.482
21333;8968;1.478
12850;20959;1.497
51580;5394;1.478
43843;47242;1.515
29449;35574;1.498
44942;62007;1.275
34695;42957;1.492
51580;5396;1.465
51580;5397;1.379
15668;29050;1.399
12637;31495;1.484
20912;60501;1.361
13180;31033;1.092
2597;50507;1.404
49367;8660;1.449
13180;31034;1.425
47927;9026;1.481
47242;50507;1.452
12874;50507;1.516
5602;8968;1.519
31686;5392;1.474
31686;5394;1.496
6762;8968;1.537
31686;5396;1.465
31686;5397;1.423
45015;8612;1.366
3313;47927;1.488
28716;3269;1.489
12874;3302;1.550
5602;57394;1.411
196865;31611;1.405
21101;47902;1.455
44942;51580;1.360
15589;15668;1.519
196865;21101;1.457
5602;60501;1.477
12850;15668;1.511
41606;6762;1.539
20912;44787;1.237
15668;47902;1.367
12445;31115;1.336
45015;62007;1.263
3302;50891;1.485
15589;6734;1.516
35574;45015;1.482
35617;6734;1.474
35612;50507;1.486
29449;57394;1.388
47358;50507;1.452
44787;6762;1.532
196753;50891;1.296
47927;5602;1.435
2594;50507;1.235
50507;57394;0.925
20912;30848;1.470
5397;62007;1.419
29449;60501;1.470
31263;31611;1.490
12835;13180;1.339
12445;42957;1.396
50507;60501;1.201
31495;35612;1.521
20912;47358;1.307
31495;35617;1.492
16210;47927;1.434
12874;3313;1.540
20836;31319;1.437
20942;50507;1.355
42425;8968;1.488
25002;44512;1.433
45015;51580;1.304
20836;49605;1.422
41606;50891;0.911
43843;8660;1.469
29286;5392;1.481
31319;45015;1.385
29286;5394;1.452
16210;5392;1.492
29286;5396;1.495
29286;5397;1.454
16210;5394;1.478
16210;5396;1.495
16210;5397;1.439
5396;62007;1.468
44512;49605;1.397
12835;21056;1.492
202056;21056;1.492
20811;44512;1.499
29177;48815;1.413
137;15589;1.529
29449;44787;1.414
39636;42425;1.481
31034;8968;1.505
16076;21333;1.230
30722;50507;1.299
12835;16210;1.371
29177;9026;1.491
28716;29177;1.478
137;31319;1.495
20912;29449;1.415
44512;8968;1.488
16210;20912;1.361
137;49605;1.488
5394;62007;1.480
30848;44512;1.459
29449;30848;1.517
29177;5602;1.497
21101;47927;1.512
16076;48815;1.230
29449;47358;1.423
196865;25002;1.404
29177;39636;1.493
31034;49360;1.418
48815;6734;1.413
15668;47927;1.449
31034;49367;1.493
31319;41606;1.379
35574;41606;1.468
20959;31495;1.424
12779;42425;1.519
42425;49360;1.428
42425;49367;1.487
31686;34695;1.478
28716;8968;1.523
31033;49360;1.418
51580;57394;1.101
21056;31495;1.510
31034;48500;1.473
31033;49367;1.477
12445;196983;1.443
51580;60501;1.293
31495;8660;1.462
31115;51580;1.409
29177;44942;1.418
15668;20912;1.399
15589;6762;1.542
5392;62007;1.456
12481;29050;1.437
35617;49605;1.448
21309;3302;1.524
35617;6762;1.543
31115;62007;1.411
29449;3302;1.510
13180;49360;1.399
196865;50891;0.911
31319;8612;1.479
31263;3269;1.443
13180;49367;1.484
13253;29050;1.332
42425;48500;1.323
5397;8612;1.490
12779;3269;1.519
16076;39636;1.456
31033;48500;1.274
16076;44942;1.206
3302;35574;1.487
12637;42425;1.470
1267;29050;1.500
196753;31686;1.287
12835;30722;1.334
44942;8261;0.928
21333;51580;1.342
202056;30722;1.375
44942;8265;1.452
137;3302;1.527
21333;62007;1.230
16210;28716;1.483
13180;48500;1.298
31263;50891;1.447
21309;3313;1.496
57394;8968;1.400
29449;3313;1.492
12445;31611;1.407
12874;15589;1.540
21309;51580;1.483
45015;8660;1.301
2597;31319;1.462
13180;202056;1.397
16210;20942;1.312
2597;49605;1.451
49367;50891;1.484
12874;31319;1.534
21309;62007;1.437
12835;60409;1.332
48815;60409;1.102
202056;60409;1.379
60501;9026;1.470
47902;60409;1.280
196753;35574;1.476
15668;8261;1.446
12874;49605;1.533
12779;196865;1.508
12835;3269;1.390
20912;50507;1.321
39636;45015;1.440
15668;8265;1.484
3302;57394;1.463
137;3313;1.501
31319;42957;1.447
12637;6734;1.474
30722;9026;1.439
12835;47242;1.498
12779;29286;1.513
12481;47902;1.417
35574;42957;1.496
3302;60501;1.510
48815;6762;1.539
21101;28716;1.527
50891;8612;1.452
20836;21309;1.520
15589;44512;1.516
13253;47902;1.291
16076;8612;1.451
12850;44512;1.509
196983;29050;1.438
12445;21101;1.453
13180;6734;1.424
47242;49605;1.508
1267;47902;1.497
20746;31263;1.428
44942;49360;1.416
16210;20959;1.206
35612;49605;1.509
44942;49367;1.481
202056;47242;1.510
12637;12779;1.516
3302;44787;1.463
12445;13253;1.059
3302;6734;1.508
12637;29286;1.487
196753;57394;1.101
20746;8261;1.110
15668;20942;1.444
30722;5602;1.467
12779;45015;1.508
137;21309;1.517
29449;50507;1.453
20746;8265;1.450
25002;8261;1.412
196753;44787;1.335
20746;35612;1.485
39636;41606;1.474
25002;8265;1.475
196753;60501;1.344
2597;9026;1.509
20746;35617;1.331
3269;42425;1.087
29050;31263;1.412
15668;28716;1.503
29286;48815;1.436
196983;47902;1.422
25002;31495;1.453
21333;31033;0.911
44942;48500;1.291
21333;31034;1.434
31263;8968;1.511
28716;62007;1.436
41606;57394;0.910
196753;30848;1.442
42957;45015;1.371
34695;50891;1.470
12779;8968;1.531
31686;3269;1.087
2594;31319;1.334
12445;25002;1.410
47358;49605;1.306
45015;49360;1.421
196865;31686;1.092
41606;60501;0.930
2594;49605;1.310
13180;21056;1.501
30722;31319;1.379
45015;49367;1.435
31115;8612;1.505
20811;31495;1.513
196865;35574;1.468
29050;35612;1.510
30722;49605;1.364
5396;8261;1.469
5396;8265;1.487
29050;35617;1.439
13180;16210;0.931
20942;31319;1.411
12481;47927;1.465
12481;20912;1.436
12637;45015;1.477
20942;49605;1.397
15668;20959;1.347
29286;39636;1.359
21309;31033;1.485
21309;31034;1.511
29286;3269;1.449
29286;44942;1.436
16210;3269;1.346
28716;51580;1.492
30848;31495;1.503
13253;47927;1.397
2597;5602;1.504
3302;47358;1.487
12779;41606;1.508
31611;44512;1.427
31263;31686;1.428
41606;44787;1.244
196753;47358;1.447
1267;47927;1.503
31263;35574;1.503
5394;5396;1.520
5394;5397;1.493
12850;5392;1.517
12637;6762;1.542
12850;5394;1.520
12850;5396;1.523
50891;57394;0.911
12850;5397;1.515
20959;42425;1.100
12835;8968;1.491
12445;50891;1.060
50891;60501;0.931
16076;202056;1.319
12835;43843;1.473
41606;47358;1.321
202056;43843;1.491
20836;21333;1.463
21056;42425;1.506
13253;20912;1.331
31319;8660;1.385
45015;48500;1.426
5397;8660;1.410
196983;47927;1.454
13180;6762;1.539
12637;41606;1.456
196753;5392;1.495
20942;6734;1.424
196753;5394;1.487
196753;5396;1.471
196753;29449;1.445
1267;20912;1.500
196753;5397;1.420
20836;48815;1.463
15589;3302;1.527
12835;12850;1.510
16076;29177;1.415
49360;50891;1.399
39636;42957;1.477
3269;45015;1.251
3269;8261;1.177
44512;48815;1.084
3302;6762;1.538
3269;8265;1.461
137;21333;1.492
196865;57394;0.910
28716;31033;1.480
28716;31034;1.514
31034;60409;1.421
196865;44787;1.244
196865;60501;0.930
12874;21309;1.543
13180;30722;1.274
51580;8968;1.474
20836;39636;1.525
196983;20912;1.437
137;48815;1.492
49367;57394;1.380
31033;9026;1.369
47242;5392;1.535
196865;30848;1.448
47242;5394;1.522
47242;5396;1.538
47242;5397;1.527
34695;6734;1.498
42425;60409;1.184
12481;9026;1.400
49367;60501;1.451
15589;3313;1.530
31319;31611;1.455
31495;47902;1.399
20912;6734;1.413
31033;60409;1.102
31686;8968;1.478
31263;57394;1.333
20836;6734;1.487
31115;49360;1.465
44512;44942;1.169
42425;47242;1.519
47927;8261;1.416
196753;20811;1.490
31115;49367;1.514
31263;44787;1.387
47927;8265;1.407
31033;47242;1.510
31263;60501;1.439
15589;31495;1.521
35612;6734;1.525
12779;42957;1.510
12481;20942;1.290
50891;8660;1.330
34695;35574;1.482
12850;31495;1.515
196865;6734;1.424
31034;47242;1.517
137;39636;1.528
13180;60409;0.998
20959;29286;1.377
16076;8660;1.319
12481;28716;1.507
20836;44942;1.466
16210;8968;1.463
12481;1267;1.529
47902;9026;1.456
12779;31115;1.518
13180;47242;1.514
20959;45015;1.092
21333;49360;1.418
21056;29286;1.491
31115;48500;1.389
196865;47358;1.321
31033;5602;1.471
13253;28716;1.481
21333;49367;1.477
12835;12874;1.533
12481;5602;1.497
3313;5392;1.505
21056;45015;1.479
3313;5394;1.514
3313;5396;1.510
3313;5397;1.491
35617;48815;1.331
12481;2594;1.440
1267;28716;1.531
3313;44512;1.498
12481;2597;1.501
20912;31319;1.281
3269;41606;1.183
12637;42957;1.499
12481;20959;1.282
16210;44512;1.312
20912;49605;1.246
137;44942;1.495
29286;8968;1.499
49605;6734;1.423
13253;20942;1.180
21309;49360;1.510
21333;48500;1.274
12835;20746;1.371
202056;20746;1.389
21309;49367;1.513
31263;47358;1.486
12445;31686;1.104
20942;6762;1.540
196865;202056;1.397
12637;31115;1.490
1267;20942;1.519
196865;29449;1.431
20942;21309;1.492
47902;5602;1.416
3302;50507;1.498
35617;39636;1.513
31495;47927;1.467
31115;8660;1.434
31686;35612;1.485
196753;50507;1.244
25002;42425;1.433
31686;35617;1.331
12835;34695;1.438
202056;34695;1.485
196753;20836;1.470
35574;9026;1.511
21309;48500;1.494
2594;6734;1.403
29050;8612;1.468
12874;21333;1.539
29177;8261;1.420
29177;8265;1.496
34695;57394;1.441
21101;44512;1.473
20811;42425;1.499
29449;31319;1.431
13253;20959;1.309
196983;20942;1.445
41606;50507;1.315
34695;44787;1.460
31319;50891;1.379
34695;60501;1.499
29449;49605;1.415
21101;5392;1.530
35574;50891;1.468
31034;43843;1.496
12445;35574;1.472
21101;5394;1.530
21101;5396;1.525
21101;5397;1.511
34695;6762;1.544
12874;48815;1.539
44942;60409;1.122
196983;28716;1.498
1267;20959;1.524
35617;44942;1.325
20912;6762;1.537
20959;41606;1.309
20836;6762;1.539
13253;196753;1.296
30848;42425;1.459
196865;20811;1.495
30848;5392;1.523
30848;5394;1.531
35612;6762;1.565
12481;15668;1.484
30848;5396;1.514
29177;51580;1.412
30848;5397;1.509
21056;41606;1.501
42425;43843;1.480
196865;6762;1.539
29177;62007;1.310
31033;43843;1.469
35574;5602;1.489
5392;8612;1.514
13253;15668;1.428
2597;48815;1.459
47242;48815;1.510
12874;39636;1.510
20746;29050;1.360
47358;8612;1.501
12637;3302;1.500
49360;57394;1.314
196983;20959;1.400
15668;44512;1.444
16076;51580;1.334
1267;15668;1.509
49360;60501;1.435
3269;42957;1.412
13180;196983;1.342
12850;196865;1.501
12445;57394;0.910
13180;43843;1.467
44942;47242;1.511
16076;62007;1.269
34695;47358;1.454
12445;44787;1.333
137;16076;1.471
12445;60501;1.328
13180;3302;1.485
5397;60409;1.399
28716;49360;1.510
12874;9026;1.553
2597;39636;1.488
12850;3269;1.509
28716;49367;1.510
31611;5392;1.516
2597;44942;1.461
49605;6762;1.538
31611;5394;1.529
25002;29286;1.484
31611;5396;1.503
31611;5397;1.480
12445;30848;1.445
21333;8612;1.375
16210;196865;0.931
12874;44942;1.538
35612;48815;1.485
47358;48815;1.334
12637;3313;1.514
25002;45015;1.428
20942;21333;1.084
13253;6734;1.424
2594;48815;1.340
45015;60409;1.344
20811;29286;1.441
5602;8612;1.511
5396;60409;1.457
196753;3269;1.333
12779;31611;1.538
45015;47242;1.484
50507;9026;1.465
196865;50507;1.315
28716;48500;1.491
6762;8612;1.534
20811;45015;1.467
20959;31115;1.430
20942;48815;1.084
12779;21101;1.545
196865;20836;1.455
8612;8968;1.491
13180;3313;1.494
29050;47902;1.171
2594;6762;1.535
35612;39636;1.510
21056;31115;1.516
20746;47902;1.316
12874;5602;1.538
