35612;44942;1.958
2594;39636;1.700
12445;47358;1.706
20959;42957;1.454
30848;45015;1.641
12874;2594;2.556
60501;8261;1.345
20836;29177;2.032
15589;42425;2.401
12874;2597;2.682
60501;8265;1.668
3302;3313;2.278
30722;48815;1.330
12850;42425;2.209
30722;8261;1.389
31263;50507;1.599
20912;21309;2.025
30722;8265;1.768
21056;42957;2.008
29177;31033;1.580
29177;31034;1.912
20942;39636;1.734
12637;31611;2.155
50507;5602;1.958
12637;21101;2.278
42425;8612;1.619
12637;196865;2.064
12874;16076;2.566
12779;25002;2.452
5394;60409;2.023
49367;50507;1.788
20959;6734;1.655
16076;31033;1.230
202056;5392;1.998
16076;31034;1.688
137;29177;2.037
202056;5394;2.115
31034;34695;2.145
12445;29449;1.793
2594;44942;1.346
39636;50891;1.653
202056;5396;2.026
202056;5397;1.729
30722;39636;1.738
12779;13253;2.319
30722;44942;1.372
21333;30722;1.331
12445;12481;1.403
5392;60409;1.848
20942;44942;1.208
25002;41606;1.532
31319;31686;1.594
31034;8612;2.076
16210;31495;1.595
31115;60409;1.352
31319;35574;1.992
44512;8612;1.619
2597;8261;1.768
13180;20746;1.093
2597;8265;1.952
31033;34695;2.036
31115;47242;2.069
20942;3302;2.151
5394;8968;2.392
3302;49605;2.104
29050;8660;1.541
20811;41606;2.065
29050;47927;1.753
12637;25002;2.162
196753;31319;1.727
12850;8968;2.408
16076;196983;1.641
20746;47927;1.817
20746;20912;1.458
21309;30722;1.950
29286;62007;1.620
12637;13253;2.064
62007;6734;1.621
13253;6762;2.781
12481;44512;1.332
13180;34695;2.001
21333;60409;1.103
12779;50891;2.319
48500;6734;1.774
21309;9026;2.084
30848;41606;1.699
12445;20811;2.063
31611;42425;1.646
29449;9026;1.936
21333;47242;1.862
15589;29286;2.321
13253;44512;1.180
21309;5602;2.164
21101;31495;1.885
15589;196865;2.341
12850;29286;2.270
196753;8968;1.970
15589;45015;2.328
42957;50891;1.394
20942;3313;1.890
31319;57394;1.374
34695;50507;2.037
28716;8612;2.343
29286;51580;1.727
1267;44512;2.537
12850;45015;2.152
35574;57394;1.963
196753;49605;1.661
48500;50891;1.389
5392;8660;1.940
21309;60409;1.877
31319;60501;1.640
137;9026;2.068
47358;8660;1.900
20836;3302;2.109
35574;60501;2.133
21309;47242;2.166
20912;21333;1.458
137;5602;2.207
12637;50891;2.064
196865;3302;2.084
41606;49605;1.528
25002;31115;1.817
29449;5602;2.067
21309;2594;1.969
47242;8968;2.134
20912;48815;1.458
21309;2597;2.113
31319;44787;1.481
15668;31495;1.692
20912;3302;2.124
28716;30722;2.172
20959;6762;2.747
35574;44787;2.024
20959;31611;1.602
20811;31115;2.209
2597;29177;1.891
21333;8660;1.398
25002;42957;1.725
20836;3313;2.166
20959;21101;1.678
12874;29177;2.565
21056;31611;2.006
12445;50507;1.303
57394;8612;1.564
5602;8660;1.936
137;2594;1.841
21101;3269;1.751
196865;3313;1.820
137;2597;2.062
31319;47358;1.774
12445;20836;1.926
20811;42957;2.144
20912;39636;1.769
30848;31115;1.954
35574;47358;2.135
29177;49360;2.011
6762;8660;2.783
196983;44512;1.616
29286;31033;1.663
29177;49367;2.008
29286;31034;2.020
44512;62007;1.362
30848;3269;1.700
31033;8261;1.122
20912;3313;1.923
196865;31319;1.592
49360;50507;1.839
31033;8265;1.666
30848;42957;1.761
29449;48815;1.746
31115;43843;1.942
15589;41606;2.341
196865;49605;1.528
20746;20942;1.084
44787;47902;1.094
12481;8261;1.418
20836;51580;1.939
16076;49360;1.856
12481;8265;1.837
12850;41606;2.139
62007;6762;2.758
31611;3269;1.649
16076;49367;1.864
20836;62007;1.915
48500;6762;2.782
60409;6734;1.644
29177;48500;1.729
21056;21101;2.040
20746;28716;2.068
196865;196983;1.431
2594;3302;2.070
44512;51580;1.531
6734;8968;2.069
20912;44942;1.468
20942;29177;1.667
41606;9026;1.626
31686;47902;1.316
12779;31686;2.344
31263;31319;1.777
21333;43843;1.672
28716;60409;2.105
20811;6734;2.147
29449;39636;1.972
42425;8660;1.500
31263;49605;1.776
31611;45015;1.583
47902;8261;1.348
3313;8968;2.146
41606;5602;1.873
16076;48500;1.481
137;51580;1.970
47902;8265;1.496
3313;42425;1.890
3269;50891;1.185
44787;9026;1.826
28716;47242;2.357
137;62007;1.938
2594;29177;1.583
12835;31263;1.707
202056;31263;1.683
20746;20959;0.990
12637;137;2.403
20959;25002;1.597
49367;49605;1.928
2594;3313;1.823
31034;8660;1.873
1267;6734;2.626
21309;43843;2.126
21056;25002;2.053
49360;6734;2.054
44512;8660;1.500
31263;8612;1.890
12835;35612;1.952
12779;8612;2.529
202056;35612;1.918
39636;57394;1.404
12779;35574;2.530
12835;35617;1.694
202056;35617;1.771
29449;44942;1.793
15668;196753;1.574
39636;60501;1.498
31495;44512;1.739
16210;42425;1.313
44787;5602;1.828
44787;47927;1.763
15589;31115;2.460
31611;41606;1.548
21101;42425;1.750
12850;31115;2.262
202056;3269;1.655
35617;51580;1.594
196753;21309;1.991
44942;5392;1.914
44942;5394;2.048
35574;8261;2.075
44942;5396;2.043
44942;5397;1.640
35574;8265;2.167
21101;8968;2.083
35617;62007;1.518
15589;42957;2.398
20959;50891;1.309
12637;31686;2.096
31686;47927;1.817
12850;42957;2.118
20836;31033;1.883
39636;44787;1.628
20836;31034;1.900
28716;8660;2.152
12637;35574;2.247
15589;9026;2.490
12481;31495;1.791
25002;31611;1.634
35617;9026;1.749
21056;50891;1.982
12779;57394;2.261
30848;8968;2.189
12835;8612;1.961
12779;60501;2.362
13253;31495;1.620
60409;6762;2.765
34695;49605;1.957
20811;31611;2.202
39636;47358;2.047
31611;8968;2.118
42957;57394;1.244
15668;42425;1.576
20811;21101;2.106
1267;31495;2.626
16076;21056;1.975
137;31033;1.930
137;31034;2.091
48500;57394;1.232
31319;50507;1.596
42957;60501;1.345
13253;3302;2.084
20811;6762;2.889
35574;50507;2.029
21056;6734;2.096
31115;34695;2.131
30848;31611;1.539
48500;60501;1.532
43843;47902;1.619
42957;6734;1.760
15589;5602;2.498
12779;44787;2.333
12637;57394;1.979
12874;51580;2.518
35617;5602;2.015
2597;62007;1.700
15589;2594;2.302
12637;60501;2.142
15589;2597;2.427
28716;43843;2.278
12874;62007;2.487
57394;8660;1.080
16210;29286;1.582
15668;5392;2.019
51580;8612;1.868
3313;45015;1.801
12779;30848;2.467
1267;6762;3.061
15668;5394;2.161
12445;15589;2.331
15668;5396;2.170
15668;5397;1.789
196865;21309;1.815
42957;44787;1.418
3269;35574;2.154
8968;9026;2.233
49360;6762;2.889
21333;34695;2.036
12874;8261;2.520
16210;45015;1.239
12779;47358;2.396
12874;8265;2.553
29286;49360;2.040
20912;29177;1.640
12445;31319;1.594
13253;3313;1.820
12874;196753;2.577
29286;49367;1.947
16076;16210;1.303
8265;9026;1.952
31611;42957;1.677
2597;51580;1.832
47242;51580;1.920
31686;8612;1.578
47242;62007;1.827
12637;44787;2.062
42957;47358;1.952
47927;50891;1.779
35612;62007;1.881
47358;62007;1.823
196983;31495;1.855
21309;34695;2.285
196753;21333;1.336
20959;3302;2.123
49360;49605;1.727
202056;8968;2.000
29286;48500;1.785
21101;29286;1.795
16210;8612;1.747
12637;30848;2.319
31034;31263;1.938
3302;48815;2.120
12779;29449;2.485
29177;30722;1.644
20811;25002;2.214
12637;47358;2.048
20746;5392;1.898
20746;5394;2.048
12445;49605;1.560
21101;45015;1.576
20746;5396;1.994
20746;5397;1.661
196753;48815;1.335
48815;9026;1.628
3313;41606;1.820
25002;5392;2.069
25002;5394;2.168
25002;5396;2.083
25002;5397;1.723
35612;51580;1.938
47358;51580;1.794
2594;51580;1.367
31034;35612;2.059
20959;31686;0.990
43843;47927;2.097
31034;35617;1.955
16076;30722;1.392
50507;8261;1.320
20959;35574;2.119
31033;31263;1.634
2594;62007;1.321
50507;8265;1.698
41606;48815;1.092
3302;39636;2.264
29286;8612;1.948
21056;31686;1.976
30722;62007;1.314
3302;44942;2.148
20942;51580;1.531
20959;3313;1.810
15589;31611;2.409
29177;60409;1.583
12445;6734;1.662
196753;39636;1.713
8261;8968;1.937
31263;8660;1.719
5396;5397;2.060
25002;50891;1.533
20942;62007;1.362
2597;31033;1.726
12637;29449;2.170
2597;31034;1.948
12850;31611;2.292
196753;44942;1.360
3269;57394;1.089
12779;8660;2.359
13180;31263;1.636
15668;29286;1.810
31033;35612;1.907
12874;31033;2.511
12874;31034;2.702
21056;6762;2.797
3269;44787;1.438
31033;35617;1.398
16210;41606;0.931
3269;60501;1.348
12779;20811;2.531
20836;49360;2.070
48815;5602;1.927
15668;45015;1.379
42957;6762;2.776
20836;49367;2.055
196983;6734;1.721
20811;50891;2.065
30722;51580;1.436
16076;60409;1.217
44512;49360;1.910
13180;35612;1.938
13180;35617;1.288
44512;49367;1.941
21056;35574;2.242
20959;57394;0.925
196865;21333;1.092
30848;50891;1.700
20746;44512;1.084
15589;21101;2.430
39636;50507;1.542
20959;60501;1.206
3269;5392;1.955
12637;9026;2.221
29177;47242;1.991
3269;5394;2.108
20836;48500;1.976
3269;5396;2.055
12850;21101;2.286
3269;5397;1.722
137;49360;2.206
137;49367;2.140
21101;41606;1.672
12637;20811;2.332
12835;29050;1.391
12835;8660;1.543
21309;8261;1.897
28716;34695;2.375
44512;48500;1.429
41606;44942;1.059
21309;8265;2.058
29449;8261;1.807
13180;9026;1.626
16076;47242;1.847
29449;8265;1.846
3269;47358;1.774
29050;44512;1.593
15668;41606;1.428
3313;42957;1.893
12481;42425;1.332
20959;44787;1.206
137;48500;1.967
21056;57394;1.838
13253;42425;1.180
2594;31033;1.340
2594;31034;1.647
196865;48815;1.092
3302;9026;2.355
15589;25002;2.424
137;8261;1.955
12779;50507;2.323
12637;5602;2.269
21056;60501;1.954
137;8265;2.045
20959;30848;1.585
30722;31033;1.330
30722;31034;1.861
12850;25002;2.334
202056;29050;1.529
12779;20836;2.474
16210;31115;1.377
1267;42425;2.537
20942;31033;1.084
20942;31034;1.853
12850;13253;2.139
35617;49360;1.977
35617;49367;2.068
42957;50507;1.456
20811;3302;2.430
12637;1267;2.676
51580;8660;1.399
49605;50891;1.528
13180;5602;1.873
16210;42957;1.345
48500;50507;1.538
12445;6762;2.788
47927;5392;2.158
31263;48815;1.634
196865;39636;1.653
47927;5394;2.126
13180;2594;1.330
47927;5396;2.189
47927;5397;1.806
13180;2597;1.751
196865;44942;1.059
21101;42957;1.766
21056;44787;1.901
39636;6734;1.770
12481;12779;2.398
29286;30722;1.740
196983;42425;1.616
31686;8660;1.398
12835;47902;1.291
12637;50507;2.074
47927;57394;1.661
12637;2594;2.095
3302;5602;2.087
20959;47358;1.911
12637;2597;2.222
49367;6734;1.866
196983;6762;2.793
35617;48500;1.598
25002;31686;1.546
29177;43843;1.856
1267;3302;2.749
12637;20836;2.292
31319;49605;1.493
21056;30848;2.088
47927;60501;1.869
21101;31115;1.901
35574;49605;2.024
25002;35574;2.076
12445;21309;1.882
15589;50891;2.341
21056;47358;2.220
12850;50891;2.139
31263;39636;1.894
20811;3313;2.283
20836;21056;2.155
20811;31686;2.075
31263;44942;1.631
5602;62007;1.913
16210;8660;1.323
20912;51580;1.441
20811;35574;2.240
16076;43843;1.759
20912;62007;1.437
15668;3269;1.581
12481;29286;1.865
2597;49360;2.119
202056;47902;1.316
2597;49367;1.808
29177;5392;2.006
12874;49360;2.591
20959;29449;1.871
15668;42957;1.596
30848;31686;1.591
29177;5394;2.161
29177;5396;2.152
12481;45015;1.512
29177;5397;1.800
12874;49367;2.690
1267;3313;2.586
13253;29286;1.683
30848;35574;2.266
13253;202056;1.515
21056;29449;2.145
137;21056;2.107
1267;12779;2.819
13253;45015;1.333
20942;9026;1.680
29286;8660;1.622
15668;31115;1.738
1267;29286;2.614
41606;8261;1.076
25002;57394;1.338
41606;8265;1.672
25002;60501;1.591
1267;45015;2.528
29286;60409;1.669
47242;49360;2.209
12874;48500;2.536
43843;6734;1.959
44787;8261;1.350
196753;29177;1.703
44787;8265;1.599
47242;49367;1.983
29449;51580;1.803
12835;137;1.966
35612;49360;2.251
29286;47242;1.802
35612;49367;2.099
20746;3269;1.089
12835;47927;1.702
29449;62007;1.826
47902;47927;1.666
34695;48815;2.036
137;196865;1.943
25002;3269;1.678
50507;62007;1.224
5394;8612;2.294
31495;42425;1.739
30848;57394;1.478
31611;50891;1.548
137;16210;1.954
12850;8612;2.336
25002;44787;1.476
2597;48500;1.892
20942;5602;1.960
47242;48500;1.955
30848;60501;1.613
3269;50507;1.451
20836;9026;2.162
20942;2594;1.490
20942;2597;1.814
39636;6762;2.840
20811;57394;1.924
47358;49360;1.766
34695;39636;2.190
50507;51580;1.368
44942;8968;1.922
25002;30848;1.818
20811;44787;2.084
2594;49360;1.817
47358;49367;2.228
196983;202056;1.795
202056;47927;1.878
12835;20912;1.390
34695;44942;2.009
20811;60501;2.038
196865;9026;1.626
202056;20912;1.482
49367;6762;2.785
2594;49367;1.797
20836;30722;2.008
30722;49360;1.917
196753;8612;1.810
12445;21333;1.105
196983;29286;1.673
30722;49367;1.929
20912;31033;1.458
20912;31034;1.606
20746;31495;1.606
12481;41606;1.323
20942;49360;1.910
31686;44512;1.084
20811;30848;2.269
21056;3302;2.261
31115;31263;1.869
34695;9026;2.211
196983;45015;1.639
16210;31611;1.516
20942;49367;1.941
30848;44787;1.617
20912;9026;1.902
16210;21101;1.575
12445;48815;1.104
13253;41606;0.910
35612;48500;1.892
34695;5602;2.228
47358;48500;1.781
15589;8261;2.335
51580;62007;1.352
13180;29050;1.452
15589;31686;2.370
15589;8265;2.476
2594;48500;1.563
35617;8261;1.351
12874;13180;2.500
20912;5602;1.909
35612;9026;2.111
12850;31686;2.174
35617;8265;1.872
20836;5602;2.113
137;30722;2.053
16076;20746;1.230
29177;34695;2.167
31115;35612;2.118
1267;41606;2.506
15668;8968;1.828
31115;35617;1.349
25002;47358;1.874
20836;60409;1.883
20836;2594;1.815
29050;31495;1.589
35612;5602;2.224
20836;2597;2.053
12779;15589;2.652
39636;49605;1.739
21333;31263;1.634
20942;48500;1.429
49605;9026;1.840
196865;5602;1.873
20836;47242;2.121
20959;50507;1.254
49605;57394;1.333
44512;60409;1.211
12445;39636;1.656
21056;3313;2.090
20811;47358;2.292
12874;21056;2.641
12445;44942;0.910
49605;60501;1.567
16076;34695;2.097
21101;31611;1.578
29449;31033;1.746
21056;50507;1.929
29449;31034;1.989
44512;47242;1.953
21333;35612;1.907
12874;16210;2.452
196983;41606;1.431
21333;35617;1.398
15589;35574;2.489
43843;6762;2.769
30722;48500;1.563
31495;6734;1.934
137;60409;1.927
196865;29177;1.568
20912;2594;1.330
21309;31263;2.084
12850;35574;2.464
20912;2597;1.814
30848;47358;2.073
42425;47902;1.468
25002;29449;1.857
2594;9026;1.875
31033;47902;1.316
47242;8612;1.963
12637;15589;2.501
8612;8660;1.796
12445;3302;2.148
12779;31319;2.396
20746;8968;1.915
29286;43843;1.803
31034;47902;1.607
12835;196865;1.479
196865;2594;1.329
196865;2597;1.751
49605;5602;1.889
12779;49605;2.356
25002;8968;2.091
30722;5392;1.961
30722;5394;2.108
20811;29449;2.256
30722;5396;2.095
21309;35612;2.205
30722;5397;1.748
45015;6734;1.678
12481;31115;1.563
21309;35617;1.939
13180;47902;1.291
16210;25002;1.592
196983;3302;2.206
1267;196865;2.506
31495;45015;1.499
13253;31115;1.345
15668;31611;1.804
42957;49605;1.687
21101;25002;1.862
12481;42957;1.686
6734;8612;2.023
15589;57394;2.254
137;47242;2.115
15668;21101;1.793
12835;20942;1.601
48500;49605;1.615
202056;20942;1.651
3313;50891;1.821
5396;8968;2.288
12850;57394;2.090
1267;31115;2.572
15589;60501;2.350
2594;5602;1.942
12445;3313;1.830
13253;42957;1.393
12637;31319;2.092
12850;60501;2.134
12835;28716;2.218
202056;28716;2.231
35617;60409;1.295
3313;8612;2.081
12637;49605;2.008
2594;2597;1.606
12445;12637;2.086
1267;42957;2.623
48815;8261;1.122
48815;8265;1.666
2597;5392;1.943
3302;62007;2.098
2597;5394;2.232
196983;3313;1.860
28716;31263;2.262
2597;5396;2.087
2597;5397;1.964
47927;50507;1.806
31611;31686;1.516
20942;21056;2.052
2597;30722;1.822
31611;35574;2.150
196753;62007;1.420
42425;47927;1.878
15589;44787;2.334
12874;30722;2.535
12835;20959;1.608
16210;50891;0.931
202056;20959;1.540
31033;47927;1.817
12850;44787;2.168
15668;25002;1.777
12445;16076;1.206
5394;8660;2.086
31034;47927;1.957
196983;42957;1.628
3302;51580;2.121
20912;49360;1.773
15589;30848;2.457
35617;47242;2.061
12850;8660;2.199
20836;43843;2.042
20912;49367;1.962
12850;30848;2.321
43843;44512;1.768
15589;47358;2.452
196753;51580;1.530
13180;47927;1.779
12850;47358;2.416
57394;60501;0.930
196983;31115;1.642
31495;6762;2.782
20746;42425;1.084
31319;48815;1.594
12874;60409;2.504
31495;41606;1.620
12835;15668;1.685
21101;8612;1.974
35574;48815;2.095
3269;49605;1.629
3269;8968;2.003
196753;8660;1.529
31611;57394;1.312
28716;35612;2.377
41606;51580;1.323
20912;48500;1.612
29177;3269;1.672
21101;50891;1.672
25002;50507;1.535
28716;35617;2.160
137;43843;2.141
13253;9026;1.626
31611;60501;1.516
41606;62007;1.225
45015;6762;2.752
30848;8612;2.050
15589;29449;2.440
15668;50891;1.428
13180;20912;1.443
29050;42425;1.593
20811;50507;1.928
12850;29449;2.368
29449;49360;1.964
31319;39636;1.838
2597;60409;1.732
47242;60409;1.863
20811;20836;2.283
29449;49367;2.140
35574;39636;2.237
44942;47902;1.331
31611;8612;2.031
2597;47242;1.891
2594;30722;1.360
29286;34695;2.167
13180;8261;1.077
47927;8968;2.315
196753;202056;1.574
12874;47242;2.598
13180;8265;1.673
30848;50507;1.661
31611;44787;1.471
5397;6734;1.926
12637;8261;2.087
20942;30722;1.465
196753;31033;1.335
196753;31034;1.783
12637;8265;2.157
13253;5602;1.873
29449;48500;1.784
50891;51580;1.323
12445;29177;1.562
20959;31319;1.634
13253;2594;1.329
13253;2597;1.751
12481;196753;1.632
50891;62007;1.225
31495;42957;1.741
31319;44942;1.594
20959;49605;1.639
31611;47358;1.849
12779;21309;2.478
35617;43843;1.903
12481;31611;1.719
35612;60409;1.902
35574;44942;2.062
47358;60409;1.666
15589;20811;2.403
45015;47902;1.239
31033;5392;1.898
196865;62007;1.225
31033;5394;2.048
2594;60409;1.321
21056;31319;1.928
31033;5396;1.994
12481;21101;1.863
31033;5397;1.661
20959;9026;1.850
12850;20811;2.339
47242;8660;1.894
35612;47242;2.062
12481;5392;1.981
13253;31611;1.548
12481;5394;2.149
31319;6734;1.879
12481;5396;2.118
12481;5397;1.772
2594;47242;1.754
20959;5602;1.935
13253;21101;1.672
20942;60409;1.211
62007;9026;1.784
1267;31611;2.597
48500;9026;1.626
13253;196983;1.431
3313;35574;2.285
3302;8261;2.160
16210;31686;1.247
3302;8265;2.206
20942;47242;1.953
16210;35574;2.133
196865;51580;1.323
31263;62007;1.678
12637;21309;2.363
20912;21056;2.001
60409;60501;1.288
47902;5392;1.892
47902;5394;2.034
44942;47927;1.799
202056;8612;1.876
6734;8660;1.648
47902;5396;1.911
47902;5397;1.482
21056;49605;1.950
21333;29050;1.473
30722;60409;1.319
50891;6734;1.659
49605;50507;1.543
20746;29286;1.663
30722;47242;1.962
16076;6734;1.704
49367;62007;1.806
20836;34695;2.163
3313;8660;1.735
29177;8968;2.077
20959;2594;1.325
20746;45015;1.158
20959;2597;1.734
12481;13253;1.323
31263;51580;1.605
12874;43843;2.518
1267;21101;2.632
137;20746;1.930
15668;202056;1.655
13180;20942;1.181
21101;31686;1.626
30722;3269;1.468
48500;5602;2.001
3313;57394;1.654
21309;29050;2.042
21101;35574;2.211
15589;50507;2.281
13180;28716;2.037
29050;29286;1.799
39636;48815;1.628
3313;60501;1.815
12850;50507;2.128
15589;20836;2.427
45015;47927;1.895
49367;51580;1.943
1267;13253;2.506
8261;8612;1.814
12481;25002;1.729
12850;20836;2.355
29050;45015;1.489
137;34695;2.332
31115;47902;1.638
20942;8261;1.225
196983;31611;1.751
20942;8265;1.765
2597;43843;2.017
47927;49605;1.702
196983;21101;1.795
5397;6762;2.831
13253;25002;1.532
35612;43843;2.170
196865;31033;1.092
196865;31034;1.759
35574;5392;2.343
35574;5394;2.314
35574;5396;2.235
35574;5397;2.056
13180;20959;1.309
1267;25002;2.637
12779;21333;2.344
31115;6734;1.886
3313;44787;1.773
16210;57394;0.931
21333;47902;1.316
15668;31686;1.515
16210;44787;1.191
2597;3269;1.817
16210;60501;0.931
21101;57394;1.425
21101;8660;1.738
15668;35574;2.156
12779;48815;2.344
31319;6762;2.773
34695;62007;2.051
21101;60501;1.574
3302;49360;2.316
16210;30848;1.613
3313;47358;2.164
29177;31263;1.762
31495;3302;2.051
3302;49367;2.285
20836;8261;1.938
2594;43843;1.704
20912;30722;1.516
60409;9026;1.603
30848;8660;1.814
20836;8265;1.968
12835;44512;1.601
12481;50891;1.324
196983;25002;1.840
202056;44512;1.651
12874;202056;2.569
30722;43843;1.748
21309;47902;1.931
25002;31319;1.657
13180;15668;1.429
20746;41606;1.092
42957;48815;1.462
39636;44942;1.656
25002;49605;1.632
196865;8261;1.076
12637;21333;2.096
196865;8265;1.672
13253;50891;0.911
48500;48815;1.295
20942;43843;1.768
31611;8660;1.676
34695;51580;2.017
12779;39636;2.438
20811;9026;2.302
29177;35612;1.986
16076;31263;1.672
50891;6762;2.781
31611;50507;1.550
29177;35617;1.770
21101;44787;1.645
20811;31319;2.194
1267;50891;2.506
60501;62007;1.148
34695;8261;2.019
20811;49605;2.122
34695;8265;2.088
12637;48815;2.096
31115;47927;1.957
20959;21309;1.870
16076;6762;2.807
15668;57394;1.202
20912;8261;1.483
20912;8265;1.591
29050;41606;1.452
20912;60409;1.416
16210;47358;1.884
31495;3313;1.962
21101;30848;1.682
15668;60501;1.316
196753;49360;1.971
28716;29050;2.269
31686;42425;1.084
16076;35612;1.929
35612;8261;1.974
31495;31611;1.732
30848;31319;1.837
196753;49367;1.936
35612;8265;1.964
12874;5392;2.632
16076;35617;1.536
12874;5394;2.558
20912;47242;1.942
1267;9026;2.604
12874;5396;2.735
30848;49605;1.776
60501;8968;1.882
12874;5397;2.564
12445;62007;1.275
12874;20746;2.511
29449;30722;1.856
30722;8968;1.987
49605;8261;1.575
196983;50891;1.431
12779;44942;2.335
49605;8265;1.539
21333;47927;1.817
12637;39636;2.246
41606;49360;1.811
3302;48500;2.204
5602;60409;1.947
41606;49367;1.883
20811;5602;2.354
49360;51580;1.815
196753;48500;1.607
12874;34695;2.640
15668;44787;1.402
50507;5392;1.902
49360;62007;1.879
50507;5394;1.976
20746;42957;1.462
50507;5396;2.025
16210;29449;1.858
50507;5397;1.615
12445;51580;1.434
42957;44942;1.527
21056;21309;2.197
21101;47358;2.090
49360;9026;2.072
21309;47927;2.181
29449;60409;1.718
15668;30848;1.903
31115;6762;2.848
2594;8261;1.363
20746;31115;1.450
41606;48500;1.389
1267;5602;2.663
2594;8265;1.631
50507;60409;1.294
15668;47358;2.050
49360;5602;2.135
202056;8660;1.592
29449;47242;2.124
1267;2594;2.468
12637;44942;2.086
1267;2597;2.638
2597;34695;2.260
12445;196865;1.059
29050;42957;1.659
2597;8968;2.002
20811;2594;2.015
31033;3269;1.089
20811;2597;2.125
28716;47902;2.153
12481;3269;1.346
21101;29449;1.971
44787;45015;1.186
29050;31115;1.759
196865;49360;1.811
196865;49367;1.883
12779;16076;2.402
16210;20811;2.038
3269;48815;1.089
12481;31686;1.275
8261;8660;1.436
12481;35574;2.188
31686;45015;1.158
12850;15589;2.588
20959;21333;0.990
21309;5392;2.129
12445;31033;1.104
12445;31034;1.791
21309;5394;2.244
15589;31319;2.398
12481;137;2.065
13253;31686;1.092
21309;5396;2.299
21309;5397;2.087
2594;34695;2.084
12850;31319;2.328
13253;35574;2.065
31263;49360;2.034
31263;49367;2.062
1267;31686;2.526
42425;44512;1.084
3313;50507;1.811
3269;39636;1.736
29286;31263;1.888
20942;34695;2.084
3269;44942;1.216
15668;29449;1.953
12637;16076;2.138
12779;137;2.541
31034;44512;1.853
20912;43843;1.773
21056;9026;2.156
137;5392;2.191
137;5394;2.303
196753;21056;2.049
137;5396;2.278
137;5397;2.080
29050;6734;1.809
42957;9026;1.918
21056;5602;2.194
15668;20811;2.112
31495;50891;1.620
15589;49605;2.347
51580;60409;1.392
29449;5392;2.112
29449;5394;2.193
196865;48500;1.389
12481;57394;1.266
196753;196983;1.712
29449;5396;2.134
30722;34695;2.131
29449;5397;1.869
44942;8612;1.801
42957;5602;1.983
12850;49605;2.251
21056;21333;1.977
28716;47927;2.290
20959;48815;0.990
12481;60501;1.582
31033;44512;1.084
1267;35574;2.624
20811;21309;2.289
16210;50507;1.201
31319;3302;2.080
16210;20836;1.937
21056;48815;1.976
12779;196753;2.439
31263;48500;1.813
13253;8261;1.076
29286;35612;2.128
13180;44512;1.181
13253;8265;1.672
12779;29177;2.413
35574;62007;2.094
29286;35617;1.872
12835;31495;1.653
202056;31495;1.651
29449;43843;2.026
21333;28716;2.068
21056;2594;1.909
196983;31686;1.579
21056;2597;2.072
20959;39636;1.616
47358;6734;2.003
31686;41606;1.092
12481;44787;1.540
15668;8612;1.784
20959;44942;1.333
196983;35574;2.226
31033;8968;1.915
13253;57394;0.910
12481;8968;2.091
21056;39636;2.042
196753;30722;1.530
13253;44787;1.244
13253;60501;0.930
12445;9026;1.660
12481;30848;1.770
31319;3313;1.902
31319;51580;1.595
21101;50507;1.537
1267;57394;2.455
34695;49360;1.968
15668;196983;1.689
35574;51580;2.037
21309;28716;2.156
34695;49367;2.282
1267;44787;2.527
31319;62007;1.570
1267;60501;2.600
13253;30848;1.699
196865;21056;1.982
15668;50507;1.438
5392;6734;1.836
20746;31611;1.516
12637;29177;2.226
196983;9026;1.930
15668;20836;2.027
21333;6734;1.638
20746;21101;1.626
3302;60409;2.122
1267;30848;2.696
47902;8968;1.904
31611;49605;1.554
12445;1267;2.494
41606;5392;1.879
41606;5394;2.035
41606;5396;2.016
41606;5397;1.595
21056;44942;1.996
5602;6734;2.086
196983;57394;1.420
20746;8612;1.578
25002;8612;2.000
16076;3302;2.157
20959;8261;1.351
20836;31263;2.037
12481;47358;1.823
196983;60501;1.430
20959;8265;1.780
29050;31611;1.574
12445;5602;1.966
12874;3269;2.539
47927;48815;1.817
29050;6762;2.847
12445;2594;1.346
62007;8261;1.292
12445;2597;1.756
13253;47358;1.689
62007;8265;1.638
48500;8261;1.404
48500;8265;1.711
43843;45015;1.670
20836;35612;2.121
196983;5602;1.967
20836;35617;2.050
1267;47358;2.571
3302;47242;2.297
5396;8612;2.166
196753;60409;1.364
20746;25002;1.546
34695;48500;2.102
20811;21333;2.075
196983;2594;1.686
196983;2597;1.869
137;31263;2.043
31495;31686;1.606
196983;44787;1.568
20912;34695;1.997
196753;47242;1.897
16076;3313;1.815
44787;5392;1.904
16076;29050;1.366
31495;35574;2.067
12481;29449;1.855
44787;5394;2.030
44787;5396;1.978
44787;5397;1.568
31686;42957;1.462
35574;8968;2.354
41606;60409;0.997
42425;6734;1.713
49360;49367;2.218
196983;30848;1.827
13253;29449;1.746
137;35612;2.143
12481;20811;2.216
31115;3302;2.220
137;35617;2.084
12445;49360;1.829
196983;47358;1.989
41606;47242;1.881
47358;6762;2.877
12445;49367;1.886
1267;29449;2.543
25002;48815;1.546
30848;48815;1.591
196865;30722;1.327
31034;6734;2.021
15589;21309;2.502
12874;196983;2.535
12850;21309;2.249
44512;6734;1.713
20811;48815;2.075
39636;9026;1.952
31495;57394;1.380
29449;34695;2.162
12445;48500;1.388
29177;47902;1.511
5392;6762;2.832
31495;60501;1.594
25002;39636;1.870
31115;3313;2.016
21333;6762;2.780
44942;8660;1.420
25002;44942;1.557
50891;60409;0.998
13253;20811;2.065
3269;8612;1.621
31034;31495;1.820
5602;6762;2.842
15589;5392;2.495
29050;50891;1.452
16076;47902;1.285
15589;5394;2.406
20811;39636;2.018
15589;5396;2.502
15589;5397;2.367
39636;51580;1.711
35617;5392;2.023
1267;20811;2.648
35617;5394;2.165
12835;42425;1.601
20811;44942;2.063
202056;42425;1.651
35617;5396;2.162
35617;5397;1.780
3302;43843;2.216
20746;50891;1.092
39636;62007;1.589
3313;49605;1.896
16210;31319;1.640
31495;44787;1.387
28716;6734;2.209
12874;8968;2.729
49367;9026;2.154
39636;5602;2.067
12445;13180;1.060
196983;29449;1.873
16210;49605;1.567
30848;39636;1.769
60409;8261;1.139
31033;31495;1.606
30848;44942;1.700
60409;8265;1.645
12481;20836;2.005
15668;8660;1.510
21309;3269;1.899
20959;29177;1.592
196865;60409;0.997
47927;8612;2.201
196983;20811;2.100
29449;3269;1.803
2597;31263;1.920
20811;8261;2.077
196865;47242;1.881
20811;8265;2.257
13180;31495;1.620
12874;31263;2.538
21056;29177;2.017
49367;60409;1.865
12779;51580;2.345
196753;43843;1.799
42425;6762;2.804
12481;50507;1.603
12779;62007;2.327
137;3269;2.021
29177;47927;1.974
21101;31319;1.846
2597;35612;2.044
2597;35617;1.953
49367;5602;2.228
21101;49605;1.743
31263;60409;1.679
12874;35612;2.661
13253;50507;1.315
1267;8261;2.494
12874;35617;2.580
42957;51580;1.542
1267;8265;2.629
41606;43843;1.713
31263;47242;1.998
13253;20836;1.895
31495;47358;1.956
57394;6734;1.429
20746;8660;1.398
15589;21333;2.370
48500;51580;1.570
42957;62007;1.244
31115;44512;1.503
31034;6762;2.874
1267;50507;2.504
50507;8968;1.852
25002;8660;1.671
16076;47927;1.828
12445;21056;1.996
12850;21333;2.174
16076;20912;1.319
43843;9026;2.078
48500;62007;1.472
1267;20836;2.659
44512;6762;2.804
12445;16210;1.329
12637;51580;2.067
15589;48815;2.370
43843;5602;2.075
12835;29286;1.760
12850;48815;2.174
12637;62007;2.131
35612;35617;2.108
49360;8261;1.839
21333;44512;1.085
15668;31319;1.734
49360;8265;1.888
5396;8660;2.098
196983;50507;1.586
15668;49605;1.751
48815;5392;1.898
48815;5394;2.048
31319;49360;1.804
48815;5396;1.994
48815;5397;1.661
196983;20836;2.068
35574;49360;2.086
31319;49367;2.029
2594;31263;1.574
29177;8612;1.968
35574;49367;2.318
15589;39636;2.375
30722;31263;1.731
13180;196865;0.911
12850;39636;2.285
202056;29286;1.833
28716;6762;2.894
20942;31263;1.715
21309;44512;1.896
12835;45015;1.555
20746;31686;0.910
202056;45015;1.427
29286;47902;1.686
2594;35612;1.871
2594;35617;1.633
20746;35574;2.095
12445;30722;1.372
31319;48500;1.683
30722;35612;2.017
35574;48500;2.157
30722;35617;1.624
29050;3302;2.124
21309;8968;2.274
12779;31033;2.344
12779;31034;2.512
20942;35612;2.017
29449;8968;2.235
20942;35617;1.453
34695;60409;1.994
15589;44942;2.331
12850;196753;2.238
3269;62007;1.369
31495;9026;2.021
29050;31686;1.473
196865;43843;1.713
12850;44942;2.218
34695;47242;2.331
29050;35574;2.064
31034;42425;1.853
196753;20746;1.335
31611;48815;1.516
137;8968;2.244
25002;29177;1.744
12637;5392;2.277
12481;202056;1.724
12637;5394;2.269
3269;8660;1.503
12637;5396;2.197
16210;196753;1.390
12637;5397;2.037
3302;34695;2.368
57394;6762;2.714
20836;29050;1.860
12835;41606;1.479
29050;3313;1.935
20746;57394;0.910
16210;21309;1.809
3269;51580;1.535
21056;8261;2.010
12637;31033;2.096
21056;8265;2.081
12637;31034;2.220
31263;6734;1.942
16076;20942;1.375
31263;43843;1.839
196753;34695;2.169
20746;60501;1.247
31033;42425;1.084
42957;8261;1.542
12779;6734;2.400
20811;29177;2.194
42957;8265;1.778
44787;50891;1.245
49360;60409;1.796
28716;44512;2.108
31611;39636;1.703
13180;5392;1.879
16076;28716;2.165
13180;5394;2.035
13180;5396;2.016
31495;5602;1.938
13180;5397;1.596
12445;60409;1.122
29050;57394;1.215
13180;42425;1.181
29286;47927;2.019
137;29050;1.988
45015;9026;1.906
12445;47242;1.883
47927;8660;1.883
202056;41606;1.515
31686;50891;1.092
29050;60501;1.507
20836;47902;1.777
3302;5392;2.373
20959;62007;1.203
3302;5394;2.436
3302;5396;2.259
15589;16076;2.365
3302;5397;2.147
20746;44787;1.285
45015;5602;1.927
21101;21309;2.046
12850;16076;2.215
31495;50507;1.589
21333;3302;2.120
16076;20959;1.335
21056;62007;1.938
44512;47902;1.468
15589;3269;2.402
31611;44942;1.549
20746;30848;1.591
60501;8612;1.747
12835;6734;1.785
12481;15589;2.433
30722;8612;1.857
12637;196753;2.181
20959;51580;1.370
29050;44787;1.345
12481;31319;1.751
12445;8261;0.929
13253;15589;2.341
16076;196865;1.231
39636;49360;2.058
12445;8265;1.701
12481;49605;1.706
21056;51580;1.978
39636;49367;1.930
51580;6734;1.745
13253;31319;1.592
21333;3313;1.807
29050;30848;1.799
1267;15589;2.737
41606;8968;1.901
29050;47358;1.712
196983;8261;1.650
15668;21309;1.943
196983;8265;1.855
1267;31319;2.508
31686;6734;1.638
20746;47358;1.705
20912;31263;1.700
196865;20746;1.092
12835;42957;1.681
202056;42957;1.652
44787;8968;1.878
34695;43843;2.227
137;47902;1.863
42425;45015;1.315
12445;12835;1.505
31115;31495;1.886
39636;48500;1.709
2597;8612;1.963
16210;21333;1.247
31034;45015;1.783
20836;47927;2.072
12835;31115;1.694
202056;31115;1.815
13180;29286;1.684
31263;6762;2.807
16210;6734;1.620
20912;35612;1.967
29177;8660;1.634
12779;49360;2.411
13253;49605;1.528
196865;34695;2.001
3313;48815;1.807
20912;35617;1.708
12779;6762;2.944
12779;49367;2.483
44512;47927;1.878
15589;29177;2.402
47927;62007;1.839
21333;31495;1.606
20959;31033;0.990
1267;49605;2.512
20959;31034;1.856
20746;29449;1.746
15589;196753;2.426
20942;5392;1.949
20942;5394;2.106
20942;5396;2.054
12850;29177;2.224
31034;3302;2.154
20942;5397;1.717
42957;49360;2.005
31033;45015;1.158
42957;49367;1.931
21056;31033;1.976
2597;29050;1.822
21056;31034;2.080
48500;49360;1.932
29449;31263;1.978
20746;20811;2.075
20836;20912;1.860
48500;49367;1.992
12874;29050;2.595
12779;48500;2.383
29286;6734;1.727
31263;34695;2.183
3313;39636;1.992
21101;21333;1.626
12445;43843;1.743
35617;47902;1.589
196983;31319;1.814
47927;51580;1.774
21309;31495;2.068
13180;45015;1.333
29050;29449;1.783
12637;49360;2.003
43843;50891;1.713
16210;48815;1.247
196983;49605;1.733
12637;49367;2.304
29449;35612;2.119
42957;48500;1.652
31686;35574;2.095
21101;48815;1.626
15589;8968;2.533
29449;35617;1.905
12835;6762;2.810
34695;5392;2.269
31034;3313;2.103
35617;8968;2.065
34695;5394;2.191
12445;12850;2.218
34695;5396;2.330
34695;5397;1.998
31319;9026;1.936
20912;5392;1.976
20912;5394;2.119
137;47927;2.180
20912;5396;1.991
5397;9026;1.967
20912;5397;1.591
20836;5392;2.206
137;20912;1.967
20836;5394;2.287
20836;5396;2.057
20836;5397;1.969
12874;47902;2.513
28716;3302;2.434
25002;62007;1.565
35612;5392;2.212
3313;44942;1.830
31319;60409;1.561
35612;5394;2.375
12637;48500;2.147
5397;5602;1.967
51580;6762;2.794
35612;5396;2.233
31033;41606;1.092
39636;8261;1.672
35612;5397;2.115
16210;39636;1.498
35574;60409;2.062
196865;5392;1.879
39636;8265;1.789
44787;57394;0.925
196865;5394;2.035
196865;5396;2.016
16210;44942;1.329
196865;5397;1.595
31319;47242;2.000
31034;41606;1.759
21101;39636;1.646
15668;21333;1.515
44787;60501;1.190
35574;47242;2.258
20811;62007;2.062
20942;29050;1.593
31686;6762;2.780
50891;9026;1.626
13180;41606;0.911
25002;51580;1.579
30848;51580;1.750
2597;47902;1.709
31686;57394;0.910
47242;47902;1.842
15668;48815;1.515
31319;5602;1.868
30848;62007;1.636
31686;60501;1.247
2594;29050;1.378
3269;49360;1.911
28716;3313;2.306
12779;13180;2.319
20746;20836;1.883
3269;49367;1.943
28716;31495;2.242
20811;51580;2.095
16210;6762;2.809
12637;3269;2.149
31033;8612;1.578
49367;8261;1.900
35617;47927;1.947
49605;5392;1.926
49605;5394;2.076
21101;44942;1.668
49367;8265;2.055
49605;5396;1.938
49605;5397;1.624
12481;8612;1.781
12481;21309;2.008
60501;8660;1.322
8265;8968;2.218
15668;39636;1.795
29050;50507;1.473
30722;8660;1.376
44942;45015;1.366
12779;21056;2.522
16076;9026;1.790
31495;49605;1.684
12445;12874;2.514
50891;5602;1.873
13253;21309;1.815
13180;3269;1.185
31686;44787;1.285
20746;50507;1.300
35612;47902;1.855
47358;47902;1.635
2594;47902;1.105
12779;16210;2.362
16076;5602;1.984
20836;20942;1.942
29286;6762;2.787
31034;42957;1.903
12637;13180;2.064
12874;47927;2.592
29177;44512;1.668
2594;5392;1.952
2594;5394;2.084
47902;8612;1.778
2594;5396;1.954
2594;5397;1.613
20836;28716;2.372
20942;47902;1.468
31115;42425;1.503
12445;20746;1.104
12835;31611;1.595
31034;31115;1.996
202056;31611;1.589
48815;8968;1.915
25002;31033;1.546
25002;31034;1.701
15668;44942;1.519
42425;42957;1.529
12835;21101;1.767
202056;21101;1.729
20959;49360;1.969
3269;48500;1.428
44787;47358;1.801
16076;44512;1.375
31033;42957;1.462
12637;21056;2.379
20959;49367;1.839
2597;47927;2.085
49605;62007;1.540
137;20942;2.019
47242;47927;2.169
20811;31033;2.075
20811;31034;2.225
2597;8660;1.787
12445;34695;2.009
30722;47902;1.318
12874;20912;2.594
1267;21309;2.679
43843;8261;1.759
12637;16210;2.142
16076;2594;1.245
43843;8265;1.974
16076;2597;1.720
20836;20959;1.926
21333;42425;1.085
137;28716;2.396
31033;31115;1.450
31115;9026;1.756
13180;42957;1.394
31686;47358;1.705
30848;31033;1.591
30848;31034;1.977
31319;43843;1.897
49605;51580;1.549
15589;62007;2.355
35574;43843;2.243
13180;31115;1.345
31263;3302;2.179
196983;21309;1.786
12835;25002;1.615
196753;31263;1.714
202056;25002;1.617
21309;42425;1.896
35574;8612;2.246
12779;3302;2.575
21056;49360;2.210
35612;47927;2.214
47358;47927;1.781
137;20959;1.980
21056;49367;2.140
39636;60409;1.625
12835;13253;1.479
2594;47927;1.788
8660;9026;1.830
12481;196983;1.794
3302;35612;2.291
12779;202056;2.402
3302;35617;2.184
39636;47242;1.687
12779;30722;2.384
15589;51580;2.359
15668;16076;1.479
20959;48500;1.405
31115;5602;2.042
12481;21333;1.276
20942;47927;1.878
12850;51580;2.193
20912;29050;1.216
12850;62007;2.111
21056;48500;2.028
13253;21333;1.093
31263;3313;1.987
12481;48815;1.275
20942;3269;1.089
12779;3313;2.496
13180;8968;1.901
43843;57394;1.511
30722;47927;1.894
31495;8261;1.679
47927;49360;1.732
43843;60501;1.694
31495;8265;1.815
12835;50891;1.480
12835;3302;2.107
48815;50891;1.092
12779;60409;2.313
47927;49367;2.190
196753;35612;2.009
47902;50891;1.291
12637;8968;2.421
16210;29177;1.556
196753;35617;1.632
12637;30722;2.148
12779;47242;2.551
21333;29286;1.663
13253;5392;1.879
13253;5394;2.035
13253;5396;2.016
13253;5397;1.595
42957;60409;1.493
196753;6734;1.785
137;15668;2.036
5394;6734;2.129
31115;45015;1.694
48500;60409;1.354
1267;21333;2.526
12874;8612;2.642
42957;47242;1.935
12850;6734;2.282
12874;20942;2.538
13253;48815;1.092
43843;44787;1.599
57394;62007;0.925
15589;31033;2.370
15589;31034;2.449
202056;50891;1.515
20836;3269;1.943
2597;28716;2.285
20959;21056;1.967
21309;29286;1.953
12850;31033;2.174
12835;3313;1.927
12850;31034;2.350
31033;8660;1.398
20959;5392;1.942
12637;60409;2.056
20959;5394;2.072
12874;28716;2.632
20959;5396;2.048
20959;5397;1.727
1267;48815;2.526
29286;44512;1.756
3302;8968;2.291
20912;47902;1.170
12481;8660;1.622
21101;29177;1.818
196865;3269;1.185
31611;51580;1.610
12481;39636;1.848
12637;47242;2.363
21333;45015;1.159
12481;44942;1.403
28716;42425;2.108
43843;47358;2.099
25002;49360;1.912
45015;8261;1.383
31611;62007;1.506
45015;8265;1.734
196983;21333;1.579
25002;49367;2.043
31034;31611;1.811
196865;31263;1.636
13253;39636;1.653
47927;48500;1.903
13253;44942;1.059
44787;50507;1.251
20912;3269;1.588
31686;3302;2.120
20811;49360;2.190
12874;20959;2.497
1267;39636;2.669
196983;48815;1.579
20811;49367;2.186
31115;41606;1.345
20746;31319;1.594
47902;8660;1.361
1267;44942;2.494
12779;12835;2.345
21309;45015;1.920
20746;49605;1.524
31319;34695;2.029
196865;35612;1.938
196865;35617;1.287
39636;43843;1.805
31033;31611;1.516
31686;50507;1.300
50507;8612;1.739
30848;49360;2.127
29286;3302;2.253
12481;12637;2.183
48500;5392;1.968
16210;3302;2.107
30848;49367;2.046
48500;5394;2.103
47242;6734;1.972
15668;29177;1.728
48500;5396;2.063
29449;47902;1.683
48500;5397;1.803
29177;31495;1.762
21333;41606;1.092
29050;31319;1.514
196983;39636;1.688
20942;8968;2.000
13180;31611;1.548
29050;49605;1.434
31686;3313;1.807
31263;35612;2.090
13180;21101;1.672
31263;35617;1.823
2594;28716;2.178
25002;48500;1.693
12637;12835;2.017
30848;48500;1.547
16076;31495;1.645
20912;47927;1.745
2594;3269;1.494
29050;9026;1.905
29286;3313;1.907
20942;28716;2.109
21309;41606;1.815
16210;3313;1.815
12779;43843;2.442
20959;30722;1.321
196753;6762;2.854
20811;48500;2.188
5394;6762;2.860
29050;5602;1.927
35574;8660;2.183
47358;9026;1.914
3269;60409;1.221
12874;15668;2.535
196983;44942;1.634
28716;29286;2.217
3313;6734;1.930
12850;6762;2.898
3269;47242;1.954
28716;45015;2.119
42957;43843;1.828
12779;12850;2.594
60409;62007;1.244
12481;16076;1.539
20836;8968;2.161
13180;25002;1.533
21309;8612;2.174
20942;20959;1.101
20836;44512;1.942
31495;48815;1.606
12835;31686;1.522
202056;31686;1.512
29449;8612;2.134
13253;16076;1.231
196865;8968;1.901
13180;13253;0.911
12835;35574;2.013
20959;60409;1.307
5392;9026;2.049
202056;35574;2.050
12637;43843;2.249
29449;47927;1.942
31115;42957;1.664
1267;16076;2.525
21056;30722;2.042
34695;8968;2.412
47358;5602;2.089
3313;51580;1.867
20912;8968;2.047
137;8612;2.188
42425;50891;1.180
3313;62007;1.764
12637;12850;2.511
31033;50891;1.092
31495;39636;1.886
137;44512;2.019
35612;8968;2.178
16210;62007;1.148
31319;8261;1.609
31034;50891;1.759
31319;8265;1.653
21333;42957;1.462
20811;21056;2.253
5397;8261;1.653
34695;35612;2.357
5397;8265;1.764
21101;6734;1.848
47242;6762;2.861
34695;35617;2.124
21333;9026;1.628
49605;8968;2.084
20959;47242;1.845
13180;50891;0.911
5392;5602;2.253
43843;50507;1.677
21056;60409;1.962
12874;8660;2.518
12835;57394;1.285
48815;57394;0.910
202056;57394;1.213
47902;57394;0.926
21333;31115;1.450
21333;5602;1.927
5602;9026;2.192
12835;60501;1.545
30848;6734;1.933
20811;5392;2.323
48815;60501;1.247
21056;47242;2.092
202056;60501;1.522
16210;51580;1.351
15589;49360;2.415
20811;5394;2.173
47902;60501;1.310
20811;5396;2.350
20811;5397;2.168
15589;49367;2.459
6762;9026;2.858
12850;49360;2.398
12779;12874;2.745
21309;42957;1.746
31495;44942;1.666
21101;51580;1.749
12850;49367;2.288
28716;41606;2.037
21101;62007;1.624
6734;6762;2.796
12445;31263;1.631
196753;29050;1.485
2594;8968;1.820
12481;29177;1.766
21309;31115;1.957
13253;3269;1.185
20746;21309;1.854
1267;5392;2.699
35617;44512;1.452
1267;5394;2.637
1267;5396;2.724
1267;5397;2.552
49360;5392;2.180
49360;5394;2.123
15589;48500;2.387
12779;20746;2.344
49360;5396;2.191
3313;6762;2.807
12835;44787;1.411
49360;5397;1.818
202056;44787;1.379
29286;31495;1.905
13253;29177;1.568
12850;48500;2.248
21333;2594;1.340
21333;2597;1.727
47927;60409;1.771
50891;8261;1.077
50891;8265;1.673
12637;12874;2.708
1267;29177;2.624
12874;137;2.678
12835;30848;1.819
31611;6734;1.841
202056;30848;1.734
3269;43843;1.768
29177;42425;1.668
44512;9026;1.680
20912;20942;1.585
44787;49605;1.451
16076;8261;1.224
42425;9026;1.680
12779;34695;2.412
16076;8265;1.696
50507;8660;1.387
12835;47358;1.693
15668;51580;1.531
25002;30722;1.620
20912;28716;2.247
41606;8612;1.769
42425;5602;1.960
15668;62007;1.452
16210;31033;1.247
16210;31034;1.817
137;196753;2.009
12637;20746;2.096
12445;35612;1.958
31686;49605;1.524
12850;202056;2.227
44787;8612;1.735
12445;35617;1.336
20811;30722;2.143
31034;9026;2.088
20959;43843;1.622
3302;47902;2.042
12779;196983;2.411
31611;49360;1.913
2597;44512;1.814
31611;49367;1.975
202056;47358;1.948
196753;47902;1.445
20959;3269;1.105
12835;29449;1.758
12874;44512;2.538
20912;20959;1.498
44512;5602;1.960
12637;34695;2.204
28716;31115;2.181
21101;6762;2.861
25002;60409;1.514
16210;202056;1.523
16076;42425;1.375
31034;31686;1.765
31115;8261;1.406
41606;47902;1.291
31115;8265;1.896
21101;31033;1.626
21101;31034;1.946
31034;35574;2.085
12850;13180;2.139
196983;29177;1.804
28716;42957;1.977
30848;6762;2.852
44942;50891;1.060
31611;48500;1.472
21056;5392;2.201
21056;5394;2.265
21056;5396;2.261
21056;5397;2.103
31034;5602;2.099
42957;5392;1.943
42957;5394;2.096
21056;43843;2.133
42957;5396;2.120
21309;8660;1.882
42957;5397;1.793
202056;29449;1.864
35612;44512;2.017
202056;6734;1.863
28716;9026;2.309
29449;8660;1.770
12850;3302;2.457
30848;60409;1.645
196865;29050;1.452
31115;31611;1.833
31033;31686;0.910
15589;21056;2.443
20746;21333;0.911
31033;35574;2.095
12850;21056;2.375
25002;47242;2.022
12835;20811;2.108
202056;20811;2.111
15589;16210;2.350
13253;8968;1.901
15589;8612;2.461
20811;60409;2.067
12850;16210;2.134
35617;8612;1.972
20746;48815;0.910
137;8660;1.988
13180;31686;1.093
45015;50891;1.333
20836;31495;1.884
20811;47242;2.039
196753;3302;2.168
13180;35574;2.066
31034;57394;1.604
15668;31033;1.515
3302;47927;2.305
15668;31034;1.943
21333;31611;1.516
31611;6762;2.828
31034;60501;1.817
2594;44512;1.490
12637;202056;2.146
196753;47927;1.938
12850;3313;2.371
30722;44512;1.465
29177;29286;1.851
28716;5602;2.323
30848;47242;1.967
20942;44512;1.084
42425;57394;1.084
29177;45015;1.586
29050;48815;1.473
20746;39636;1.628
31033;57394;0.910
42425;44787;1.432
137;31495;2.056
57394;9026;1.581
42425;60501;1.312
12835;196753;1.638
21309;31611;2.010
41606;47927;1.779
31033;60501;1.247
3269;34695;2.085
16076;29286;1.685
196753;3313;1.921
31034;44787;1.697
12850;137;2.384
16076;45015;1.276
49605;60409;1.502
196865;47902;1.291
196753;20912;1.476
13180;57394;0.911
1267;196753;2.592
20959;8968;1.843
29050;39636;1.778
13180;60501;0.931
21333;25002;1.547
12835;50507;1.510
48815;50507;1.300
12481;62007;1.526
47902;50507;1.272
12445;5392;1.914
3313;49360;2.172
12835;20836;1.846
12445;5394;2.048
8265;8612;2.122
202056;20836;1.905
20746;44942;1.104
12445;5396;2.043
12445;5397;1.640
62007;8968;1.881
3313;49367;2.103
31033;44787;1.285
16210;49360;1.917
48500;8968;2.119
25002;43843;1.842
13253;62007;1.225
16210;49367;1.807
15589;30722;2.423
43843;49605;1.854
31263;47902;1.550
15589;202056;2.335
12850;30722;2.274
196983;5392;2.038
31115;50891;1.345
31319;35612;1.950
196983;5394;2.059
20811;3269;2.123
196983;5396;2.132
21309;25002;2.080
196983;5397;1.865
202056;6762;2.757
1267;62007;2.570
31319;35617;1.788
35574;35612;2.289
42425;47358;1.773
29286;42425;1.756
12481;51580;1.614
35574;35617;2.184
13180;44787;1.245
31033;47358;1.705
29050;44942;1.494
1267;137;2.596
3313;48500;1.900
202056;50507;1.418
41606;8660;1.354
31034;47358;1.927
13253;51580;1.323
48815;8612;1.578
20959;34695;2.112
28716;31611;2.243
13180;30848;1.700
30848;43843;1.913
44787;8660;1.308
1267;3269;2.537
29177;41606;1.568
21333;50891;1.092
13180;47358;1.689
15589;60409;2.335
1267;51580;2.530
21101;49360;2.093
21056;34695;2.325
12850;60409;2.204
21101;49367;1.945
31263;9026;2.043
15589;47242;2.405
12779;9026;2.458
20811;43843;2.174
12850;47242;2.312
196865;47927;1.779
16076;41606;1.231
16210;48500;1.533
21309;50891;1.815
196753;28716;2.190
44942;57394;0.910
196983;51580;1.630
21101;48500;1.649
2597;31495;1.927
44942;60501;1.328
13180;29449;1.746
196983;62007;1.535
12874;31495;2.575
29050;8261;1.510
12481;31033;1.275
12481;31034;1.921
29050;8265;1.600
31263;47927;2.003
12445;29050;1.494
15668;49360;2.019
31263;5602;2.027
196865;20912;1.442
196753;20942;1.465
15668;49367;1.926
12779;5602;2.498
13253;31033;1.092
13253;31034;1.759
57394;60409;0.910
34695;47902;1.926
12779;2594;2.387
12835;9026;1.863
20836;42425;1.942
12779;2597;2.460
29177;42957;1.501
20912;44512;1.585
15589;8660;2.370
1267;31033;2.526
1267;31034;2.645
35617;8660;1.645
39636;5392;2.029
39636;5394;2.018
29286;45015;1.653
60409;8968;1.896
39636;5396;2.160
39636;5397;1.890
21101;3302;2.247
15668;48500;1.770
44787;48815;1.285
29177;31115;1.820
5397;57394;1.475
31611;60409;1.488
13180;8612;1.770
13253;196865;0.910
13180;20811;2.065
5392;8261;1.927
5397;60501;1.657
5392;8265;2.017
47358;8261;1.708
16210;21056;1.954
31611;47242;1.897
20811;8968;2.313
47358;8265;1.820
196753;20959;1.419
30848;3302;2.251
137;42425;2.019
12637;8612;2.371
45015;57394;0.925
16076;31115;1.583
12835;5602;1.893
44942;6734;1.662
31611;3302;2.206
5396;57394;1.907
45015;60501;1.238
51580;9026;1.801
2594;31495;1.535
21101;3313;1.983
5396;60501;2.065
12445;47902;1.331
29449;44512;1.802
49367;5392;2.088
49367;5394;2.276
1267;8968;2.728
30722;31495;1.669
49367;5396;2.152
49367;5397;2.092
16076;42957;1.532
31495;51580;1.573
21056;3269;2.054
51580;5602;1.900
44942;47358;1.706
21333;8261;1.123
20942;31495;1.739
31495;62007;1.607
21333;8265;1.667
31686;9026;1.628
30848;3313;2.017
15589;43843;2.335
28716;50891;2.037
196983;31033;1.579
196983;31034;1.965
31115;31686;1.450
42425;50507;1.447
31686;48815;0.910
12850;43843;2.328
3302;8612;2.247
34695;47927;1.973
5602;8261;1.979
31115;35574;2.195
31686;5602;1.927
25002;34695;2.096
31033;50507;1.300
30848;34695;2.200
5602;8265;1.997
196865;28716;2.037
8265;8660;1.743
12835;15589;2.349
31611;3313;1.926
12835;2594;1.445
12779;31263;2.437
20746;29177;1.580
12835;2597;1.822
31034;50507;1.783
44787;44942;1.333
43843;5392;2.127
43843;5394;2.091
35617;42425;1.452
43843;5396;2.116
43843;5397;1.900
29286;9026;1.977
16210;9026;1.834
12850;196983;2.183
49360;8968;2.329
20811;34695;2.309
29286;41606;1.683
13180;50507;1.315
5394;57394;1.922
21333;31686;0.911
45015;47358;1.960
196865;20942;1.180
13180;20836;1.896
31686;39636;1.628
12779;35612;2.575
21333;35574;2.095
5394;60501;2.018
12779;35617;2.401
31686;44942;1.104
44512;45015;1.315
29050;29177;1.660
48815;8660;1.398
15668;6734;1.801
16210;196983;1.430
6762;8261;2.791
15668;21056;1.982
5392;57394;1.748
6762;8265;2.870
20836;29286;2.083
202056;3302;2.126
12835;31319;1.508
31115;57394;1.339
12637;31263;2.237
202056;31319;1.636
16210;30722;1.345
5392;60501;1.933
12835;49605;1.416
15668;16210;1.316
21309;31686;1.854
48815;49605;1.524
12445;3269;1.216
202056;49605;1.598
47902;49605;1.337
20746;6734;1.638
20836;45015;1.890
31115;60501;1.377
42425;8261;1.225
29286;5602;2.036
12445;47927;1.799
21309;35574;2.347
42425;8265;1.765
16210;5602;1.896
20942;8612;1.619
12481;49360;1.956
16210;2594;1.329
12481;49367;2.048
16210;2597;1.698
196865;20959;1.309
12637;35612;2.404
196983;3269;1.620
12637;35617;2.198
12874;42425;2.538
31611;43843;1.880
21333;57394;0.911
137;29286;2.081
31034;8261;1.804
3313;60409;1.806
44942;6762;2.788
31034;8265;1.836
21333;60501;1.247
202056;3313;1.921
44512;8261;1.225
137;45015;1.915
5396;6734;2.083
31115;44787;1.617
44512;8265;1.765
3313;47242;2.129
21101;30722;1.771
25002;6734;1.920
12445;20912;1.468
12481;48500;1.503
12850;12874;2.745
29286;31115;1.880
2597;42425;1.814
21056;8968;2.154
21309;57394;1.742
20836;41606;1.895
29177;31611;1.682
12637;196983;2.201
13253;49360;1.811
31115;47358;1.874
20836;8612;2.108
42957;8968;2.037
21309;60501;1.809
13253;49367;1.883
15589;20746;2.370
21333;44787;1.286
29286;42957;1.752
16210;60409;1.288
12850;20746;2.174
1267;49360;2.527
196865;8612;1.769
28716;31686;2.068
43843;48815;1.671
1267;49367;2.721
31495;5392;2.063
31495;5394;2.176
31495;5396;2.020
31495;5397;1.747
21101;60409;1.630
16210;47242;1.755
16076;31611;1.531
21333;30848;1.591
28716;8261;2.120
28716;8265;2.256
3269;35612;2.018
13180;8660;1.355
16076;21101;1.618
34695;8612;2.361
3269;35617;1.454
21333;47358;1.705
15589;34695;2.505
13253;48500;1.389
15668;30722;1.586
20912;8612;1.928
35617;45015;1.642
12850;34695;2.439
20912;31495;1.560
31319;47902;1.378
21309;44787;1.865
35612;42425;2.017
44942;50507;1.303
12637;8660;2.150
35574;47902;1.966
45015;5392;1.954
45015;5394;2.075
2594;42425;1.490
45015;5396;1.998
45015;5397;1.677
1267;48500;2.540
196983;49360;2.028
35612;8612;2.186
3302;44512;2.151
15668;6762;2.779
196983;49367;1.958
8612;9026;2.201
21309;30848;2.058
28716;35574;2.429
196753;44512;1.465
20942;42425;1.084
3269;6734;1.715
49605;8612;1.980
21309;47358;2.167
20746;6762;2.780
12481;13180;1.324
21101;47242;1.791
137;41606;1.943
12445;8968;1.922
21333;29449;1.746
15668;60409;1.482
20959;31263;1.590
15589;196983;2.390
196983;48500;1.695
12445;28716;2.106
15668;47242;1.941
45015;50507;1.184
21056;31263;2.056
3302;8660;2.177
30722;42425;1.465
57394;8261;0.929
196983;8968;2.103
57394;8265;1.488
2597;29286;1.889
1267;13180;2.506
43843;44942;1.743
29449;31495;1.928
12445;196753;1.360
12481;21056;2.102
20746;51580;1.411
20959;35612;1.943
12874;29286;2.492
2594;8612;1.674
5396;6762;2.843
20959;35617;1.589
2597;45015;1.656
21309;29449;2.095
20746;62007;1.230
20836;42957;2.033
25002;6762;2.835
12874;45015;2.512
12445;20942;1.208
28716;57394;1.974
3313;43843;2.092
31034;31319;1.771
28716;44787;2.087
16076;25002;1.355
13180;15589;2.341
28716;60501;2.035
41606;44512;1.180
31034;49605;1.690
31611;34695;2.110
12835;21309;1.996
202056;21309;2.039
20836;31115;2.086
31319;47927;1.777
29050;51580;1.477
35574;47927;2.054
35617;41606;1.287
28716;30848;2.245
29050;62007;1.480
47927;6734;2.036
137;42957;2.037
12481;16210;1.582
42425;49605;1.627
31033;31319;1.594
13253;21056;1.982
31495;49360;2.004
196753;196865;1.350
35612;45015;1.909
21056;35612;2.090
31033;49605;1.524
31495;49367;2.035
21056;35617;2.126
13180;137;1.943
29177;50891;1.568
12445;20959;1.333
20942;8660;1.500
13253;16210;0.931
16210;43843;1.694
20942;29286;1.756
1267;21056;2.626
137;31115;2.108
13180;31319;1.592
21101;43843;1.967
1267;16210;2.600
13180;49605;1.528
29286;31611;1.844
16076;50891;1.232
12779;29050;2.406
5394;9026;2.217
31115;50507;1.651
28716;47358;2.320
31495;48500;1.775
2594;29286;1.717
31263;8261;1.648
196865;44512;1.180
12850;9026;2.389
3269;6762;2.804
31263;8265;1.913
12779;8261;2.349
2594;45015;1.185
12779;8265;2.463
196983;21056;2.056
12445;15668;1.519
2597;41606;1.751
30722;45015;1.360
29177;6734;1.870
12874;41606;2.500
12481;30722;1.580
39636;8968;2.103
39636;47902;1.666
35617;42957;1.613
20942;45015;1.315
20746;31033;0.910
20746;31034;1.765
21333;50507;1.300
20836;8660;1.969
15668;196865;1.428
196753;9026;1.872
13253;30722;1.327
31263;44512;1.715
28716;29449;2.362
15668;43843;1.855
12637;29050;2.072
196865;8660;1.354
5394;5602;2.297
1267;30722;2.560
20912;42425;1.585
12850;5602;2.395
13253;8612;1.769
29050;31033;1.473
29050;31034;1.614
34695;8660;2.093
21309;50507;1.872
25002;31263;1.821
31319;5392;2.027
35612;41606;1.938
12850;2594;2.159
31319;5394;2.157
12481;60409;1.302
12850;2597;2.265
31319;5396;2.033
12835;8261;1.520
31319;5397;1.696
20912;8660;1.532
2594;41606;1.329
12835;8265;1.591
12835;21333;1.522
202056;21333;1.513
49367;8968;1.973
12779;47902;2.325
47242;9026;2.163
35612;8660;1.981
20811;31263;2.169
20942;41606;1.180
196753;5602;1.995
25002;35612;2.002
12835;48815;1.522
47927;6762;2.889
202056;48815;1.512
47902;48815;1.316
25002;35617;1.773
196753;2594;1.409
49605;8660;1.599
44942;49605;1.560
196753;2597;1.801
3313;34695;2.297
12874;42957;2.511
42957;47902;1.507
50891;5392;1.879
50891;5394;2.035
50891;5396;2.016
30848;31263;1.880
50891;5397;1.596
20811;35612;2.356
31495;3269;1.742
15668;3302;2.119
20811;35617;2.206
29449;42425;1.802
2597;31115;1.995
16076;5392;1.967
16076;5394;2.082
16076;5396;2.065
16076;5397;1.674
12481;47242;2.059
30722;41606;1.327
39636;47927;2.020
12874;31115;2.595
16210;20746;1.247
13253;60409;0.997
137;202056;1.895
29177;31686;1.580
196753;31495;1.700
12835;39636;1.752
202056;39636;1.803
12637;47902;1.986
196983;30722;1.690
29177;35574;2.177
51580;8261;1.450
30848;35612;1.895
13253;47242;1.881
51580;8265;1.692
47242;5602;2.201
30848;35617;1.911
2597;42957;1.832
1267;60409;2.503
20836;31611;1.960
2594;8660;1.393
20959;8612;1.566
44787;51580;1.147
3313;9026;2.075
20836;21101;2.050
45015;49605;1.590
1267;47242;2.700
44787;62007;1.198
16210;34695;2.074
16076;31686;1.230
31686;8261;1.122
34695;44512;2.084
29177;6762;2.797
62007;8612;1.768
31686;8265;1.666
43843;8968;2.131
16076;35574;2.082
21101;34695;2.227
15668;3313;1.786
48500;8612;1.908
12481;12835;1.684
29286;50891;1.684
20912;29286;1.782
6734;9026;1.929
12874;196865;2.500
20746;3302;2.120
12835;44942;1.505
196983;60409;1.598
202056;44942;1.519
25002;3302;2.160
31686;62007;1.230
137;31611;1.938
12779;47927;2.400
16210;8261;1.346
16210;8265;1.668
137;21101;2.012
196983;47242;1.914
35612;42957;1.984
29177;57394;1.369
15668;20746;1.515
2594;42957;1.561
28716;50507;2.078
13180;21309;1.815
3313;5602;2.123
29177;60501;1.556
42957;47927;1.965
20836;25002;1.938
31686;51580;1.411
20942;42957;1.529
60501;6734;1.619
2594;31115;1.683
20912;45015;1.449
16076;57394;0.926
30722;6734;1.717
20746;3313;1.807
15668;34695;2.177
30722;31115;1.670
12779;20912;2.405
20746;49360;1.851
29286;8261;1.681
25002;3313;1.995
29286;8265;1.910
12445;44512;1.208
16076;60501;1.303
20746;49367;1.850
12637;47927;2.024
31115;5392;2.043
12481;43843;1.826
31115;5394;2.170
31115;5396;2.186
31115;5397;1.813
20942;31115;1.504
15589;31263;2.375
1267;12835;2.512
12850;31263;2.304
29177;44787;1.432
2597;6734;1.663
137;25002;2.041
30848;9026;1.928
30722;42957;1.526
20959;29050;1.546
3269;47902;1.472
12481;12850;2.317
29050;49360;1.779
29177;30848;1.826
21056;29050;2.012
31495;8968;2.033
20746;48500;1.295
12835;16076;1.526
29050;49367;1.970
21101;9026;1.923
3269;3302;2.155
16076;44787;1.296
196865;31495;1.620
20836;50891;1.896
12835;202056;1.570
12637;20912;2.066
21101;5602;2.137
29449;45015;1.833
20912;41606;1.442
16076;30848;1.692
44512;50891;1.180
13253;43843;1.713
31495;60409;1.622
31115;31319;1.827
29050;48500;1.658
1267;202056;2.498
31115;49605;1.775
13253;8660;1.354
31034;48815;1.765
30848;5602;2.104
1267;43843;2.674
15589;35612;2.556
31611;9026;1.816
60409;8612;1.801
15589;35617;2.438
31263;31495;1.755
12850;35612;2.419
29177;47358;2.015
12850;35617;2.255
3269;3313;1.892
2597;31611;1.852
42425;48815;1.084
29286;31686;1.663
21333;31319;1.594
20811;8612;2.177
1267;12850;2.771
21101;2594;1.605
12874;31611;2.549
21101;2597;1.835
31033;48815;0.910
45015;8968;1.814
21333;49605;1.525
20959;47902;1.303
31034;39636;1.996
13180;21333;1.093
12874;21101;2.563
12779;28716;2.506
16076;47358;1.845
196983;43843;1.901
29449;41606;1.746
31495;47242;2.016
21056;47902;1.907
137;50891;1.943
12481;12874;2.573
3269;47927;1.879
60501;6762;2.809
29177;29449;1.944
13180;48815;1.093
31611;5602;2.014
1267;8612;2.650
21309;31319;2.033
30722;6762;2.793
31319;3269;1.693
12779;20942;2.380
21309;49605;1.970
42425;44942;1.208
31033;39636;1.628
43843;51580;1.712
12835;29177;1.659
29286;35574;2.218
3302;42425;2.151
20959;8660;1.386
43843;62007;1.713
2597;6762;2.786
31034;44942;1.791
12481;20746;1.275
16076;29449;1.803
196753;42425;1.465
20746;21056;1.976
12874;25002;2.635
62007;8660;1.345
13180;39636;1.653
48500;8660;1.615
202056;9026;1.940
12874;13253;2.500
16076;20811;2.065
20912;42957;1.636
31611;35612;1.783
49360;8612;2.232
31611;35617;1.790
12481;34695;2.124
12445;137;1.940
13180;196753;1.351
41606;42425;1.180
12637;20942;2.146
31033;44942;1.104
12779;20959;2.348
202056;29177;1.651
2594;31611;1.517
35617;50891;1.288
1267;12874;2.867
20912;31115;1.757
30722;31611;1.633
12637;28716;2.486
20959;47927;1.938
25002;29050;1.456
29286;57394;1.432
31033;6734;1.638
29050;5392;1.977
20942;31611;1.646
29286;44787;1.662
29050;5394;2.128
13180;44942;1.060
13253;20746;1.092
29050;5396;1.999
29050;5397;1.591
29286;60501;1.582
12481;6734;1.838
21056;47927;2.187
20942;21101;1.750
28716;31319;2.212
20811;29050;2.173
31495;43843;1.789
8261;9026;1.673
1267;20746;2.526
16076;3269;1.379
202056;5602;2.006
29286;30848;1.913
12779;15668;2.408
29177;3302;2.177
44787;49360;1.801
29449;42957;1.950
12637;20959;2.186
44942;48815;1.104
13253;34695;2.001
44787;49367;1.846
20836;31686;1.883
31319;44512;1.690
35574;44512;2.153
20836;35574;2.182
1267;34695;2.669
47902;6734;1.706
29449;31115;1.933
31686;49360;1.851
196983;20746;1.579
12445;31495;1.666
2597;50891;1.751
47242;50891;1.881
47358;5392;2.133
3302;45015;2.088
31686;49367;1.850
28716;49605;2.202
196753;29286;1.756
47358;5394;2.147
47358;5396;2.159
5394;8261;2.059
47358;5397;1.801
16076;20836;1.935
12874;50891;2.500
44787;48500;1.514
5394;8265;2.200
20942;25002;1.675
202056;2594;1.301
196753;45015;1.341
20746;30722;1.330
202056;2597;1.778
12850;8261;2.233
29286;47358;2.029
29177;50507;1.566
29177;3313;1.944
12637;15668;2.248
31319;8968;2.065
13253;137;1.943
12850;8265;2.304
21056;8612;2.148
137;31686;1.930
5397;8968;2.135
137;35574;2.301
25002;47902;1.381
196983;34695;2.144
42957;8612;1.913
13180;16076;1.232
31115;3269;1.506
196865;42425;1.180
5392;5394;2.234
16076;50507;1.187
5392;5396;2.242
5392;5397;2.049
20836;57394;1.774
60409;8660;1.377
20811;47902;2.078
196753;8261;1.378
29050;30722;1.540
196753;8265;1.808
35612;50891;1.938
47358;50891;1.689
20836;60501;1.937
2594;50891;1.330
20746;60409;1.102
29286;29449;1.943
44512;57394;1.084
16210;31263;1.678
137;196983;2.037
45015;48815;1.158
35574;6734;2.270
20811;8660;2.108
44512;44787;1.432
30848;47902;1.634
44512;60501;1.312
31263;42425;1.715
20942;50891;1.180
31686;48500;1.295
3313;35612;2.084
41606;45015;1.333
31033;6762;2.780
3313;35617;1.974
137;57394;1.806
16076;196753;1.119
16210;35612;1.871
21333;5392;1.898
16210;35617;1.314
12481;6762;2.818
21333;5394;2.049
137;60501;1.954
21333;5396;1.995
20836;44787;1.833
29050;60409;1.439
20959;28716;2.067
21333;5397;1.661
50891;8968;1.901
1267;8660;2.556
29050;47242;1.950
12445;8612;1.801
30722;50891;1.327
15589;29050;2.406
3302;41606;2.084
21056;28716;2.339
16076;8968;1.902
20746;47242;1.862
12850;29050;2.308
20836;30848;2.036
21101;31263;1.878
196753;41606;1.350
20836;47358;2.044
25002;47927;1.885
196983;8612;1.971
47902;6762;2.747
30722;3302;2.216
42425;5392;1.949
42425;5394;2.106
137;44787;1.896
42425;5396;2.054
42425;5397;1.717
20912;31611;1.527
47242;8261;1.896
44512;47358;1.773
31495;34695;2.116
47242;8265;1.962
21101;35612;1.842
21101;35617;1.890
13180;29177;1.569
20912;21101;1.784
20811;47927;2.136
196865;29286;1.683
49360;8660;1.915
137;30848;2.035
35617;57394;1.287
12835;51580;1.458
48815;51580;1.411
202056;51580;1.526
196865;45015;1.333
47902;51580;1.264
2597;31686;1.726
35617;60501;1.314
12835;62007;1.520
12874;6734;2.587
48815;62007;1.230
202056;62007;1.500
47902;62007;1.291
39636;44512;1.734
2597;35574;2.221
30848;47927;2.095
12874;31686;2.511
44512;5392;1.949
44512;5394;2.106
31115;48815;1.450
44512;5396;2.054
44512;5397;1.717
15668;31263;1.712
12874;35574;2.684
30722;3313;1.859
6734;8261;1.677
31115;8968;2.102
6734;8265;1.918
34695;42425;2.084
20811;20912;2.164
2597;3302;2.240
31263;45015;1.447
15589;47902;2.302
50507;6734;1.638
43843;49360;2.108
29449;31611;1.779
3313;8261;1.845
15668;35612;1.986
20912;25002;1.408
3313;8265;2.015
12850;47902;2.197
43843;49367;2.075
35617;44787;1.564
137;47358;2.228
15668;35617;1.690
31034;5392;2.154
31034;5394;2.254
21333;48815;0.911
35574;6762;2.893
31034;5396;2.031
31034;5397;1.864
31115;39636;1.871
20836;29449;2.042
12835;196983;1.763
44942;9026;1.660
29286;50507;1.558
21309;21333;1.854
196753;31115;1.678
20746;43843;1.671
12779;44512;2.380
3302;42957;2.152
12874;57394;2.431
43843;48500;1.826
1267;196983;2.591
21309;48815;1.854
2597;3313;2.026
12874;60501;2.452
21333;39636;1.628
196753;42957;1.604
31319;31495;1.664
42957;44512;1.529
137;29449;2.106
21056;8660;2.008
39636;8612;1.971
31115;44942;1.391
29050;43843;1.805
12445;42425;1.208
2594;31686;1.340
196865;41606;0.910
42957;8660;1.550
8660;8968;1.960
20912;50891;1.443
30722;31686;1.330
2594;35574;1.996
44942;5602;1.966
2597;57394;1.510
28716;5392;2.286
137;20811;2.292
41606;42957;1.393
29177;31319;1.744
28716;5394;2.377
47242;57394;1.667
28716;5396;2.480
28716;5397;2.284
35617;47358;1.851
30722;35574;2.175
12637;44512;2.146
29177;49605;1.708
2597;44787;1.709
2597;60501;1.697
21309;39636;1.993
21101;8261;1.684
20942;31686;1.084
47242;60501;1.754
21101;8265;1.803
12835;31033;1.522
25002;28716;2.291
12835;31034;1.701
202056;31033;1.512
12874;44787;2.500
202056;31034;1.750
29050;3269;1.597
21309;6734;1.967
20942;35574;2.153
12445;202056;1.519
21333;44942;1.105
15589;47927;2.428
2597;30848;1.954
16076;31319;1.578
31611;47902;1.406
31263;41606;1.636
30848;8261;1.717
12850;47927;2.342
44787;60409;1.287
20811;28716;2.375
12874;30848;2.546
30848;8265;1.826
16076;49605;1.548
12874;6762;3.033
15668;9026;1.967
34695;45015;2.119
49367;8612;2.068
31611;8261;1.566
31611;8265;1.621
137;6734;2.101
35612;57394;1.773
20836;50507;1.920
47358;57394;1.603
21309;44942;1.882
2594;57394;0.926
35612;44787;1.840
31686;60409;1.102
29449;50891;1.746
35612;60501;1.870
20811;20942;2.121
47358;60501;1.884
29449;6734;1.944
2594;60501;1.328
50507;6762;2.742
15589;20912;2.382
44512;50507;1.447
12445;8660;1.420
20942;57394;1.084
12850;20912;2.286
2597;47358;2.133
47242;47358;2.238
31033;3302;2.120
12874;47358;2.601
20942;60501;1.312
44787;47242;1.843
42425;62007;1.362
3269;44512;1.089
12481;3302;2.226
15668;5602;1.972
31034;51580;1.804
196983;8660;1.577
12445;12779;2.335
196865;31115;1.345
12481;31263;1.811
20746;9026;1.628
137;20836;2.138
25002;9026;1.950
31034;62007;1.783
12445;29286;1.667
28716;48815;2.068
2594;44787;1.190
30722;57394;1.012
50507;50891;1.315
12481;196865;1.323
13253;31263;1.636
12445;45015;1.366
31686;47242;1.862
30722;44787;1.295
20811;20959;2.078
30722;60501;1.345
196865;42957;1.393
42425;51580;1.531
21333;3269;1.089
12481;35612;2.069
2597;29449;2.058
43843;8612;1.928
1267;31263;2.552
20942;44787;1.432
12481;35617;1.515
31033;51580;1.411
2594;30848;1.689
31033;3313;1.807
35612;47358;2.222
31611;47927;1.880
12874;29449;2.601
30722;30848;1.785
2594;47358;1.867
31033;62007;1.230
20746;34695;2.036
137;50507;1.913
12481;3313;1.962
5396;9026;2.211
13253;35612;1.938
13253;35617;1.287
28716;39636;2.200
15668;2594;1.447
20942;30848;1.698
15668;2597;1.803
28716;44942;2.106
202056;8261;1.536
34695;41606;2.001
202056;8265;1.740
12874;20811;2.643
13180;51580;1.323
20746;5602;1.927
20942;47358;1.773
31263;42957;1.790
25002;5602;2.035
21309;6762;2.850
13180;62007;1.226
20746;2594;1.340
196753;31611;1.683
20746;2597;1.726
16210;29050;1.507
25002;2594;1.520
29050;8968;2.049
25002;2597;1.929
20959;44512;1.101
29050;34695;1.998
41606;6734;1.658
31263;5392;2.084
31263;5394;2.162
31263;5396;2.123
31263;5397;1.819
15589;28716;2.598
30722;47358;1.857
12779;5392;2.445
12779;5394;2.464
12779;5396;2.551
12779;5397;2.380
12850;28716;2.219
3269;9026;1.683
44787;6734;1.671
5396;5602;2.187
137;6762;2.860
1267;35612;2.730
31319;42425;1.690
1267;35617;2.568
20942;29449;1.802
3313;47902;1.820
35574;42425;2.153
29286;31319;1.848
8261;8265;1.716
20912;31686;1.458
35617;50507;1.617
196983;31263;1.897
29449;6762;2.836
12835;49360;1.731
48815;49360;1.851
202056;49360;1.906
20912;35574;2.043
196753;21101;1.677
47902;49360;1.694
15589;20942;2.401
12835;49367;1.945
48815;49367;1.850
21101;29050;1.788
202056;49367;1.933
47902;49367;1.860
12850;20942;2.209
12445;41606;1.059
5392;8968;2.242
21333;29177;1.580
39636;8660;1.686
2594;29449;1.781
47358;8968;2.337
21056;44512;2.052
12779;31495;2.402
31686;43843;1.671
31495;8612;1.908
196983;35612;2.045
31034;3269;1.856
196983;35617;1.614
3269;5602;1.962
16076;21309;1.936
12835;48500;1.653
202056;48500;1.642
12835;5392;1.942
47902;48500;1.500
12874;20836;2.646
12835;5394;2.094
29286;49605;1.760
16210;47902;1.311
12835;5396;1.971
12835;5397;1.572
31033;31034;1.765
21309;29177;1.915
43843;60409;1.716
15589;20959;2.364
29449;31686;1.746
196753;25002;1.481
20912;57394;1.167
51580;5392;1.948
21333;8968;1.915
12850;20959;2.202
51580;5394;2.029
43843;47242;1.981
29449;35574;2.242
44942;62007;1.275
34695;42957;2.128
51580;5396;2.061
51580;5397;1.629
15668;29050;1.674
12637;31495;2.183
20912;60501;1.479
13180;31033;1.093
2597;50507;1.659
49367;8660;1.875
13180;31034;1.759
47927;9026;2.050
47242;50507;1.734
12874;50507;2.476
5602;8968;2.276
31686;5392;1.898
31686;5394;2.048
6762;8968;2.798
31686;5396;1.994
31686;5397;1.661
45015;8612;1.565
3313;47927;2.147
28716;3269;2.110
12874;3302;2.700
5602;57394;1.820
196865;31611;1.548
21101;47902;1.667
44942;51580;1.434
15589;15668;2.407
196865;21101;1.672
5602;60501;1.896
12850;15668;2.212
41606;6762;2.781
20912;44787;1.310
15668;47902;1.491
12445;31115;1.391
45015;62007;1.263
3302;50891;2.084
15589;6734;2.421
35574;45015;2.072
35617;6734;1.865
35612;50507;1.921
29449;57394;1.659
47358;50507;1.869
44787;6762;2.763
196753;50891;1.351
47927;5602;2.103
2594;50507;1.235
50507;57394;0.925
20912;30848;1.752
5397;62007;1.688
29449;60501;1.858
31263;31611;1.820
12835;13180;1.480
12445;42957;1.527
50507;60501;1.201
31495;35612;2.006
20912;47358;1.711
31495;35617;1.839
16210;47927;1.869
12874;3313;2.584
20836;31319;1.912
20942;50507;1.447
42425;8968;2.000
25002;44512;1.675
45015;51580;1.371
20836;49605;1.823
41606;50891;0.911
43843;8660;1.747
29286;5392;2.026
31319;45015;1.618
29286;5394;1.982
16210;5392;1.933
29286;5396;2.118
29286;5397;1.904
16210;5394;2.019
16210;5396;2.065
16210;5397;1.658
5396;62007;2.047
44512;49605;1.627
12835;21056;1.979
202056;21056;1.959
20811;44512;2.121
29177;48815;1.580
137;15589;2.451
29449;44787;1.757
39636;42425;1.734
31034;8968;2.187
16076;21333;1.230
30722;50507;1.367
12835;16210;1.546
29177;9026;1.980
28716;29177;2.178
137;31319;2.000
20912;29449;1.767
44512;8968;2.000
16210;20912;1.479
137;49605;1.928
5394;62007;2.051
30848;44512;1.698
29449;30848;1.961
29177;5602;2.028
21101;47927;2.058
16076;48815;1.230
29449;47358;1.924
196865;25002;1.532
29177;39636;1.827
31034;49360;1.985
48815;6734;1.638
15668;47927;1.984
31034;49367;2.063
31319;41606;1.592
35574;41606;2.065
20959;31495;1.517
12779;42425;2.380
42425;49360;1.910
42425;49367;1.941
31686;34695;2.036
28716;8968;2.395
31033;49360;1.851
51580;57394;1.102
21056;31495;2.030
31034;48500;1.880
31033;49367;1.850
12445;196983;1.634
51580;60501;1.350
31495;8660;1.694
31115;51580;1.589
29177;44942;1.562
15668;20912;1.666
15589;6762;2.934
5392;62007;1.867
12481;29050;1.665
35617;49605;1.751
21309;3302;2.349
35617;6762;2.833
31115;62007;1.569
29449;3302;2.273
13180;49360;1.811
196865;50891;0.911
31319;8612;1.989
31263;3269;1.718
13180;49367;1.883
13253;29050;1.452
42425;48500;1.429
5397;8612;2.025
12779;3269;2.381
16076;39636;1.658
31033;48500;1.295
16076;44942;1.206
3302;35574;2.269
12637;42425;2.146
1267;29050;2.576
196753;31686;1.335
12835;30722;1.598
44942;8261;0.929
21333;51580;1.412
202056;30722;1.543
44942;8265;1.701
137;3302;2.306
21333;62007;1.230
16210;28716;2.035
13180;48500;1.389
31263;50891;1.636
21309;3313;2.024
57394;8968;1.705
29449;3313;1.993
12445;31611;1.549
12874;15589;2.698
21309;51580;1.901
45015;8660;1.377
2597;31319;1.889
13180;202056;1.515
16210;20942;1.313
2597;49605;1.814
49367;50891;1.883
12874;31319;2.547
21309;62007;1.745
12835;60409;1.479
48815;60409;1.102
202056;60409;1.480
60501;9026;1.834
47902;60409;1.280
196753;35574;2.142
15668;8261;1.535
12874;49605;2.539
12779;196865;2.319
12835;3269;1.603
20912;50507;1.425
39636;45015;1.638
15668;8265;1.894
3302;57394;2.034
137;3313;2.090
31319;42957;1.746
12637;6734;2.136
30722;9026;1.817
12835;47242;1.915
12779;29286;2.404
12481;47902;1.539
35574;42957;2.180
3302;60501;2.106
48815;6762;2.780
21101;28716;2.270
50891;8612;1.770
20836;21309;2.270
15589;44512;2.401
13253;47902;1.291
16076;8612;1.797
12850;44512;2.209
196983;29050;1.779
12445;21101;1.668
13180;6734;1.659
47242;49605;1.914
1267;47902;2.492
20746;31263;1.634
44942;49360;1.829
16210;20959;1.206
35612;49605;1.917
44942;49367;1.886
202056;47242;1.891
12637;12779;2.495
3302;44787;2.035
12445;13253;1.059
3302;6734;2.292
12637;29286;2.198
196753;57394;1.119
20746;8261;1.122
15668;20942;1.576
30722;5602;2.049
12779;45015;2.380
137;21309;2.206
29449;50507;1.829
20746;8265;1.666
25002;8261;1.574
196753;44787;1.414
20746;35612;1.907
39636;41606;1.653
25002;8265;1.763
196753;60501;1.389
2597;9026;2.083
20746;35617;1.398
3269;42425;1.089
29050;31263;1.723
15668;28716;2.127
29286;48815;1.663
196983;47902;1.653
25002;31495;1.658
21333;31033;0.911
44942;48500;1.388
21333;31034;1.766
31263;8968;2.090
28716;62007;1.977
41606;57394;0.910
196753;30848;1.757
42957;45015;1.497
34695;50891;2.001
12779;8968;2.560
31686;3269;1.089
2594;31319;1.521
12445;25002;1.557
47358;49605;1.661
45015;49360;1.926
196865;31686;1.092
41606;60501;0.930
2594;49605;1.481
13180;21056;1.982
30722;31319;1.690
45015;49367;1.790
31115;8612;2.015
20811;31495;2.226
196865;35574;2.065
29050;35612;1.976
30722;49605;1.618
5396;8261;2.055
5396;8265;2.094
29050;35617;1.710
13180;16210;0.931
20942;31319;1.690
12481;47927;1.928
12481;20912;1.660
12637;45015;2.151
20942;49605;1.627
15668;20959;1.436
29286;39636;1.563
21309;31033;1.854
21309;31034;2.189
29286;3269;1.758
29286;44942;1.667
16210;3269;1.348
28716;51580;2.135
30848;31495;1.819
13253;47927;1.779
2597;5602;2.151
3302;47358;2.287
12779;41606;2.319
31611;44512;1.646
31263;31686;1.634
41606;44787;1.244
196753;47358;1.957
1267;47927;2.519
31263;35574;2.130
5394;5396;2.350
5394;5397;2.126
12850;5392;2.382
12637;6762;2.900
12850;5394;2.407
12850;5396;2.454
50891;57394;0.911
12850;5397;2.328
20959;42425;1.101
12835;8968;2.075
12445;50891;1.060
50891;60501;0.931
16076;202056;1.435
12835;43843;1.833
41606;47358;1.689
202056;43843;1.813
20836;21333;1.883
21056;42425;2.052
13253;20912;1.442
31319;8660;1.703
45015;48500;1.546
5397;8660;1.714
196983;47927;1.977
13180;6762;2.781
12637;41606;2.064
196753;5392;2.039
20942;6734;1.713
196753;5394;2.128
196753;5396;2.081
196753;29449;1.876
1267;20912;2.566
196753;5397;1.734
20836;48815;1.883
15589;3302;2.566
12835;12850;2.278
16076;29177;1.606
49360;50891;1.811
39636;42957;1.724
3269;45015;1.319
3269;8261;1.232
44512;48815;1.084
3302;6762;2.854
3269;8265;1.767
137;21333;1.930
196865;57394;0.910
28716;31033;2.068
28716;31034;2.379
31034;60409;1.740
196865;44787;1.244
196865;60501;0.930
12874;21309;2.613
13180;30722;1.328
51580;8968;1.995
20836;39636;2.079
196983;20912;1.755
137;48815;1.930
49367;57394;1.661
31033;9026;1.628
47242;5392;2.193
196865;30848;1.699
47242;5394;2.188
47242;5396;2.200
47242;5397;2.050
34695;6734;2.194
42425;60409;1.211
12481;9026;1.689
49367;60501;1.807
15589;3313;2.481
31319;31611;1.613
31495;47902;1.399
20912;6734;1.801
31033;60409;1.102
31686;8968;1.915
31263;57394;1.438
20836;6734;2.092
31115;49360;1.987
44512;44942;1.208
42425;47242;1.953
47927;8261;1.812
196753;20811;2.112
31115;49367;2.085
31263;44787;1.535
47927;8265;1.849
31033;47242;1.862
31263;60501;1.678
15589;31495;2.408
35612;6734;2.090
12779;42957;2.358
12481;20942;1.332
50891;8660;1.355
34695;35574;2.232
12850;31495;2.308
196865;6734;1.658
31034;47242;2.031
137;39636;2.061
13180;60409;0.998
20959;29286;1.634
16076;8660;1.404
12481;28716;2.213
20836;44942;1.926
16210;8968;1.882
12481;1267;2.573
47902;9026;1.808
12779;31115;2.413
13180;47242;1.881
20959;45015;1.092
21333;49360;1.851
21056;29286;2.076
31115;48500;1.620
196865;47358;1.689
31033;5602;1.927
13253;28716;2.037
21333;49367;1.850
12835;12874;2.536
12481;5602;2.065
3313;5392;2.146
21056;45015;1.939
3313;5394;2.269
3313;5396;2.247
3313;5397;2.051
35617;48815;1.398
12481;2594;1.616
1267;28716;2.762
3313;44512;1.890
12481;2597;1.932
20912;31319;1.477
3269;41606;1.185
12637;42957;2.203
12481;20959;1.301
16210;44512;1.313
20912;49605;1.426
137;44942;1.940
29286;8968;2.103
49605;6734;1.760
13253;20942;1.180
21309;49360;2.222
21333;48500;1.295
12835;20746;1.522
202056;20746;1.512
21309;49367;2.179
31263;47358;2.064
12445;31686;1.104
20942;6762;2.804
196865;202056;1.515
12637;31115;2.203
1267;20942;2.537
196865;29449;1.746
20942;21309;1.896
47902;5602;1.831
3302;50507;2.136
35617;39636;1.861
31495;47927;1.977
31115;8660;1.655
31686;35612;1.907
196753;50507;1.316
25002;42425;1.675
31686;35617;1.398
12835;34695;1.932
202056;34695;2.130
196753;20836;1.991
35574;9026;2.297
21309;48500;1.923
2594;6734;1.716
29050;8612;1.935
12874;21333;2.511
29177;8261;1.578
29177;8265;1.799
34695;57394;1.936
21101;44512;1.750
20811;42425;2.121
29449;31319;1.826
13253;20959;1.309
196983;20942;1.616
41606;50507;1.315
34695;44787;2.025
31319;50891;1.592
34695;60501;2.073
29449;49605;1.736
21101;5392;2.074
35574;50891;2.066
31034;43843;2.028
12445;35574;2.062
21101;5394;2.182
21101;5396;2.141
21101;5397;1.921
34695;6762;2.902
12874;48815;2.511
44942;60409;1.122
196983;28716;2.138
1267;20959;2.584
35617;44942;1.336
20912;6762;2.824
20959;41606;1.309
20836;6762;2.836
13253;196753;1.350
30848;42425;1.698
196865;20811;2.065
30848;5392;2.067
30848;5394;2.193
35612;6762;2.864
12481;15668;1.716
30848;5396;2.144
29177;51580;1.585
30848;5397;1.956
21056;41606;1.982
42425;43843;1.768
196865;6762;2.781
29177;62007;1.372
31033;43843;1.671
35574;5602;2.230
5392;8612;2.256
13253;15668;1.429
2597;48815;1.726
47242;48815;1.862
12874;39636;2.455
20746;29050;1.473
47358;8612;2.258
12637;3302;2.447
49360;57394;1.689
196983;20959;1.599
15668;44512;1.576
16076;51580;1.410
1267;15668;2.545
49360;60501;1.917
3269;42957;1.535
13180;196983;1.431
12850;196865;2.139
12445;57394;0.910
13180;43843;1.713
44942;47242;1.883
16076;62007;1.269
34695;47358;2.000
12445;44787;1.333
137;16076;1.924
12445;60501;1.328
13180;3302;2.084
5397;60409;1.595
28716;49360;2.347
12874;9026;2.622
2597;39636;1.867
12850;3269;2.210
28716;49367;2.306
31611;5392;2.006
2597;44942;1.756
49605;6762;2.800
31611;5394;2.169
25002;29286;1.904
31611;5396;2.068
31611;5397;1.779
12445;30848;1.700
21333;8612;1.578
16210;196865;0.931
12874;44942;2.514
35612;48815;1.907
47358;48815;1.705
12637;3313;2.361
25002;45015;1.579
20942;21333;1.085
13253;6734;1.659
2594;48815;1.340
45015;60409;1.344
20811;29286;2.011
5602;8612;2.142
5396;60409;2.009
196753;3269;1.465
12779;31611;2.440
45015;47242;1.782
50507;9026;1.838
196865;50507;1.315
28716;48500;2.145
6762;8612;2.808
20811;45015;2.023
20959;31115;1.641
20942;48815;1.084
12779;21101;2.485
196865;20836;1.895
8612;8968;2.039
13180;3313;1.821
29050;47902;1.218
2594;6762;2.746
35612;39636;1.971
21056;31115;2.137
20746;47902;1.316
12874;5602;2.608
