51958;9038;1.479
48832;8376;1.138
48832;50670;1.394
42912;50670;1.479
28730;51958;1.268
47887;8376;1.483
51958;8376;0.927
50670;8697;1.488
28730;8697;1.471
8697;9038;1.514
28730;47887;1.484
42912;9038;1.509
42912;47887;1.511
8376;9038;1.479
48832;8697;1.445
47887;8697;1.515
42912;8376;1.398
51958;8697;1.433
50670;9038;1.493
50670;51958;1.386
47887;48832;1.476
28730;9038;1.452
28730;42912;1.432
47887;51958;1.483
42912;48832;1.376
50670;8376;1.385
48832;51958;1.139
42912;51958;1.398
28730;8376;1.267
48832;9038;1.482
42912;8697;1.492
8376;8697;1.433
47887;9038;1.507
47887;50670;1.496
28730;50670;1.381
28730;48832;1.318
