15399;36866;2.351
15808;37137;1.596
36866;36914;1.466
12455;37219;1.414
12556;36914;1.400
12455;36866;1.570
33771;37137;1.642
12455;12556;1.539
12556;33770;1.305
12455;37061;1.469
12556;33771;1.763
15808;37219;1.579
15808;36866;1.759
36914;37137;1.139
12556;15808;1.707
36866;37137;1.490
12556;37137;1.269
33771;37219;1.710
33771;36866;1.922
15808;37061;1.681
37137;37219;1.179
12455;15399;2.265
33771;37061;1.475
36914;37219;1.190
36866;37219;1.369
12556;37219;1.320
33770;36914;1.206
33770;33771;1.695
37061;37137;1.231
12556;36866;1.629
33770;37137;1.154
36914;37061;1.233
15399;36914;2.175
15399;33770;2.162
36866;37061;1.588
12556;37061;1.340
15399;33771;2.246
15399;15808;2.325
37061;37219;1.270
12455;36914;1.211
12455;33770;1.387
15399;37137;2.142
12455;33771;1.842
33770;37219;1.268
12455;15808;1.566
15808;36914;1.509
15399;37219;2.198
33770;37061;1.268
12455;37137;1.340
33770;36866;1.540
33771;36914;1.685
12556;15399;2.146
15808;33770;1.630
15808;33771;1.950
15399;37061;2.075
