29061;8511;1.270
12997;59527;1.202
29061;59527;1.229
197118;57096;1.292
25035;61010;1.283
12997;8511;1.306
41750;61010;1.323
12764;61010;1.327
41750;8449;0.969
197118;41750;1.256
12764;197118;1.264
12764;25035;1.180
25035;8449;1.158
12764;29061;1.219
59527;8449;0.926
25035;29061;1.255
197118;59527;1.260
8449;8511;1.314
12764;8511;1.325
57096;8511;1.339
61010;8511;0.901
59527;61010;1.316
197118;8511;1.251
12997;61010;1.308
25035;41750;1.171
29061;8449;1.229
25035;57096;1.191
12764;41750;0.943
41750;57096;1.033
57096;61010;1.341
12764;57096;1.037
12997;8449;1.202
12997;25035;1.018
29061;61010;1.272
12997;29061;1.279
12764;59527;0.981
12764;12997;1.216
25035;59527;1.158
197118;61010;1.252
41750;59527;0.969
41750;8511;1.321
197118;25035;1.246
12764;8449;0.980
57096;8449;1.006
25035;8511;1.280
61010;8449;1.316
197118;8449;1.260
59527;8511;1.313
12997;41750;1.215
197118;29061;1.211
12997;197118;1.280
12997;57096;1.206
29061;41750;1.211
57096;59527;1.006
29061;57096;1.250
