38235;45348;1.194
131178;38623;1.178
131178;55329;1.345
23673;38623;1.368
131178;45348;1.299
24492;55329;1.460
23673;55329;1.389
132080;38286;1.448
131207;132080;1.495
132730;24492;1.477
131207;24492;1.486
38209;9902;1.365
131178;38209;0.935
38209;38286;1.028
24492;38209;1.372
23673;38209;1.413
132730;38235;1.472
131207;38235;1.487
131178;23673;1.370
38235;38286;1.270
131178;38286;1.111
24492;38286;1.393
23673;38286;1.358
132080;132730;1.490
38623;9902;1.424
132730;45348;1.480
38286;9902;1.429
38235;9902;1.451
131207;45348;1.494
132080;24492;1.466
132080;38235;1.472
131178;132730;1.451
132730;38623;1.465
132730;55329;1.486
131207;38623;1.478
38209;38235;1.339
131207;55329;1.483
38286;38623;1.246
23673;9902;1.481
38286;55329;1.308
132730;9902;1.512
38286;45348;1.314
131178;132080;1.453
132730;38209;1.455
131207;9902;1.503
131207;38209;1.469
132730;23673;1.495
45348;9902;1.459
131207;23673;1.495
24492;9902;1.455
131178;24492;1.383
131178;9902;1.418
23673;24492;1.453
131178;38235;1.261
132080;45348;1.478
24492;38235;1.420
23673;38235;1.297
38209;45348;1.373
132080;38623;1.449
132730;38286;1.458
132080;55329;1.479
131207;38286;1.466
55329;9902;1.466
132080;9902;1.493
45348;55329;1.402
38209;38623;1.293
38209;55329;1.314
132080;38209;1.447
132080;23673;1.480
24492;38623;1.381
24492;45348;1.433
23673;45348;1.322
38623;55329;1.400
131178;131207;1.469
38623;45348;1.297
38235;38623;1.255
38235;55329;1.383
131207;132730;1.497
