38235;45348;1.258
131178;38623;1.180
131178;55329;1.585
23673;38623;1.599
131178;45348;1.401
24492;55329;1.814
23673;55329;1.703
132080;38286;1.689
131207;132080;2.033
132730;24492;1.863
131207;24492;1.921
38209;9902;1.552
131178;38209;0.935
38209;38286;1.029
24492;38209;1.485
23673;38209;1.608
132730;38235;1.786
131207;38235;1.932
131178;23673;1.581
38235;38286;1.323
131178;38286;1.112
24492;38286;1.538
23673;38286;1.529
132080;132730;1.945
38623;9902;1.709
132730;45348;1.841
38286;9902;1.668
38235;9902;1.803
131207;45348;1.955
132080;24492;1.780
132080;38235;1.786
131178;132730;1.699
132730;38623;1.804
132730;55329;1.937
131207;38623;1.938
38209;38235;1.368
131207;55329;1.965
38286;38623;1.249
23673;9902;1.974
38286;55329;1.483
132730;9902;2.040
38286;45348;1.414
131178;132080;1.702
132730;38209;1.687
131207;9902;2.062
131207;38209;1.822
132730;23673;1.970
45348;9902;1.827
131207;23673;2.031
24492;9902;1.815
131178;24492;1.510
131178;9902;1.633
23673;24492;1.772
131178;38235;1.309
132080;45348;1.850
24492;38235;1.594
23673;38235;1.431
38209;45348;1.447
132080;38623;1.743
132730;38286;1.729
132080;55329;1.922
131207;38286;1.837
55329;9902;1.864
132080;9902;1.969
45348;55329;1.711
38209;38623;1.300
38209;55329;1.491
132080;38209;1.679
132080;23673;1.913
24492;38623;1.556
24492;45348;1.666
23673;45348;1.509
38623;55329;1.681
131178;131207;1.869
38623;45348;1.429
38235;38623;1.330
38235;55329;1.661
131207;132730;2.032
