1237;17857;1.010
18302;4040;1.388
10158;9316;1.517
4040;9316;1.403
10158;9318;1.528
3786;9950;1.487
38107;9316;1.382
6619;9871;1.519
4040;9318;1.506
38107;9318;1.505
17579;17615;1.454
3786;9957;1.524
10036;23575;1.288
10160;4670;1.149
4670;9950;0.926
3786;9689;1.487
4670;9957;1.463
1237;9286;1.355
38097;9457;0.926
4670;9689;0.926
18302;9316;1.319
45400;4766;1.495
18302;9318;1.507
17579;18302;1.454
9848;9950;1.238
9845;9848;1.307
9848;9957;1.477
38091;9286;1.187
18302;3786;1.513
45400;9457;0.926
23575;9286;1.186
1237;4670;1.251
17857;18302;0.908
3786;4766;1.542
17579;38107;1.481
4670;4766;1.514
6619;9950;1.490
38095;9286;1.186
6619;9957;1.541
10036;1237;1.396
38091;4670;1.246
38097;9842;0.911
6619;9689;1.490
38097;9845;0.925
3786;9457;1.502
38097;9848;1.238
17615;4040;1.384
17615;17864;0.909
23575;4670;0.926
38097;6619;1.490
4670;9457;1.246
38091;45400;0.926
3786;38107;1.511
10158;3786;1.539
4766;9286;1.513
17857;4040;1.286
38095;4670;0.926
45400;9842;0.911
45400;9845;0.925
17615;9316;1.297
10160;17864;1.148
17615;9318;1.503
45400;9848;1.238
9286;9316;1.327
9286;9318;1.491
9871;9950;0.927
17579;4040;1.453
9871;9957;1.463
17615;3786;1.510
17857;9316;0.926
17857;9318;1.476
17864;9871;0.927
10158;9286;1.516
10036;38091;1.394
4040;9286;1.414
38107;9286;1.429
17579;17857;1.357
10036;38095;1.288
3786;9842;1.511
10036;38097;1.288
3786;9845;1.502
17615;45400;0.909
3786;9848;1.497
9318;9871;1.493
6619;9457;1.513
17857;3786;1.487
17579;9316;1.430
4670;9842;1.298
17579;9318;1.519
4670;9845;1.246
3786;6619;1.543
4670;9848;1.331
17864;38091;0.926
17864;38095;0.000
18302;9286;1.363
17864;38097;0.000
18302;38091;1.276
4670;6619;1.519
18302;38095;0.908
18302;38097;0.908
10160;9871;1.148
10160;45400;1.148
17579;3786;1.518
1237;45400;1.010
17857;38107;1.267
10158;4670;1.517
4040;4670;1.403
38107;4670;1.382
38095;45400;0.000
10158;38091;1.513
10158;38095;1.498
10158;38097;1.498
18302;4670;1.319
1237;17864;1.010
17864;9950;0.000
10036;4040;1.463
17864;9957;1.415
45400;6619;1.490
6619;9842;1.525
6619;9845;1.513
1237;9871;1.251
17864;9689;0.000
9316;9318;1.493
6619;9848;1.525
9318;9950;1.476
17615;23575;0.909
9318;9957;1.525
9318;9689;1.476
9457;9871;1.246
10036;9316;1.362
10036;9318;1.514
10160;9950;1.148
38091;9871;1.246
10160;9957;1.480
10160;23575;1.148
1237;23575;1.010
10160;9689;1.148
23575;9871;0.927
17615;9286;1.187
10036;3786;1.505
17864;4766;1.495
10158;17579;1.527
23575;38107;1.267
38095;9871;0.927
17857;9286;1.186
1237;9950;1.010
17864;9457;0.926
1237;9957;1.453
17615;4670;1.297
10160;4766;1.516
17579;9286;1.461
1237;9689;1.010
9457;9950;0.926
9318;9457;1.490
10036;17579;1.480
9457;9957;1.459
4766;9871;1.514
38091;38095;0.926
38091;9950;0.926
38091;38097;0.926
9457;9689;0.926
17857;4670;0.926
38091;9957;1.459
38091;9689;0.926
23575;9950;0.000
10160;9457;1.319
23575;9957;1.415
17864;18302;0.908
10158;17615;1.519
23575;9689;0.000
17579;4670;1.430
10158;9871;1.517
4040;9871;1.403
1237;4766;1.522
38107;9871;1.382
38095;9950;0.000
38095;9957;1.415
38097;4040;1.286
17864;9842;0.911
17579;17864;1.357
38095;9689;0.000
17864;9845;0.925
10158;18302;1.520
17864;9848;1.238
17864;6619;1.490
18302;9871;1.320
3786;45400;1.487
38091;4766;1.495
9318;9842;1.503
9318;9845;1.490
1237;9457;1.311
9318;9848;1.484
38097;9316;0.926
10036;17615;1.385
38097;9318;1.476
4766;9950;1.495
23575;4766;1.495
10036;9286;1.423
4766;9957;1.530
10160;9842;1.362
10036;10158;1.519
10160;9845;1.319
4766;9689;1.495
38097;38107;1.267
10160;9848;1.365
38091;9457;0.926
38095;4766;1.495
10036;18302;1.384
45400;9316;0.926
23575;9457;0.926
45400;9318;1.476
10158;9950;1.498
4040;9950;1.286
17579;45400;1.357
38107;9950;1.267
3786;4040;1.512
10158;9957;1.527
10036;4670;1.362
4040;9957;1.473
38107;9957;1.472
10158;9689;1.498
4040;9689;1.286
38107;9689;1.267
9842;9871;1.298
38095;9457;0.926
10036;38107;1.377
1237;9842;1.281
18302;9950;0.908
1237;9845;1.317
1237;9848;1.389
18302;9957;1.463
3786;9316;1.487
17857;45400;0.000
3786;9318;1.517
9689;9871;0.927
1237;6619;1.528
18302;9689;0.908
17615;38091;0.926
9457;9842;0.926
4670;9316;0.926
17864;38107;1.267
9457;9845;0.926
17615;38095;0.909
4670;9318;1.493
17615;38097;0.909
9457;9848;1.307
38091;9842;0.927
18302;38107;1.346
38091;9845;0.926
17615;9871;1.298
38091;9848;1.307
4766;9457;1.495
9286;9871;1.327
10158;4766;1.543
4040;4766;1.523
38107;4766;1.523
23575;9842;0.911
10158;17857;1.498
23575;9845;0.925
10160;38091;1.319
17857;17864;0.000
23575;9848;1.238
1237;38091;1.311
10158;38107;1.522
10160;38095;1.148
1237;38095;1.010
10160;38097;1.148
17857;9871;0.927
1237;38097;1.010
17579;23575;1.357
10160;6619;1.526
38095;38097;0.000
38095;9842;0.911
18302;4766;1.523
38095;9845;0.925
10158;9457;1.513
38095;9848;1.238
9842;9950;0.911
4040;9457;1.357
38107;9457;1.384
17579;9871;1.430
9842;9957;1.465
9950;9957;1.415
6619;9316;1.519
6619;9318;1.537
9689;9950;0.000
17857;23575;0.000
10036;17857;1.288
38097;9286;1.186
18302;9457;1.276
9689;9957;1.415
4766;9842;1.525
4766;9845;1.495
17615;9950;0.909
4766;9848;1.513
23575;45400;0.000
17615;9957;1.465
9286;9950;1.186
4766;6619;1.553
17615;9689;0.909
9286;9957;1.480
4040;45400;1.286
9286;9689;1.186
17857;9950;0.000
45400;9286;1.186
10160;17579;1.453
17857;9957;1.415
38097;4670;0.926
10158;9842;1.519
4040;9842;1.384
17857;9689;0.000
38107;9842;1.343
38091;6619;1.513
10158;9845;1.513
4040;9845;1.358
38107;9845;1.384
10158;9848;1.524
9316;9871;0.927
4040;9848;1.434
38107;9848;1.415
17579;9950;1.357
38107;6619;1.530
23575;6619;1.490
17579;9957;1.486
17579;9689;1.357
18302;9842;0.998
10036;9871;1.362
3786;9286;1.508
18302;9845;1.276
17615;4766;1.525
18302;9848;1.371
45400;4670;0.926
4670;9286;1.327
38095;6619;1.490
10036;10160;1.409
38091;38107;1.384
17857;4766;1.495
17615;9457;0.926
10160;1237;1.319
17615;18302;0.997
10160;17615;1.362
38107;45400;1.267
9286;9457;1.186
3786;4670;1.487
17579;38091;1.439
17864;4040;1.286
17579;4766;1.531
17579;38095;1.357
17579;38097;1.357
9316;9950;0.926
17857;9457;0.926
9316;9957;1.463
10158;10160;1.519
1237;17579;1.376
9316;9689;0.926
10160;18302;1.371
1237;18302;1.296
9842;9845;0.927
9842;9848;1.357
17864;9316;0.926
17864;9318;1.476
10036;9950;1.288
17579;9457;1.439
6619;9286;1.517
10036;9957;1.469
10160;4040;1.428
10158;6619;1.549
9689;9842;0.911
4040;6619;1.526
10036;9689;1.288
9689;9845;0.925
3786;38091;1.503
9845;9871;1.246
9689;9848;1.238
17864;3786;1.487
3786;38095;1.487
3786;38097;1.487
17615;9842;0.911
17615;9845;0.925
17615;9848;1.357
9286;9842;1.187
10160;9316;1.148
10158;17864;1.498
10160;9318;1.493
18302;6619;1.526
9286;9845;1.186
9286;9848;1.389
17857;9842;0.911
17857;9845;0.925
17857;9848;1.238
10160;3786;1.503
1237;4040;1.399
10036;4766;1.518
1237;17615;1.281
17579;9842;1.454
9316;9457;1.246
17864;45400;0.000
17579;9845;1.439
17579;9848;1.479
38097;9871;0.927
18302;45400;0.908
38091;4040;1.358
10036;17864;1.288
1237;9316;1.251
1237;9318;1.502
17615;17857;0.909
10036;9457;1.394
9845;9950;0.925
17615;38107;1.342
23575;4040;1.286
9845;9957;1.459
10158;45400;1.498
17857;38091;0.926
17857;38095;0.000
17857;38097;0.000
38097;45400;0.000
1237;3786;1.506
45400;9871;0.927
38091;9316;1.246
38091;9318;1.490
10160;17857;1.148
38095;4040;1.286
10160;38107;1.420
1237;38107;1.386
23575;9316;0.926
23575;9318;1.476
38095;38107;1.267
17615;6619;1.525
9316;9842;1.298
9316;9845;1.245
9316;9848;1.331
10158;1237;1.518
23575;3786;1.487
3786;9871;1.488
38095;9316;0.926
10036;45400;1.288
38095;9318;1.476
38097;9950;0.000
17864;23575;0.000
17864;9286;1.186
4670;9871;0.927
18302;23575;0.908
38097;9957;1.415
17857;6619;1.490
10036;9842;1.385
10036;9845;1.394
38097;9689;0.000
10036;9848;1.439
10036;6619;1.527
9848;9871;1.331
10158;23575;1.498
17579;6619;1.541
4766;9316;1.514
45400;9950;0.000
4766;9318;1.535
10160;9286;1.364
45400;9957;1.415
10158;4040;1.522
17864;4670;0.926
38107;4040;1.448
23575;38091;0.926
45400;9689;0.000
23575;38095;0.000
23575;38097;0.000
38097;4766;1.495
