21282;41798;1.408
51363;9198;1.430
51363;5434;1.168
21282;41371;1.276
41798;9198;1.491
41798;5434;1.408
21282;50482;0.931
29046;51363;1.011
35566;51363;1.052
44256;8393;1.113
41798;51363;1.348
41798;8825;1.408
41371;8393;1.282
21282;8825;0.931
21282;59583;1.105
21282;43994;1.126
21299;8825;1.105
35168;8825;1.254
39824;44256;1.219
39824;8825;1.181
35168;51363;1.052
8393;8825;0.943
44256;51363;1.201
21282;9198;1.352
21282;5434;0.931
21299;9198;1.360
21299;5434;1.105
50482;8825;0.931
35168;9198;1.448
35168;5434;1.254
35104;51363;1.219
29046;8825;1.196
21299;41798;1.415
39824;9198;1.431
39824;5434;1.181
21299;41371;1.252
35566;8393;1.258
21299;50482;1.105
21282;35104;1.340
8393;9198;1.352
35104;9198;1.473
35104;5434;1.340
5434;9198;1.352
50482;9198;1.352
50482;5434;0.931
29046;9198;1.432
29046;5434;1.196
197556;41798;1.359
35104;8825;1.340
21282;35566;1.254
197556;41371;1.262
5434;8825;0.931
43994;50482;1.126
197556;50482;1.262
39824;51363;0.970
197686;8825;1.181
59583;8393;1.113
43994;59583;0.967
41371;41798;1.429
21282;44256;1.105
41371;50482;1.276
197686;41798;1.353
29046;41798;1.360
197686;41371;1.284
197686;21282;1.181
29046;41371;1.303
21299;59583;0.931
21299;43994;0.967
50482;51363;1.168
21282;39824;1.181
197686;50482;1.181
197686;5434;1.181
197556;21282;1.262
197686;9198;1.431
35566;41798;1.356
29046;50482;1.196
21282;35168;1.254
41371;59583;1.252
41371;43994;1.267
35566;41371;1.254
35566;50482;1.254
44256;5434;1.105
43994;8393;1.127
41798;50482;1.408
197686;43994;1.237
197686;59583;1.219
29046;59583;1.247
197556;43994;1.331
197556;59583;1.324
35168;41798;1.356
35566;59583;1.315
35168;41371;1.254
197556;8393;1.266
44256;8825;1.105
35168;50482;1.254
41371;8825;1.276
51363;8393;1.173
21299;35104;1.391
44256;50482;1.105
35104;41798;1.391
35104;41371;1.333
35104;50482;1.340
21282;29046;1.196
35168;59583;1.316
35168;43994;1.327
8825;9198;1.352
44256;9198;1.360
41371;9198;1.429
41371;5434;1.276
35566;5434;1.254
21299;39824;1.219
21299;35566;1.315
197686;35104;1.227
29046;43994;1.261
43994;44256;0.967
197556;35104;1.154
21282;21299;1.105
35104;59583;1.391
197556;197686;1.083
35566;43994;1.327
41798;59583;1.415
41798;43994;1.418
35566;8825;1.254
39824;41798;1.353
197686;35566;1.078
39824;41371;1.284
21299;44256;0.931
41798;8393;1.410
21282;8393;0.943
21282;51363;1.168
197556;35566;0.948
197556;39824;1.083
39824;50482;1.181
21299;8393;1.113
41371;44256;1.252
35168;8393;1.258
39824;8393;1.185
44256;59583;0.930
35566;9198;1.448
29046;35104;1.231
21299;35168;1.316
197686;44256;1.219
39824;59583;1.219
35104;43994;1.395
21299;29046;1.247
197556;44256;1.324
50482;8393;0.943
35168;35566;0.926
59583;8825;1.105
29046;8393;1.199
197686;39824;0.970
29046;39824;1.012
29046;35566;1.102
197686;35168;1.079
51363;59583;1.201
43994;51363;1.224
35104;35566;1.151
197556;35168;0.948
35566;39824;1.078
35168;44256;1.316
59583;9198;1.360
21299;51363;1.201
5434;59583;1.105
39824;43994;1.237
35104;8393;1.341
29046;44256;1.247
5434;8393;0.943
41371;51363;1.270
35104;44256;1.391
43994;8825;1.126
35566;44256;1.315
35168;39824;1.079
41798;44256;1.415
197686;51363;0.970
197686;8393;1.185
29046;35168;1.102
197556;8825;1.262
35104;39824;1.227
197686;29046;1.012
197556;51363;1.066
35104;35168;1.151
197556;29046;1.106
51363;8825;1.168
43994;9198;1.362
43994;5434;1.126
50482;59583;1.105
197686;21299;1.219
197556;9198;1.450
197556;21299;1.324
197556;5434;1.262
