21282;41798;1.484
51363;9198;1.643
51363;5434;1.168
21282;41371;1.276
41798;9198;1.760
41798;5434;1.484
21282;50482;0.931
29046;51363;1.019
35566;51363;1.052
44256;8393;1.116
41798;51363;1.364
41798;8825;1.484
41371;8393;1.286
21282;8825;0.931
21282;59583;1.105
21282;43994;1.136
21299;8825;1.105
35168;8825;1.254
39824;44256;1.219
39824;8825;1.191
35168;51363;1.052
8393;8825;0.943
44256;51363;1.201
21282;9198;1.475
21282;5434;0.931
21299;9198;1.486
21299;5434;1.105
50482;8825;0.931
35168;9198;1.696
35168;5434;1.254
35104;51363;1.302
29046;8825;1.205
21299;41798;1.439
39824;9198;1.647
39824;5434;1.191
21299;41371;1.252
35566;8393;1.259
21299;50482;1.105
21282;35104;1.454
8393;9198;1.480
35104;9198;1.829
35104;5434;1.454
5434;9198;1.475
50482;9198;1.475
50482;5434;0.931
29046;9198;1.650
29046;5434;1.205
197556;41798;1.384
35104;8825;1.454
21282;35566;1.254
197556;41371;1.272
5434;8825;0.931
43994;50482;1.136
197556;50482;1.272
39824;51363;0.970
197686;8825;1.191
59583;8393;1.116
43994;59583;0.967
41371;41798;1.586
21282;44256;1.105
41371;50482;1.276
197686;41798;1.387
29046;41798;1.419
197686;41371;1.301
197686;21282;1.191
29046;41371;1.334
21299;59583;0.931
21299;43994;0.967
50482;51363;1.168
21282;39824;1.191
197686;50482;1.191
197686;5434;1.191
197556;21282;1.272
197686;9198;1.647
35566;41798;1.373
29046;50482;1.205
21282;35168;1.254
41371;59583;1.252
41371;43994;1.281
35566;41371;1.254
35566;50482;1.254
44256;5434;1.105
43994;8393;1.139
41798;50482;1.484
197686;43994;1.238
197686;59583;1.219
29046;59583;1.266
197556;43994;1.348
197556;59583;1.329
35168;41798;1.373
35566;59583;1.315
35168;41371;1.255
197556;8393;1.277
44256;8825;1.105
35168;50482;1.254
41371;8825;1.276
51363;8393;1.174
21299;35104;1.542
44256;50482;1.105
35104;41798;1.556
35104;41371;1.443
35104;50482;1.454
21282;29046;1.205
35168;59583;1.316
35168;43994;1.338
8825;9198;1.475
44256;9198;1.486
41371;9198;1.669
41371;5434;1.276
35566;5434;1.254
21299;39824;1.219
21299;35566;1.315
197686;35104;1.319
29046;43994;1.282
43994;44256;0.967
197556;35104;1.197
21282;21299;1.105
35104;59583;1.542
197556;197686;1.095
35566;43994;1.338
41798;59583;1.439
41798;43994;1.443
35566;8825;1.254
39824;41798;1.387
197686;35566;1.087
39824;41371;1.301
21299;44256;0.931
41798;8393;1.488
21282;8393;0.943
21282;51363;1.168
197556;35566;0.950
197556;39824;1.095
39824;50482;1.191
21299;8393;1.116
41371;44256;1.252
35168;8393;1.259
39824;8393;1.196
44256;59583;0.930
35566;9198;1.696
29046;35104;1.329
21299;35168;1.316
197686;44256;1.219
39824;59583;1.219
35104;43994;1.559
21299;29046;1.266
197556;44256;1.329
50482;8393;0.943
35168;35566;0.926
59583;8825;1.105
29046;8393;1.209
197686;39824;0.970
29046;39824;1.023
29046;35566;1.128
197686;35168;1.087
51363;59583;1.201
43994;51363;1.225
35104;35566;1.192
197556;35168;0.950
35566;39824;1.087
35168;44256;1.316
59583;9198;1.486
21299;51363;1.201
5434;59583;1.105
39824;43994;1.238
35104;8393;1.457
29046;44256;1.266
5434;8393;0.943
41371;51363;1.270
35104;44256;1.542
43994;8825;1.136
35566;44256;1.315
35168;39824;1.087
41798;44256;1.439
197686;51363;0.970
197686;8393;1.196
29046;35168;1.129
197556;8825;1.272
35104;39824;1.319
197686;29046;1.022
197556;51363;1.072
35104;35168;1.193
197556;29046;1.134
51363;8825;1.168
43994;9198;1.496
43994;5434;1.136
50482;59583;1.105
197686;21299;1.219
197556;9198;1.705
197556;21299;1.329
197556;5434;1.272
