39010;42852;0.948
24634;9051;1.180
24634;51910;1.460
31126;42334;1.177
39010;9051;0.949
42020;42852;1.398
42852;57256;0.923
35074;9051;1.433
51910;9051;1.431
39010;57256;0.948
42020;9051;1.401
42334;57256;0.923
42852;9051;0.948
31126;42852;1.177
51910;57256;1.429
42852;51910;1.429
35074;42020;1.500
39010;51910;1.432
42334;51910;1.429
31126;57256;1.177
31126;39010;1.181
42020;57256;1.398
24634;42020;1.434
57256;9051;0.948
31126;51910;1.460
42020;51910;1.477
35074;42334;1.432
31126;9051;1.180
24634;35074;1.455
24634;31126;1.176
24634;42334;1.177
35074;42852;1.432
39010;42020;1.401
42334;9051;0.948
24634;42852;1.177
35074;39010;1.433
24634;39010;1.181
35074;57256;1.432
31126;42020;1.434
39010;42334;0.948
31126;35074;1.455
24634;57256;1.177
42334;42852;0.923
42020;42334;1.398
35074;51910;1.494
