2847;8764;2.184
2847;43700;1.113
21211;42675;1.207
34120;42675;1.130
24607;5522;0.937
21211;2847;1.428
13194;39354;2.227
34120;51172;1.369
13194;6769;2.181
13194;21412;2.308
34037;47205;1.201
34037;62282;0.941
21412;6769;1.338
15440;5522;0.025
34037;49550;1.304
5522;8764;1.984
42675;51172;1.288
39354;5522;1.380
34037;34120;1.442
24852;49550;1.352
24852;34120;1.440
13194;43700;2.030
42549;43700;0.014
24852;33922;1.654
15440;2847;1.118
21211;51172;1.283
33922;47205;1.631
15419;6769;1.117
39354;47205;1.606
33922;62282;1.403
15440;33922;1.410
24852;47205;1.549
42549;5522;0.014
34037;6769;1.286
21412;49550;1.338
33922;49550;1.420
24852;62282;1.333
24607;2847;1.295
15440;8764;1.987
21412;34120;1.438
33922;34120;1.686
21412;33922;1.655
15440;47205;0.942
39354;49550;1.412
21211;34037;1.231
47205;8764;2.133
21211;42549;0.956
15440;24607;0.945
15419;33922;1.432
34120;42549;1.132
34037;42675;1.279
15440;62282;0.025
21412;47205;1.549
15440;21211;0.968
51172;5522;0.934
34120;6769;1.343
34120;43700;1.132
24607;8764;2.159
15440;49550;0.962
15440;24852;1.343
5522;62282;0.014
43700;5522;0.014
21412;24607;1.340
21211;39354;1.629
15419;47205;1.407
34120;39354;1.672
21412;62282;1.331
21211;21412;1.555
15440;34120;1.140
15419;24607;1.115
62282;8764;1.984
42549;8764;1.984
39354;62282;1.379
21412;24852;1.347
21211;6769;1.303
15419;21211;1.429
24607;33922;1.421
15419;24852;1.438
15419;49550;1.132
5522;6769;0.933
42675;43700;0.935
21412;42675;1.414
15419;34120;1.468
39354;8764;2.368
33922;42675;1.671
34037;51172;1.242
2847;6769;1.292
47205;49550;1.293
39354;42675;1.652
24607;47205;1.279
13194;15419;2.190
49550;5522;0.953
24852;42675;1.416
21211;43700;0.956
24852;51172;1.469
33922;5522;1.404
43700;8764;1.984
42675;5522;0.935
24852;5522;1.335
15440;42675;0.943
15419;62282;1.118
24607;49550;0.951
24607;24852;1.340
6769;8764;2.157
15440;6769;0.942
24607;34120;1.345
2847;49550;1.302
34037;42549;0.943
47205;6769;1.276
47205;62282;0.925
2847;34120;1.508
13194;33922;2.250
2847;33922;1.649
24852;34037;1.589
21412;51172;1.475
33922;51172;1.548
15419;42675;1.435
39354;51172;1.522
34037;39354;1.430
24607;6769;0.933
13194;5522;2.030
49550;8764;2.158
13194;47205;2.115
51172;8764;2.144
2847;47205;1.407
24607;62282;0.934
13194;24607;2.184
62282;6769;0.933
42675;8764;1.989
2847;62282;1.111
42549;6769;0.933
15440;51172;0.943
21412;34037;1.601
13194;21211;2.129
33922;34037;1.456
21412;42549;1.333
13194;24852;2.308
13194;49550;2.189
13194;2847;2.207
42549;49550;0.953
33922;42549;1.404
24607;42675;1.311
13194;34120;2.232
39354;6769;1.396
51172;62282;0.932
39354;42549;1.380
2847;42675;1.433
24852;42549;1.335
24852;2847;1.575
43700;47205;0.925
34037;43700;0.943
21412;39354;1.650
15419;51172;1.259
33922;39354;1.402
24852;43700;1.335
15440;34037;0.952
15419;5522;1.120
13194;8764;2.549
43700;6769;0.933
42549;47205;0.925
15440;42549;0.025
33922;8764;2.373
24852;39354;1.636
47205;51172;1.254
13194;62282;2.029
43700;49550;0.953
42549;62282;0.014
34037;5522;0.943
21412;5522;1.333
24852;8764;2.206
15440;39354;1.386
15440;21412;1.341
15419;34037;1.319
15419;42549;1.120
34120;49550;1.356
24607;51172;1.149
21412;43700;1.333
13194;42675;2.147
42549;42675;0.935
33922;43700;1.404
21412;2847;1.578
21211;33922;1.633
42675;47205;1.187
2847;51172;1.103
39354;43700;1.380
34120;5522;1.132
15419;39354;1.408
51172;6769;1.146
43700;62282;0.014
42675;62282;0.933
15419;15440;1.129
15419;21412;1.453
49550;62282;0.951
21211;47205;0.956
34120;47205;1.347
42675;49550;1.321
21211;24607;1.304
34037;8764;2.201
24607;34037;1.289
21412;8764;2.193
21211;62282;0.956
15440;43700;0.025
34120;62282;1.130
24607;42549;0.937
21211;5522;0.956
2847;34037;1.392
15419;2847;1.385
2847;42549;1.113
21211;49550;1.301
21211;24852;1.566
21211;34120;1.371
2847;5522;1.113
24607;39354;1.397
13194;51172;2.159
42549;51172;0.934
15419;43700;1.120
49550;6769;0.950
2847;39354;1.632
13194;15440;2.034
34120;8764;2.103
33922;6769;1.421
15419;8764;2.170
42675;6769;1.309
24852;6769;1.341
21211;8764;2.138
13194;34037;2.027
13194;42549;2.030
47205;5522;0.925
43700;51172;0.934
24607;43700;0.937
49550;51172;1.165
