2847;8764;1.476
2847;43700;1.111
21211;42675;1.195
34120;42675;1.129
24607;5522;0.936
21211;2847;1.339
13194;39354;1.510
34120;51172;1.331
13194;6769;1.507
13194;21412;1.531
34037;47205;1.201
34037;62282;0.941
21412;6769;1.320
15440;5522;0.025
34037;49550;1.287
5522;8764;1.406
42675;51172;1.285
39354;5522;1.375
34037;34120;1.341
24852;49550;1.321
24852;34120;1.420
13194;43700;1.465
42549;43700;0.014
24852;33922;1.451
15440;2847;1.113
21211;51172;1.264
33922;47205;1.452
15419;6769;1.113
39354;47205;1.448
33922;62282;1.380
15440;33922;1.382
24852;47205;1.403
42549;5522;0.014
34037;6769;1.285
21412;49550;1.320
33922;49550;1.396
24852;62282;1.311
24607;2847;1.234
15440;8764;1.408
21412;34120;1.422
33922;34120;1.476
21412;33922;1.450
15440;47205;0.942
39354;49550;1.394
21211;34037;1.213
47205;8764;1.459
21211;42549;0.956
15440;24607;0.945
15419;33922;1.407
34120;42549;1.131
34037;42675;1.277
15440;62282;0.025
21412;47205;1.403
15440;21211;0.967
51172;5522;0.934
34120;6769;1.341
34120;43700;1.131
24607;8764;1.466
15440;49550;0.961
15440;24852;1.316
5522;62282;0.014
43700;5522;0.014
21412;24607;1.320
21211;39354;1.451
15419;47205;1.298
34120;39354;1.477
21412;62282;1.312
21211;21412;1.405
15440;34120;1.138
15419;24607;1.111
62282;8764;1.406
42549;8764;1.406
39354;62282;1.375
21412;24852;1.312
21211;6769;1.283
15419;21211;1.303
24607;33922;1.396
15419;24852;1.335
15419;49550;1.114
5522;6769;0.933
42675;43700;0.934
21412;42675;1.396
15419;34120;1.365
39354;8764;1.525
33922;42675;1.465
34037;51172;1.242
2847;6769;1.233
47205;49550;1.278
39354;42675;1.463
24607;47205;1.275
13194;15419;1.509
49550;5522;0.952
24852;42675;1.395
21211;43700;0.956
24852;51172;1.357
33922;5522;1.380
43700;8764;1.406
42675;5522;0.934
24852;5522;1.312
15440;42675;0.942
15419;62282;1.112
24607;49550;0.950
24607;24852;1.320
6769;8764;1.465
15440;6769;0.942
24607;34120;1.341
2847;49550;1.235
34037;42549;0.943
47205;6769;1.275
47205;62282;0.925
2847;34120;1.395
13194;33922;1.523
2847;33922;1.448
24852;34037;1.422
21412;51172;1.357
33922;51172;1.422
15419;42675;1.331
39354;51172;1.418
34037;39354;1.430
24607;6769;0.932
13194;5522;1.465
49550;8764;1.465
13194;47205;1.491
51172;8764;1.465
2847;47205;1.330
24607;62282;0.934
13194;24607;1.508
62282;6769;0.932
42675;8764;1.407
2847;62282;1.109
42549;6769;0.933
15440;51172;0.943
21412;34037;1.422
13194;21211;1.494
33922;34037;1.434
21412;42549;1.313
13194;24852;1.531
13194;49550;1.508
13194;2847;1.511
42549;49550;0.952
33922;42549;1.380
24607;42675;1.306
13194;34120;1.509
39354;6769;1.393
51172;62282;0.932
39354;42549;1.375
2847;42675;1.356
24852;42549;1.312
24852;2847;1.386
43700;47205;0.925
34037;43700;0.943
21412;39354;1.449
15419;51172;1.207
33922;39354;1.380
24852;43700;1.312
15440;34037;0.952
15419;5522;1.114
13194;8764;1.536
43700;6769;0.933
42549;47205;0.925
15440;42549;0.025
33922;8764;1.526
24852;39354;1.448
47205;51172;1.254
13194;62282;1.465
43700;49550;0.952
42549;62282;0.014
34037;5522;0.943
21412;5522;1.313
24852;8764;1.478
15440;39354;1.376
15440;21412;1.317
15419;34037;1.315
15419;42549;1.114
34120;49550;1.343
24607;51172;1.147
21412;43700;1.313
13194;42675;1.496
42549;42675;0.934
33922;43700;1.380
21412;2847;1.386
21211;33922;1.452
42675;47205;1.186
2847;51172;1.103
39354;43700;1.375
34120;5522;1.131
15419;39354;1.404
51172;6769;1.146
43700;62282;0.014
42675;62282;0.933
15419;15440;1.122
15419;21412;1.335
49550;62282;0.950
21211;47205;0.956
34120;47205;1.278
42675;49550;1.308
21211;24607;1.283
34037;8764;1.484
24607;34037;1.285
21412;8764;1.477
21211;62282;0.956
15440;43700;0.025
34120;62282;1.129
24607;42549;0.936
21211;5522;0.956
2847;34037;1.320
15419;2847;1.276
2847;42549;1.111
21211;49550;1.282
21211;24852;1.406
21211;34120;1.288
2847;5522;1.111
24607;39354;1.393
13194;51172;1.502
42549;51172;0.934
15419;43700;1.114
49550;6769;0.949
2847;39354;1.445
13194;15440;1.466
34120;8764;1.454
33922;6769;1.396
15419;8764;1.466
42675;6769;1.306
24852;6769;1.321
21211;8764;1.461
13194;34037;1.464
13194;42549;1.465
47205;5522;0.925
43700;51172;0.934
24607;43700;0.936
49550;51172;1.152
