31204;43831;1.226
25319;60456;1.365
1547;41221;1.514
1547;15836;1.516
25319;60685;1.205
31252;39526;1.461
31252;39279;1.474
25319;34645;1.138
1547;25319;1.515
35346;60456;1.456
15836;60456;1.353
35346;60685;1.371
43289;43925;1.298
34645;43925;1.297
15836;60685;1.259
31252;43831;1.492
15836;34645;0.980
35346;61059;1.251
25454;31204;1.373
15836;61059;0.926
60685;8926;1.351
25319;39526;1.138
25319;39279;1.296
15836;31252;1.460
43925;60456;1.263
25319;35346;1.344
43925;60685;1.197
43831;43925;1.188
39526;43925;1.297
35346;39526;1.307
35346;39279;1.430
25454;43289;1.375
25319;43831;1.226
15836;39526;0.980
15836;39279;1.337
43289;60456;1.359
34645;8926;1.418
34645;60456;1.387
31252;35346;1.466
43925;61059;1.294
39526;61059;0.982
43289;60685;1.266
34645;60685;1.259
60685;61059;1.260
35346;43831;1.383
43289;61059;0.985
34645;61059;0.982
15836;43831;1.285
39279;43289;1.340
31252;8926;1.509
1547;43925;1.517
43831;60456;1.354
39526;60456;1.387
25454;41221;1.319
43831;60685;1.087
39526;60685;1.259
34645;39526;0.923
34645;39279;1.342
43831;61059;1.286
41221;43289;1.292
15836;35346;1.250
1547;25454;1.520
25319;31204;0.923
43289;43831;1.292
34645;43831;1.290
31204;41221;1.226
1547;8926;1.523
39279;41221;1.384
1547;60456;1.519
31204;43289;1.157
1547;60685;1.517
60456;8926;1.453
1547;61059;1.516
41221;8926;1.300
31252;41221;1.492
25454;8926;1.427
39526;43831;1.290
1547;31252;1.528
39279;8926;1.484
34645;35346;1.307
43289;8926;1.421
31252;43289;1.461
31204;8926;1.425
15836;31204;1.136
1547;34645;1.516
25454;43925;1.311
25319;41221;1.226
1547;43831;1.514
25319;8926;1.425
25319;43289;1.157
35346;41221;1.383
15836;41221;1.285
60456;61059;1.354
35346;43289;1.256
39279;43925;1.366
15836;43289;0.983
1547;39526;1.516
15836;25319;1.136
1547;39279;1.520
25454;60456;1.408
1547;35346;1.523
25454;60685;1.337
25454;34645;1.379
43925;8926;1.379
41221;43925;1.187
25454;61059;1.374
60456;60685;1.354
34645;41221;1.290
39279;60456;1.432
25454;31252;1.504
31204;43925;1.250
39279;60685;1.363
34645;43289;1.005
61059;8926;1.419
31204;61059;1.137
39279;61059;1.337
25454;39526;1.379
41221;60456;1.354
31204;31252;1.455
41221;60685;1.086
39526;41221;1.290
25454;43831;1.319
31252;43925;1.493
41221;61059;1.286
39526;43289;1.005
1547;31204;1.515
31204;60456;1.365
31204;60685;1.205
31204;34645;1.138
25319;25454;1.373
15836;8926;1.419
39279;43831;1.385
25454;39279;1.410
39526;8926;1.418
35346;8926;1.431
25454;35346;1.429
25319;43925;1.250
15836;25454;1.373
1547;43289;1.516
31252;60456;1.506
25319;61059;1.137
31252;60685;1.483
41221;43831;0.925
35346;43925;1.404
31252;34645;1.461
31204;39526;1.138
31204;39279;1.296
15836;43925;1.293
43831;8926;1.300
39279;39526;1.342
31252;61059;1.460
25319;31252;1.455
31204;35346;1.344
