29453;51629;0.925
198961;51629;0.902
15397;47881;0.001
47451;47881;0.946
29453;47881;0.925
43940;47881;0.909
198961;29453;1.278
15397;198961;0.902
15397;47451;0.946
29453;47451;0.946
15397;8585;1.204
43940;47451;1.284
198961;47881;0.902
15397;43940;0.909
29453;43940;1.281
198961;43940;0.909
43940;8585;1.395
29453;8585;1.204
198961;47451;1.282
15397;51629;0.001
47451;51629;0.946
47881;8585;1.204
47881;51629;0.001
43940;51629;0.909
15397;29453;0.925
51629;8585;1.204
47451;8585;1.216
198961;8585;1.393
