19332;278;1.660
19332;28548;1.610
19332;28509;1.895
11172;8151;2.362
16531;28502;1.817
16531;28545;1.843
16531;28548;1.711
16531;28509;2.028
19373;22566;1.791
16960;262914;1.624
11172;28400;1.817
28400;7438;1.279
28396;7438;1.170
11172;6503;2.058
28377;6503;2.017
22894;28438;1.921
28510;28550;1.227
18592;6332;1.632
18592;28377;1.610
28510;28511;0.924
22011;28438;1.950
28510;28512;1.150
28510;28554;1.238
28510;28513;1.689
28400;28502;1.504
17072;6332;2.034
28400;28545;1.386
18734;262914;2.176
28400;28548;1.195
28400;28509;1.948
22566;28497;1.821
11172;22566;1.895
18734;28438;2.239
28545;6332;1.494
28545;28550;1.385
28502;8151;2.164
22566;22884;1.683
28545;28554;1.353
28512;7438;1.169
28497;28550;1.194
28497;28510;1.203
28497;28511;1.203
28497;28512;1.244
28497;28554;1.254
28497;28513;1.506
19332;28396;1.594
11888;8151;2.321
262914;278;1.220
28511;8151;2.165
16531;28396;1.697
14178;28400;1.725
19332;262914;1.621
11888;13999;1.946
28502;6503;2.007
22884;7438;1.275
28377;28497;1.287
11888;6503;2.071
22894;28550;1.471
22894;28510;1.550
22894;28511;1.550
22894;28512;1.494
22894;28554;1.483
22894;28513;1.879
22011;28550;1.574
22011;28510;1.639
22011;28511;1.639
28511;6503;2.021
22011;28512;1.566
22011;28513;1.964
22011;28554;1.571
18592;28497;1.516
28513;28545;1.828
22884;278;1.271
16531;16960;1.818
28513;28548;1.701
28396;28438;1.789
14178;22566;1.932
13999;22894;1.806
11888;22894;1.843
18734;28550;2.164
18592;22884;1.565
18734;28510;2.188
16531;7438;1.782
278;7438;1.225
18734;28511;2.188
18734;28512;2.118
18734;28554;2.129
18734;28513;2.309
13999;19373;1.648
13999;19332;1.978
28550;6332;1.322
11888;19373;1.751
11888;19332;1.956
278;28377;1.365
22884;22894;1.472
19373;28377;1.291
14178;6332;1.781
16531;17072;2.020
19332;28438;1.799
17072;22894;2.024
16531;28438;1.926
22011;6332;1.703
16960;8151;2.313
28438;28497;1.897
18734;22011;2.168
262914;28502;1.525
262914;28545;1.326
13999;28502;1.928
13999;28545;1.765
262914;28548;1.137
28554;6332;1.315
262914;28509;1.981
13999;28548;1.713
11888;28502;1.847
13999;28509;2.158
17072;19373;1.927
17072;19332;1.920
11888;28545;1.809
16960;22894;1.741
11172;28377;1.851
11888;28548;1.713
28396;28550;1.179
18734;6332;2.208
28396;28510;1.132
11888;28509;2.190
28396;28511;1.132
28396;28512;0.951
17072;278;1.941
28396;28554;1.175
28396;28513;1.684
11172;18592;2.000
28497;8151;2.105
28438;8151;2.329
22884;28502;1.457
28400;28438;1.854
16960;19373;1.662
16960;19332;1.736
22884;28545;1.401
22884;28548;1.168
28513;6332;1.717
22884;28509;1.900
11172;7438;1.837
19373;8151;2.076
17072;28502;2.001
28509;28545;1.886
17072;28545;1.981
28438;6503;2.097
28377;7438;1.293
28509;28548;1.947
278;28497;1.301
17072;28548;1.902
11888;16531;1.945
19332;28550;1.602
19373;28497;1.175
17072;28509;2.041
19332;28510;1.619
19332;28511;1.619
19332;28512;1.611
19332;28554;1.477
19332;28513;1.846
16531;28550;1.686
16531;28510;1.758
16531;28511;1.758
16531;28512;1.705
18592;262914;1.574
16531;28554;1.679
16531;28513;1.979
16960;28502;1.673
16960;28545;1.701
19373;6503;1.971
16960;28548;1.590
19373;22884;1.176
19332;8151;2.203
16960;28509;1.979
22894;6332;1.609
16531;18734;2.169
14178;28377;1.745
262914;28396;1.122
13999;28396;1.702
14178;18592;1.905
19332;22011;1.856
22894;28400;1.471
11172;28497;1.867
11888;28396;1.699
22011;28400;1.574
28509;8151;2.392
19332;6503;1.977
16531;22011;1.645
28400;28550;0.924
28400;28510;1.228
28400;28511;1.228
28400;28512;1.196
28400;28554;1.197
28400;28513;1.683
28502;7438;1.473
11172;22884;1.765
22884;28396;1.152
22566;6332;1.776
11888;7438;1.713
18734;28400;2.165
16960;6503;2.034
11888;16960;1.919
28511;7438;1.167
28509;6503;2.174
22011;22566;1.745
17072;28396;1.887
22566;22894;1.638
17072;8151;2.321
28510;8151;2.165
13999;16531;1.930
28497;6503;2.007
16960;28396;1.574
18734;22566;2.196
28512;28545;1.293
28512;28548;0.966
28548;6332;1.302
14178;28497;1.746
13999;17072;2.135
18592;278;1.631
11888;17072;2.151
28510;6503;2.021
262914;6332;1.267
262914;28438;1.896
13999;28438;2.081
13999;8151;2.319
28513;28550;1.683
11888;28438;2.083
28396;28400;1.180
28513;28554;1.680
14178;22884;1.731
22566;28502;1.828
22566;28545;1.861
11172;14178;1.907
22566;28548;1.726
22566;28509;2.017
13999;6503;2.135
22884;28438;1.790
18592;22894;1.581
28548;28550;1.194
11888;262914;1.733
28548;28554;1.192
17072;28438;1.899
19332;28400;1.603
18592;19373;1.587
18592;19332;1.843
28396;6332;1.285
13999;16960;1.938
16531;28400;1.687
6503;8151;2.345
18592;8151;2.250
16960;28438;1.863
262914;28550;1.222
262914;28510;1.162
28377;28502;1.459
262914;28511;1.162
14178;262914;1.715
13999;28550;1.701
28497;7438;1.196
28438;7438;1.875
262914;28512;1.138
13999;28510;1.704
28377;28545;1.459
262914;28554;1.240
262914;28513;1.725
13999;28511;1.704
13999;28512;1.708
13999;28554;1.773
13999;28513;2.049
28377;28548;1.274
28377;28509;2.010
11888;28550;1.749
19332;22566;1.733
11888;28510;1.737
11888;28511;1.737
11888;28512;1.712
11888;28554;1.793
11888;28513;1.998
18592;28502;1.748
13999;18734;2.265
18592;28545;1.685
16531;22566;1.658
22894;28377;1.564
18592;6503;2.061
18592;28548;1.574
13999;278;1.742
19373;7438;1.214
18592;28509;2.090
28545;8151;2.227
22011;28377;1.660
11888;18734;2.209
17072;6503;2.181
28512;6332;1.295
22884;28550;1.220
22884;28510;1.212
22884;28511;1.212
22884;28512;1.169
22884;28554;1.028
22884;28513;1.644
22566;278;1.789
22566;28396;1.713
28554;8151;2.140
13999;22011;1.859
28509;28550;1.948
28509;28510;1.957
17072;28550;1.951
28509;28511;1.957
17072;28510;1.964
11888;22011;1.904
28509;28512;1.945
18734;8151;2.461
17072;28511;1.964
28509;28554;1.859
28509;28513;2.158
17072;28512;1.902
17072;28554;1.892
17072;28513;2.118
28545;6503;2.040
18734;28377;2.187
19332;7438;1.582
22884;6332;1.307
17072;18734;2.299
16960;28550;1.572
16960;28510;1.661
16960;28511;1.661
16960;28512;1.590
16960;28554;1.546
16960;28513;1.870
28438;28502;1.914
28438;28545;1.890
19373;22894;1.582
16960;7438;1.623
28438;28548;1.804
11172;13999;2.092
28509;7438;1.975
28438;28509;1.965
28400;6332;1.322
17072;22011;2.051
28377;28396;1.258
16960;17072;1.954
16531;6332;1.772
278;6332;1.383
22894;28497;1.601
16531;262914;1.724
18592;28396;1.559
28550;8151;2.163
22011;28497;1.697
16960;22011;1.744
14178;8151;2.308
11172;22894;1.922
22566;28438;1.936
28510;7438;1.167
22011;22884;1.560
22011;8151;2.287
28550;6503;1.981
18734;28497;2.185
278;28502;1.524
278;28545;1.343
19373;28502;1.471
28511;28545;1.314
19373;28545;1.351
11172;19373;1.854
11172;19332;1.731
278;28548;1.058
28511;28548;1.149
278;28509;1.981
19373;28548;1.252
14178;6503;2.071
19373;28509;1.959
19373;278;1.310
19332;28377;1.520
18734;22884;2.138
13999;7438;1.709
28512;28550;1.195
22011;262914;1.620
16531;28377;1.741
22011;6503;2.022
28512;28554;1.189
28512;28513;1.696
16531;18592;1.784
262914;28400;1.223
13999;28400;1.701
28554;6503;1.968
28377;28438;1.901
11172;28502;1.902
28513;8151;2.124
11888;28400;1.750
11172;28545;1.886
11172;28548;1.823
18734;6503;2.207
11172;6332;1.916
11172;28509;1.990
14178;22894;1.843
28377;6332;1.259
18592;28438;2.010
28396;28497;1.226
16960;18734;2.186
22566;28550;1.685
22566;28510;1.766
22566;28511;1.766
22566;28512;1.721
22884;28400;1.221
22566;28554;1.687
22566;28513;1.990
13999;22566;1.955
28513;6503;2.133
14178;19373;1.786
14178;19332;1.875
11888;22566;1.959
22011;278;1.636
18734;278;2.137
6503;7438;1.992
17072;28400;1.951
22894;8151;2.223
18592;7438;1.620
278;28396;1.057
19373;28396;1.239
17072;7438;1.977
19332;28497;1.568
16960;28400;1.572
16531;28497;1.815
14178;28502;1.778
28377;28550;1.289
22894;6503;1.959
14178;28545;1.788
28377;28510;1.297
28377;28511;1.297
17072;22566;2.043
28545;7438;1.319
28377;28512;1.274
14178;28548;1.690
28377;28554;1.191
28377;28513;1.667
19332;22884;1.483
14178;28509;2.101
28502;6332;1.532
16960;278;1.635
22566;8151;2.269
11888;6332;1.780
6332;8151;2.196
16531;22884;1.670
18592;28550;1.366
18592;28510;1.588
11172;28396;1.807
28502;28545;1.634
18592;28511;1.588
28554;7438;1.269
18592;28512;1.569
18592;28554;1.542
18592;28513;1.875
28502;28548;1.493
28511;6332;1.335
28502;28509;1.975
16960;22566;1.857
18734;7438;2.171
18592;18734;2.245
28400;28497;1.195
22566;6503;1.964
6332;6503;2.050
14178;278;1.727
11172;11888;2.041
18592;22011;1.678
28548;8151;2.141
28550;28554;1.196
278;28438;1.831
19373;28438;1.873
262914;8151;2.202
28438;28550;1.854
28438;28510;1.891
28438;28511;1.891
28438;28512;1.791
28438;28554;1.795
28438;28513;2.086
11172;16531;1.889
28550;7438;1.279
28548;6503;1.987
14178;28396;1.691
11172;17072;1.969
262914;6503;2.020
262914;28377;1.269
14178;7438;1.699
13999;28377;1.829
11172;28438;1.880
11888;28377;1.806
13999;18592;1.836
22011;7438;1.661
11888;18592;1.899
28510;28545;1.314
28510;28548;1.149
22566;28400;1.686
28400;8151;2.164
28396;8151;2.142
22884;28377;1.183
22011;22894;1.471
16531;8151;2.280
278;28550;1.279
28511;28550;1.227
278;28510;1.239
278;28511;1.239
19373;28550;1.245
278;28512;1.051
19373;28510;1.178
28511;28512;1.150
278;28554;1.281
278;28513;1.721
19373;28511;1.178
28511;28554;1.238
28511;28513;1.689
19373;28512;1.257
19373;28554;1.216
19373;28513;1.652
28438;6332;1.945
17072;28377;1.994
28396;6503;1.974
28545;28548;1.294
28497;28502;1.420
14178;16531;1.908
17072;18592;2.113
28497;28545;1.379
19373;262914;1.274
28497;28548;1.243
11172;16960;1.779
28513;7438;1.677
28497;28509;1.989
18734;22894;2.168
14178;17072;2.100
19373;6332;0.924
16960;28377;1.608
16531;278;1.773
28512;8151;2.151
28377;28400;1.290
14178;28438;2.012
262914;28497;1.249
11172;28550;1.816
19373;22011;1.674
11172;28510;1.873
18734;19373;2.153
18734;19332;2.200
11172;28511;1.873
13999;28497;1.752
11172;28512;1.822
11172;28554;1.756
11172;28513;2.077
22894;28502;1.707
11888;28497;1.770
22894;28545;1.663
18592;28400;1.366
22011;28502;1.796
22894;28548;1.503
22011;28545;1.726
22894;28509;2.003
22011;28548;1.575
11172;18734;2.212
22011;28509;2.054
13999;262914;1.609
28512;6503;1.976
22884;8151;2.111
22894;7438;1.598
13999;22884;1.747
22894;278;1.564
17072;262914;1.986
11172;278;1.866
11888;22884;1.775
22884;28497;1.260
18734;28502;2.174
11172;22011;1.924
16960;6332;1.678
18734;28545;2.168
7438;8151;2.180
18592;22566;1.777
22894;262914;1.538
22566;262914;1.730
18734;28548;2.121
28509;6332;2.055
18734;28509;2.331
28377;8151;2.180
17072;28497;1.983
22884;6503;1.966
22884;262914;1.250
14178;16960;1.783
278;8151;2.154
22566;7438;1.806
6332;7438;1.309
17072;22884;1.858
14178;28550;1.724
28497;6332;1.331
14178;28510;1.760
16960;28497;1.622
14178;28511;1.760
14178;28512;1.701
14178;28554;1.722
14178;28513;1.937
28400;6503;1.981
19332;22894;1.765
28510;6332;1.335
28502;28550;1.504
14178;18734;2.191
28502;28510;1.520
16531;6503;1.987
28502;28511;1.520
278;6503;2.001
16531;22894;1.647
28502;28512;1.492
28502;28554;1.447
28502;28513;1.645
16960;22884;1.557
22894;28396;1.490
28396;28502;1.481
19332;19373;1.549
11172;262914;1.841
28396;28545;1.281
22011;28396;1.561
28396;28548;0.949
16960;18592;1.784
28396;28509;1.933
28548;7438;1.184
13999;14178;2.001
16531;19373;1.782
16531;19332;1.789
14178;22011;1.875
11888;14178;1.902
22566;28377;1.745
262914;7438;1.165
13999;6332;1.637
11888;278;1.746
19332;6332;1.617
278;28400;1.280
18734;28396;2.108
19373;28400;1.246
19332;28502;1.647
19332;28545;1.713
