19332;278;1.403
19332;28548;1.387
19332;28509;1.475
11172;8151;1.524
16531;28502;1.469
16531;28545;1.480
16531;28548;1.439
16531;28509;1.507
19373;22566;1.449
16960;262914;1.425
11172;28400;1.456
28400;7438;1.273
28396;7438;1.163
11172;6503;1.502
28377;6503;1.484
22894;28438;1.503
28510;28550;1.227
18592;6332;1.438
18592;28377;1.434
28510;28511;0.924
22011;28438;1.504
28510;28512;1.142
28510;28554;1.237
28510;28513;1.405
28400;28502;1.383
17072;6332;1.495
28400;28545;1.347
18734;262914;1.491
28400;28548;1.182
28400;28509;1.490
22566;28497;1.455
11172;22566;1.499
18734;28438;1.511
28545;6332;1.380
28545;28550;1.347
28502;8151;1.498
22566;22884;1.426
28545;28554;1.278
28512;7438;1.164
28497;28550;1.194
28497;28510;1.203
28497;28511;1.203
28497;28512;1.235
28497;28554;1.254
28497;28513;1.345
19332;28396;1.386
11888;8151;1.522
262914;278;1.179
28511;8151;1.490
16531;28396;1.440
14178;28400;1.447
19332;262914;1.401
11888;13999;1.500
28502;6503;1.488
22884;7438;1.269
28377;28497;1.286
11888;6503;1.502
22894;28550;1.393
22894;28510;1.428
22894;28511;1.428
22894;28512;1.407
22894;28554;1.407
22894;28513;1.478
22011;28550;1.417
22011;28510;1.445
22011;28511;1.445
28511;6503;1.483
22011;28512;1.425
22011;28513;1.489
22011;28554;1.426
18592;28497;1.425
28513;28545;1.450
22884;278;1.214
16531;16960;1.492
28513;28548;1.409
28396;28438;1.458
14178;22566;1.489
13999;22894;1.472
11888;22894;1.499
18734;28550;1.491
18592;22884;1.426
18734;28510;1.491
16531;7438;1.460
278;7438;1.197
18734;28511;1.491
18734;28512;1.477
18734;28554;1.483
18734;28513;1.507
13999;19373;1.452
13999;19332;1.494
28550;6332;1.322
11888;19373;1.468
11888;19332;1.503
278;28377;1.294
22884;22894;1.408
19373;28377;1.291
14178;6332;1.444
16531;17072;1.506
19332;28438;1.445
17072;22894;1.505
16531;28438;1.503
22011;6332;1.454
16960;8151;1.521
28438;28497;1.472
18734;22011;1.497
262914;28502;1.385
262914;28545;1.287
13999;28502;1.487
13999;28545;1.464
262914;28548;1.126
28554;6332;1.315
262914;28509;1.492
13999;28548;1.450
11888;28502;1.486
13999;28509;1.514
17072;19373;1.470
17072;19332;1.454
11888;28545;1.483
16960;22894;1.481
11172;28377;1.451
11888;28548;1.465
28396;28550;1.178
18734;6332;1.506
28396;28510;1.131
11888;28509;1.520
28396;28511;1.131
28396;28512;0.951
17072;278;1.473
28396;28554;1.174
28396;28513;1.407
11172;18592;1.502
28497;8151;1.484
28438;8151;1.528
22884;28502;1.374
28400;28438;1.473
16960;19373;1.418
16960;19332;1.412
22884;28545;1.322
22884;28548;1.155
28513;6332;1.433
22884;28509;1.471
11172;7438;1.450
19373;8151;1.471
17072;28502;1.487
28509;28545;1.484
17072;28545;1.479
28438;6503;1.510
28377;7438;1.287
28509;28548;1.485
278;28497;1.255
17072;28548;1.465
11888;16531;1.500
19332;28550;1.401
19373;28497;1.175
17072;28509;1.483
19332;28510;1.400
19332;28511;1.400
19332;28512;1.395
19332;28554;1.352
19332;28513;1.461
16531;28550;1.427
16531;28510;1.452
16531;28511;1.452
16531;28512;1.441
18592;262914;1.433
16531;28554;1.439
16531;28513;1.487
16960;28502;1.446
16960;28545;1.426
19373;6503;1.476
16960;28548;1.396
19373;22884;1.175
19332;8151;1.509
16960;28509;1.483
22894;6332;1.437
16531;18734;1.500
14178;28377;1.440
262914;28396;1.121
13999;28396;1.451
14178;18592;1.493
19332;22011;1.480
22894;28400;1.393
11172;28497;1.453
11888;28396;1.463
22011;28400;1.417
28509;8151;1.529
19332;6503;1.494
16531;22011;1.418
28400;28550;0.924
28400;28510;1.227
28400;28511;1.227
28400;28512;1.187
28400;28554;1.196
28400;28513;1.414
28502;7438;1.359
11172;22884;1.421
22884;28396;1.150
22566;6332;1.446
11888;7438;1.465
18734;28400;1.491
16960;6503;1.496
11888;16960;1.498
28511;7438;1.162
28509;6503;1.516
22011;22566;1.421
17072;28396;1.464
22566;22894;1.393
17072;8151;1.522
28510;8151;1.490
13999;16531;1.474
28497;6503;1.483
16960;28396;1.393
18734;22566;1.501
28512;28545;1.287
28512;28548;0.963
28548;6332;1.287
14178;28497;1.438
13999;17072;1.515
18592;278;1.435
11888;17072;1.518
28510;6503;1.483
262914;6332;1.267
262914;28438;1.478
13999;28438;1.513
13999;8151;1.517
28513;28550;1.414
11888;28438;1.517
28396;28400;1.178
28513;28554;1.417
14178;22884;1.434
22566;28502;1.459
22566;28545;1.473
11172;14178;1.479
22566;28548;1.424
22566;28509;1.505
13999;6503;1.502
22884;28438;1.442
18592;22894;1.421
28548;28550;1.181
11888;262914;1.470
28548;28554;1.176
17072;28438;1.456
19332;28400;1.401
18592;19373;1.432
18592;19332;1.477
28396;6332;1.284
13999;16960;1.497
16531;28400;1.428
6503;8151;1.516
18592;8151;1.510
16960;28438;1.453
262914;28550;1.222
262914;28510;1.162
28377;28502;1.380
262914;28511;1.162
14178;262914;1.432
13999;28550;1.453
28497;7438;1.190
28438;7438;1.472
262914;28512;1.130
13999;28510;1.451
28377;28545;1.346
262914;28554;1.240
262914;28513;1.419
13999;28511;1.451
13999;28512;1.451
13999;28554;1.458
13999;28513;1.501
28377;28548;1.258
28377;28509;1.491
11888;28550;1.475
19332;22566;1.467
11888;28510;1.463
11888;28511;1.463
11888;28512;1.467
11888;28554;1.474
11888;28513;1.501
18592;28502;1.465
13999;18734;1.504
18592;28545;1.459
16531;22566;1.412
22894;28377;1.427
18592;6503;1.497
18592;28548;1.424
13999;278;1.454
19373;7438;1.210
18592;28509;1.515
28545;8151;1.503
22011;28377;1.443
11888;18734;1.502
17072;6503;1.515
28512;6332;1.286
22884;28550;1.220
22884;28510;1.211
22884;28511;1.211
22884;28512;1.161
22884;28554;1.027
22884;28513;1.407
22566;278;1.438
22566;28396;1.426
28554;8151;1.491
13999;22011;1.473
28509;28550;1.490
28509;28510;1.488
17072;28550;1.479
28509;28511;1.488
17072;28510;1.477
11888;22011;1.502
28509;28512;1.488
18734;8151;1.521
17072;28511;1.477
28509;28554;1.464
28509;28513;1.508
17072;28512;1.469
17072;28554;1.453
17072;28513;1.498
28545;6503;1.489
18734;28377;1.495
19332;7438;1.382
22884;6332;1.307
17072;18734;1.514
16960;28550;1.400
16960;28510;1.427
16960;28511;1.427
16960;28512;1.400
16960;28554;1.359
16960;28513;1.470
28438;28502;1.481
28438;28545;1.474
19373;22894;1.438
16960;7438;1.416
28438;28548;1.458
11172;13999;1.509
28509;7438;1.493
28438;28509;1.481
28400;6332;1.322
17072;22011;1.505
28377;28396;1.257
16960;17072;1.460
16531;6332;1.460
278;6332;1.317
22894;28497;1.439
16531;262914;1.438
18592;28396;1.425
28550;8151;1.495
22011;28497;1.454
16960;22011;1.481
14178;8151;1.515
11172;22894;1.499
22566;28438;1.503
28510;7438;1.162
22011;22884;1.425
22011;8151;1.513
28550;6503;1.482
18734;28497;1.492
278;28502;1.380
278;28545;1.304
19373;28502;1.364
28511;28545;1.270
19373;28545;1.289
11172;19373;1.451
11172;19332;1.412
278;28548;1.042
28511;28548;1.139
278;28509;1.490
19373;28548;1.245
14178;6503;1.495
19373;28509;1.487
19373;278;1.277
19332;28377;1.361
18734;22884;1.484
13999;7438;1.447
28512;28550;1.187
22011;262914;1.434
16531;28377;1.456
22011;6503;1.487
28512;28554;1.181
28512;28513;1.411
16531;18592;1.450
262914;28400;1.222
13999;28400;1.453
28554;6503;1.475
28377;28438;1.475
11172;28502;1.475
28513;8151;1.492
11888;28400;1.475
11172;28545;1.457
11172;28548;1.443
18734;6503;1.493
11172;6332;1.479
11172;28509;1.484
14178;22894;1.485
28377;6332;1.259
18592;28438;1.509
28396;28497;1.224
16960;18734;1.501
22566;28550;1.406
22566;28510;1.439
22566;28511;1.439
22566;28512;1.426
22884;28400;1.220
22566;28554;1.425
22566;28513;1.480
13999;22566;1.476
28513;6503;1.500
14178;19373;1.442
14178;19332;1.473
11888;22566;1.499
22011;278;1.436
18734;278;1.480
6503;7438;1.484
17072;28400;1.479
22894;8151;1.509
18592;7438;1.446
278;28396;1.046
19373;28396;1.238
17072;7438;1.480
19332;28497;1.376
16960;28400;1.400
16531;28497;1.466
14178;28502;1.452
28377;28550;1.289
22894;6503;1.485
14178;28545;1.444
28377;28510;1.297
28377;28511;1.297
17072;22566;1.506
28545;7438;1.275
28377;28512;1.264
14178;28548;1.426
28377;28554;1.191
28377;28513;1.419
19332;22884;1.353
14178;28509;1.503
28502;6332;1.420
16960;278;1.410
22566;8151;1.511
11888;6332;1.490
6332;8151;1.502
16531;22884;1.439
18592;28550;1.360
18592;28510;1.435
11172;28396;1.442
28502;28545;1.418
18592;28511;1.435
28554;7438;1.265
18592;28512;1.426
18592;28554;1.421
18592;28513;1.482
28502;28548;1.369
28511;6332;1.335
28502;28509;1.497
16960;22566;1.493
18734;7438;1.493
18592;18734;1.505
28400;28497;1.194
22566;6503;1.487
6332;6503;1.501
14178;278;1.433
11172;11888;1.507
18592;22011;1.440
28548;8151;1.486
28550;28554;1.196
278;28438;1.462
19373;28438;1.472
262914;8151;1.497
28438;28550;1.473
28438;28510;1.475
28438;28511;1.475
28438;28512;1.458
28438;28554;1.446
28438;28513;1.498
11172;16531;1.498
28550;7438;1.273
28548;6503;1.474
14178;28396;1.426
11172;17072;1.462
262914;6503;1.484
262914;28377;1.268
14178;7438;1.421
13999;28377;1.471
11172;28438;1.454
11888;28377;1.481
13999;18592;1.481
22011;7438;1.454
11888;18592;1.501
28510;28545;1.270
28510;28548;1.139
22566;28400;1.406
28400;8151;1.495
28396;8151;1.487
22884;28377;1.183
22011;22894;1.392
16531;8151;1.516
278;28550;1.227
28511;28550;1.227
278;28510;1.191
278;28511;1.191
19373;28550;1.245
278;28512;1.042
19373;28510;1.177
28511;28512;1.142
278;28554;1.219
278;28513;1.417
19373;28511;1.177
28511;28554;1.237
28511;28513;1.405
19373;28512;1.250
19373;28554;1.216
19373;28513;1.400
28438;6332;1.492
17072;28377;1.481
28396;6503;1.473
28545;28548;1.282
28497;28502;1.340
14178;16531;1.489
17072;18592;1.511
28497;28545;1.312
19373;262914;1.274
28497;28548;1.229
11172;16960;1.417
28513;7438;1.401
28497;28509;1.488
18734;22894;1.498
14178;17072;1.502
19373;6332;0.924
16960;28377;1.391
16531;278;1.452
28512;8151;1.488
28377;28400;1.289
14178;28438;1.495
262914;28497;1.248
11172;28550;1.456
19373;22011;1.453
11172;28510;1.458
18734;19373;1.488
18734;19332;1.505
11172;28511;1.458
13999;28497;1.468
11172;28512;1.447
11172;28554;1.422
11172;28513;1.491
22894;28502;1.456
11888;28497;1.474
22894;28545;1.462
18592;28400;1.361
22011;28502;1.470
22894;28548;1.405
22011;28545;1.472
22894;28509;1.506
22011;28548;1.424
11172;18734;1.507
22011;28509;1.508
13999;262914;1.429
28512;6503;1.474
22884;8151;1.485
22894;7438;1.444
13999;22884;1.459
22894;278;1.419
17072;262914;1.482
11172;278;1.452
11888;22884;1.472
22884;28497;1.259
18734;28502;1.497
11172;22011;1.498
16960;6332;1.436
18734;28545;1.494
7438;8151;1.493
18592;22566;1.431
22894;262914;1.416
22566;262914;1.423
18734;28548;1.476
28509;6332;1.506
18734;28509;1.517
28377;8151;1.495
17072;28497;1.475
22884;6503;1.477
22884;262914;1.249
14178;16960;1.455
278;8151;1.490
22566;7438;1.453
6332;7438;1.308
17072;22884;1.442
14178;28550;1.447
28497;6332;1.331
14178;28510;1.436
16960;28497;1.404
14178;28511;1.436
14178;28512;1.427
14178;28554;1.428
14178;28513;1.473
28400;6503;1.482
19332;22894;1.469
28510;6332;1.335
28502;28550;1.383
14178;18734;1.495
28502;28510;1.381
16531;6503;1.489
28502;28511;1.381
278;6503;1.478
16531;22894;1.419
28502;28512;1.370
28502;28554;1.361
28502;28513;1.404
16960;22884;1.362
22894;28396;1.407
28396;28502;1.368
19332;19373;1.380
11172;262914;1.455
28396;28545;1.279
22011;28396;1.424
28396;28548;0.949
16960;18592;1.483
28396;28509;1.484
28548;7438;1.168
13999;14178;1.495
16531;19373;1.460
16531;19332;1.478
14178;22011;1.488
11888;14178;1.487
22566;28377;1.443
262914;7438;1.161
13999;6332;1.427
11888;278;1.473
19332;6332;1.415
278;28400;1.227
18734;28396;1.474
19373;28400;1.245
19332;28502;1.431
19332;28545;1.420
