37282;37637;1.443
30988;37209;1.226
29465;37125;1.183
16284;37521;1.393
16284;36923;1.431
37148;37521;1.484
36873;37637;1.434
37018;37521;1.408
30998;36873;1.470
30998;37018;1.312
29091;37521;1.433
37088;37521;1.432
37209;37347;1.239
30998;37248;1.333
30988;36873;1.457
25163;37209;1.226
37125;37248;1.194
30988;37018;1.325
29465;37148;1.482
16284;30988;1.170
37076;37521;1.403
36932;37209;1.354
36923;37521;1.443
36887;37521;1.411
36887;36923;1.428
30988;37248;1.245
37280;37637;1.156
30998;37280;1.392
37125;37280;1.294
30988;30998;1.396
29091;30988;1.338
16284;37088;1.320
30998;37282;1.461
37125;37282;1.475
30998;36932;1.444
25163;36873;1.438
37018;37088;1.324
30988;37280;1.288
25163;37018;1.286
29091;36887;1.450
16284;37125;1.172
25163;29465;1.287
36932;37018;1.398
30988;37282;1.485
30988;36932;1.363
29091;37088;1.397
25163;37248;1.267
37018;37125;1.308
30998;37308;1.348
29091;36923;1.453
37125;37308;1.350
36932;37248;1.401
37282;37521;1.499
30998;37076;1.391
29465;37209;1.233
25163;30998;1.377
37209;37637;1.239
37076;37088;1.279
36923;37088;1.436
36887;37088;1.418
36873;36887;1.426
29091;37125;1.348
37088;37125;1.293
30988;37308;1.334
25163;37280;1.304
36873;37521;1.432
36873;36923;1.471
30988;37076;1.233
37076;37125;1.158
36932;37280;1.401
36923;37125;1.440
36887;37125;1.366
25163;37282;1.479
16284;37148;1.471
16284;29091;1.332
25163;36932;1.312
36932;37282;1.504
37018;37148;1.491
29465;36873;1.440
37347;37637;0.924
29465;37018;1.363
30998;37347;1.333
29091;37148;1.501
25163;37308;1.342
37125;37347;1.194
37088;37148;1.488
36932;37308;1.411
29465;37248;1.237
25163;37076;1.271
37280;37521;1.353
37076;37148;1.469
36932;37076;1.401
36923;37148;1.487
36887;37148;1.476
30988;37347;1.245
29465;30998;1.416
36873;37088;1.443
29465;37280;1.291
16284;37209;1.223
37148;37209;1.432
29465;37282;1.486
29465;36932;1.408
37018;37209;1.319
36873;37125;1.444
25163;37347;1.267
36932;37347;1.401
29091;37209;1.360
37209;37521;1.285
37088;37209;1.322
29465;37308;1.382
30998;37637;1.333
37125;37637;1.194
29465;37076;1.224
16284;25163;1.152
16284;36873;1.438
37076;37209;1.215
36923;37209;1.376
36887;37209;1.308
16284;37018;1.259
30988;37637;1.245
36873;37148;1.493
16284;37248;1.242
37248;37280;1.156
37148;37248;1.471
37521;37637;1.386
37347;37521;1.386
37248;37282;1.443
37018;37248;1.253
29091;37018;1.375
29091;37248;1.352
16284;37280;1.303
37148;37280;1.470
37088;37248;1.190
36923;37018;1.430
36887;37018;1.422
29465;37347;1.237
25163;37637;1.267
16284;37282;1.473
37248;37308;1.286
37148;37282;1.518
37018;37280;1.327
16284;36932;1.336
37076;37248;1.105
36932;37637;1.401
36923;37248;1.404
36887;37248;1.394
37018;37282;1.461
29091;37280;1.382
37088;37280;1.299
29091;37282;1.497
16284;29465;1.237
16284;37308;1.324
37148;37308;1.480
37088;37282;1.458
36873;37209;1.430
37308;37347;1.286
37076;37280;1.195
36923;37280;1.377
36887;37280;1.353
16284;37076;1.251
37018;37308;1.269
37076;37282;1.480
36923;37282;1.485
36887;37282;1.495
30998;36887;1.445
29091;36873;1.464
37018;37076;1.311
36887;36932;1.446
16284;30998;1.348
29091;37308;1.367
29091;29465;1.318
37088;37308;1.355
30998;37521;1.402
30998;36923;1.465
37248;37347;0.924
37125;37521;1.407
30988;36887;1.400
29091;37076;1.336
37076;37308;1.328
36923;37308;1.443
36887;37308;1.436
29465;37637;1.237
36873;37018;1.459
30988;37521;1.413
30988;36923;1.434
29091;30998;1.421
36923;37076;1.430
36887;37076;1.402
16284;37347;1.242
25163;30988;1.220
37148;37347;1.471
36873;37248;1.434
37018;37347;1.253
29091;36932;1.441
25163;36887;1.395
37308;37637;1.286
29091;37347;1.352
37088;37347;1.190
36873;37280;1.431
25163;37521;1.392
25163;36923;1.436
36923;36932;1.467
36932;37521;1.445
36873;37282;1.503
30998;37088;1.385
37076;37347;1.105
36923;37347;1.404
36887;37347;1.394
36873;36932;1.467
37282;37308;1.471
37248;37637;0.924
30998;37125;1.381
30988;37088;1.320
36873;37308;1.461
29465;30988;1.236
36873;37076;1.448
30988;37125;1.219
16284;37637;1.242
37148;37637;1.471
37280;37282;1.476
37018;37637;1.253
29465;36887;1.408
25163;29091;1.363
25163;37088;1.329
30998;37148;1.501
29465;37521;1.415
29465;36923;1.440
29091;37637;1.352
37282;37347;1.443
37209;37248;1.239
37125;37148;1.449
37088;37637;1.190
36932;37088;1.443
37280;37308;1.334
25163;37125;1.217
37076;37637;1.105
36923;37637;1.404
36887;37637;1.394
30988;37148;1.477
36932;37125;1.373
36873;37347;1.434
37209;37280;1.144
37308;37521;1.423
37209;37282;1.482
25163;37148;1.472
37248;37521;1.386
37209;37308;1.347
36932;37148;1.472
30998;37209;1.387
29465;37088;1.303
37280;37347;1.156
37125;37209;1.082
16284;36887;1.379
