3092093  0
14941171  1
11611879  2
5221015  3
2326282  4
1172926  5
655038  6
429304  7
304031  8
227067  9
160097  10
113479  11
82924  12
59430  13
43360  14
29876  15
20643  16
14895  17
11409  18
8204  19
6180  20
4456  21
3931  22
3367  23
3110  24
2389  25
1962  26
1198  27
809  28
804  29
578  30
510  31
326  32
161  33
139  34
131  35
127  36
75  37
70  38
105  39
103  40
90  41
49  42
57  43
47  44
40  45
46  46
52  47
36  48
17  49
26  50
52  51
43  52
29  53
19  54
49  55
41  56
41  57
16  58
67  59
37  60
27  61
11  62
21  63
23  64
11  65
13  66
7  67
56  68
37  69
23  70
13  71
4  72
3  73
1  74
1  76
1  77
2  78
2  79
30  80
17  81
6  82
9  83
12  84
11  85
9  86
3  87
7  88
2  89
2  90
1  92
1  93
1  94
2  95
1  96
1  99
1  102
