51430;57795;1.675
23649;61029;1.309
16265;39637;2.781
30925;57172;2.150
44953;9143;2.570
25459;57795;1.893
13127;43366;2.400
49981;50554;1.741
12871;39637;2.371
39309;47869;2.444
41887;47886;2.307
42755;48056;1.873
47601;51430;1.591
35415;51430;1.990
15695;57172;2.253
39572;48056;1.955
24753;51942;2.051
1103;61200;2.326
30925;39704;1.968
23649;57043;1.246
39647;51430;2.201
5390;9193;2.374
1126;50655;2.395
34430;48539;1.482
30870;51646;2.041
286;5390;2.860
15670;16243;2.115
1103;1126;2.638
1103;35415;2.455
31251;48539;1.601
20495;41887;2.335
24875;28878;2.382
24730;41095;2.716
31172;8954;2.115
38930;39637;2.462
16243;60341;2.128
31477;35415;2.395
1126;24875;2.551
50266;61200;2.078
1103;39309;2.452
12989;39647;2.941
13127;16265;2.811
29073;49981;2.267
15426;29396;2.201
20495;35260;2.284
12989;44953;2.891
16243;43293;2.336
12989;34430;2.812
16265;39647;2.772
16243;9193;2.405
24753;42755;2.036
43366;59542;1.933
31477;39309;2.049
30870;38930;2.184
49549;50266;2.122
34430;35467;1.439
3333;57043;2.091
16265;34430;2.678
13169;57043;1.520
28878;50673;2.452
1101;35415;1.730
13127;25459;2.281
1103;13169;2.283
24785;50673;2.429
1101;28878;2.048
12871;39647;2.391
199636;41038;2.048
31251;35467;1.553
35260;57795;1.584
24875;61200;2.316
12871;34430;2.226
25525;42755;1.917
1101;39309;2.188
31477;5580;2.743
57866;9193;1.990
31477;5583;2.460
31477;61200;2.232
48539;57866;1.739
47601;60632;1.578
30925;61161;1.953
41038;43366;2.121
35415;60632;2.007
25525;51942;1.824
199636;20562;2.172
24875;35415;2.457
1126;15695;2.595
1103;1136;2.446
39647;60632;2.295
3333;61029;2.058
13169;61029;1.629
39704;44953;2.317
15695;61161;2.058
34305;47886;2.334
1101;61200;1.555
3300;50554;1.600
200020;41038;2.090
1136;16243;2.451
23649;9143;2.295
38930;39647;2.477
21155;39637;2.360
48635;50266;2.176
24875;39309;2.431
43293;9143;2.503
38930;44953;2.468
15670;43366;1.931
23649;41887;1.968
60144;9193;1.880
5524;9193;2.216
16265;44953;2.820
41887;50554;1.971
21392;29396;2.229
43366;59554;2.000
197731;35415;1.955
197731;28878;2.176
39309;47886;2.313
12871;44953;2.425
23649;35260;1.610
28685;60341;1.850
35260;8954;2.025
28685;5524;2.070
41095;58206;2.531
57795;61349;1.792
197731;39309;2.202
20562;43366;2.286
15426;58206;1.746
48539;57872;1.648
28685;43293;2.270
47869;8954;2.335
1126;50673;2.542
20847;31172;2.258
29073;57866;2.350
1101;13169;1.511
28878;35332;2.266
1103;48056;2.410
15670;16265;2.678
42755;48539;1.513
197731;61200;1.661
3333;41887;2.330
39572;48539;1.634
13169;41887;2.186
35332;50655;1.993
21155;39647;2.316
35467;9143;2.292
47886;51942;1.849
31477;48056;2.289
15670;200020;1.935
15670;25459;1.762
21155;34430;2.171
50655;60341;1.863
200020;20562;2.377
1136;43366;2.363
13127;57795;2.171
1101;48056;1.909
39637;48635;2.209
15695;47601;2.105
15670;3300;1.660
15703;21155;2.412
20847;8455;2.338
20562;25459;2.257
31172;58206;1.716
60144;60632;1.513
3333;8954;2.359
49981;5390;2.264
24875;9143;2.536
29073;57872;2.337
29396;41038;2.287
39637;61349;2.293
34305;50554;2.205
24785;35332;2.357
21392;58206;1.366
24875;48056;2.389
13127;15426;2.317
1136;9193;2.343
47869;61200;2.256
15703;48635;2.296
12989;21392;2.799
20847;8918;2.344
51430;58206;1.667
8455;8918;2.209
1136;16265;2.783
21155;44953;2.450
41095;59542;2.496
13169;9193;2.042
3333;35260;2.264
13169;35260;1.648
24730;35415;2.451
24730;28878;2.325
49981;57043;1.680
30925;47601;2.056
58291;61029;1.637
15426;59542;1.930
39309;50554;2.185
47601;9143;2.244
15703;61349;2.394
16243;51646;2.220
1136;25459;2.339
24730;39309;2.330
1101;286;2.688
197731;48056;1.870
25459;29396;2.207
44953;57043;2.190
21286;31251;1.652
20969;30925;2.162
35467;47869;2.277
5583;8455;2.473
1126;9193;2.478
49981;61029;1.625
24730;61200;2.227
199636;50266;2.238
21286;49549;1.702
41038;57795;1.578
20495;39637;2.353
286;8455;2.802
15670;199636;1.847
16243;38930;2.382
20969;21286;2.217
24753;50655;2.082
20969;60144;1.882
34430;43366;1.931
44953;61029;2.125
20495;34430;2.207
20969;39572;1.940
5583;8918;2.449
16265;21392;2.683
35332;50673;2.430
31251;9143;2.229
25459;58206;1.667
41095;59554;2.655
31251;43366;1.940
1126;35332;2.550
31172;59542;1.697
15670;57795;1.242
12871;21392;2.267
25525;50655;2.027
15426;59554;2.079
24753;24875;2.412
286;8918;2.767
25459;3300;2.109
50266;9143;2.460
44953;9193;2.462
1103;48539;2.281
28685;38930;2.214
47869;48056;2.347
286;31172;2.815
21392;59542;1.317
28878;39704;2.256
31477;48539;2.216
51430;59542;1.684
20562;57795;2.033
34430;5524;1.884
13169;200020;2.165
51942;60144;1.388
28685;51646;2.095
29073;30870;2.279
20495;39647;2.218
35415;42755;2.049
28878;31477;2.381
20847;3265;2.240
50554;58291;1.665
24785;31477;2.481
1101;48539;1.527
20495;44953;2.469
57795;9143;2.229
39647;42755;2.286
1103;35467;2.350
47601;51942;1.231
25525;3300;1.993
35415;51942;1.832
51646;57172;2.011
5583;61200;2.347
39637;49981;2.210
23649;39637;2.160
39647;51942;2.190
28878;57172;2.259
15703;25525;2.337
31477;35467;2.220
24730;48056;2.253
20969;29073;2.404
31172;59554;1.609
35260;58206;1.389
200020;50266;2.258
24875;48539;2.272
1136;12859;2.441
1136;57795;2.063
24785;39704;2.406
1101;35467;1.506
1103;5524;2.258
57795;57866;1.400
21392;59554;1.738
21286;58291;1.890
35467;47886;1.930
15703;49981;2.224
50655;51646;2.106
13127;29396;2.489
30925;60341;2.129
41887;61029;1.761
15670;3333;2.062
51430;59554;1.896
25459;59542;1.885
3300;57043;1.675
30925;43293;2.244
15695;60341;2.267
3333;39637;2.393
13169;39637;2.221
197731;48539;1.662
49549;61200;1.638
21155;21392;2.214
24875;35467;2.328
24753;50673;2.383
57172;8455;2.023
41887;57043;1.911
15695;43293;2.518
43366;49549;2.034
15695;200020;2.418
23649;39647;2.223
20969;51430;1.987
12989;15703;2.920
286;3265;2.793
24785;57172;2.173
23649;9193;1.861
29396;50266;2.434
51646;9143;2.411
23649;44953;2.226
42755;43366;1.982
43293;9193;2.426
23649;34430;1.255
1126;31477;2.479
5390;57795;2.156
20847;61349;2.300
39572;43366;2.084
3300;61029;1.689
25525;50673;2.151
39704;41038;2.157
20847;21155;2.384
13169;199636;2.007
57043;60144;1.153
57172;8918;2.080
12871;15703;2.509
12989;41038;2.828
57795;57872;1.107
197731;35467;1.627
199636;41095;2.614
51646;61161;1.903
47886;50655;2.019
21286;34305;2.367
24730;3300;2.272
28878;61161;1.973
48635;61200;1.881
25459;59554;2.081
49981;8455;2.158
39637;57866;2.153
12871;41038;2.345
20847;48635;2.219
1126;39704;2.497
35260;59542;1.577
1136;15426;2.326
3333;39647;2.423
47869;48539;2.333
13169;39647;2.309
3333;44953;2.475
3333;34430;2.062
13169;34430;1.595
34430;57795;1.242
24785;286;2.758
20847;8954;2.215
8455;8954;2.243
200020;41095;2.668
48635;9143;2.386
48056;48635;2.080
13127;58206;2.204
35467;9193;1.987
5580;61200;2.696
31251;57795;0.981
49981;8918;2.169
1103;16243;2.435
15703;57866;2.291
1136;12871;2.544
3300;41887;2.154
33915;9143;2.364
20969;60632;2.173
38930;41038;2.091
35467;50554;1.503
25459;3333;2.282
1126;57172;2.411
48056;61349;2.101
24753;35332;2.222
16265;41038;2.688
34305;57043;2.115
28685;5580;2.751
24785;61161;1.985
28685;5583;2.384
41038;58206;1.474
24730;48539;2.160
48539;9143;2.352
20495;21392;2.284
39637;57872;2.026
29073;33915;2.325
15695;199636;2.311
12989;20562;2.870
43366;58291;1.986
25525;35332;2.167
20562;29396;2.527
24875;9193;2.399
13169;44953;2.336
35260;59554;1.814
199636;23649;1.883
16265;20562;2.755
39309;57043;2.117
12859;31172;2.410
5583;8954;2.410
34305;61029;2.200
25525;3333;2.353
12871;20562;2.479
43293;50266;2.325
21286;286;2.732
51942;60632;1.650
15703;57872;2.097
24730;35467;2.270
286;8954;2.804
15670;29396;2.213
47601;9193;1.764
29073;47869;2.445
21155;41038;2.265
47601;50655;1.597
200020;23649;2.047
3300;35260;1.924
35415;50655;2.086
39309;61029;2.087
286;48635;2.727
39572;5524;1.994
47886;50673;2.347
1103;43366;2.417
39647;50655;2.258
15426;31251;1.938
1101;16243;2.136
13127;59542;2.192
15695;38930;2.445
41095;49549;2.550
29396;41095;2.727
31477;43366;2.374
286;61349;2.879
30925;51646;2.218
1126;61161;2.301
15670;58206;1.261
15426;49549;1.893
20847;25525;2.269
20969;3300;2.232
28878;47601;2.050
24785;47601;2.044
15695;51646;2.447
35332;39704;2.259
34305;41887;2.323
1101;197731;1.467
1101;43366;1.891
31251;9193;1.856
41038;59542;1.589
42755;57795;1.640
39572;57795;1.485
1103;16265;2.846
20562;58206;2.156
20847;49981;2.180
50266;9193;2.317
30925;38930;2.390
1136;29396;2.559
39309;41887;2.239
24875;43366;2.372
31172;5524;2.130
1103;25459;2.296
199636;35415;2.204
24730;3333;2.391
31172;31251;1.736
199636;28878;2.088
48056;49981;2.017
35332;57172;1.940
13127;59554;2.357
57043;60632;1.558
199636;39309;2.286
21392;31251;1.284
31172;49549;1.798
12989;3300;2.857
1101;9143;2.274
57795;9193;1.816
3265;48635;2.064
197731;43366;2.015
1136;58206;2.126
1101;25459;1.849
21392;49549;1.405
48539;50554;1.566
41038;59554;1.829
15703;30870;2.288
200020;35415;2.269
199636;61200;2.055
200020;28878;2.356
12859;200020;2.474
34305;35260;2.278
24753;31477;2.363
29073;47886;2.413
57172;8954;2.061
1126;47601;2.313
3265;61349;2.179
47601;50673;2.195
30870;31172;1.833
35415;50673;2.368
15670;59542;1.202
39704;50266;2.273
41095;58291;2.652
24875;25459;2.319
39647;50673;2.398
34430;5580;2.645
13169;21392;1.604
42755;9143;2.366
12989;50266;2.900
34430;5583;2.299
25525;31477;2.288
15426;58291;2.100
13127;3300;2.269
24753;57172;2.106
1101;16265;2.659
16265;50266;2.717
200020;61200;2.049
60632;8455;2.080
20562;59542;2.049
5390;58206;2.095
24753;39704;2.352
12871;50266;2.430
35260;5524;2.141
20847;57866;2.062
286;49981;2.772
197731;25459;1.959
25459;31251;1.894
20495;41038;2.307
3300;39637;2.236
43366;9143;2.525
49981;8954;2.017
35332;61161;1.723
51646;9193;2.298
50266;57795;2.037
47869;5524;2.454
25525;39704;2.213
29073;3300;2.456
51646;60341;2.093
57872;61349;1.839
3333;5524;2.286
60632;8918;2.120
200020;39309;2.223
20969;42755;2.139
25459;49549;1.801
48056;57866;1.981
28878;60341;2.306
1103;5580;2.785
1103;5583;2.598
20495;20562;2.448
33915;48635;2.162
15670;59554;1.655
20969;51942;2.049
50554;60144;1.299
200020;5390;2.249
1103;12859;2.262
1103;57795;2.030
38930;50266;2.429
28878;43293;2.306
31172;58291;1.704
199636;48056;2.200
1136;59542;1.944
12859;21155;2.534
15426;34305;2.249
34430;58206;1.261
59542;9143;2.279
197731;3300;1.745
21286;30925;2.232
31477;57795;2.177
33915;61349;2.179
57172;61349;2.007
24730;43366;2.191
21392;58291;1.766
31251;58206;1.351
12859;199636;2.203
25525;57172;1.960
20562;59554;2.244
29396;35415;2.389
20847;57872;2.076
20562;5390;2.420
35467;57043;1.413
51430;58291;1.858
20969;3333;2.399
12859;48635;2.301
1101;12859;2.178
1101;57795;1.117
48635;9193;2.011
1103;15426;2.269
3300;39647;2.296
24753;61161;1.904
29396;39309;2.267
29073;50554;2.327
21286;60144;1.640
3300;34430;1.660
39704;41095;2.721
21286;39572;1.758
48056;57872;1.982
33915;9193;2.292
24785;60341;2.104
23649;41038;1.567
12859;61349;2.406
12989;41095;3.041
25525;61161;1.496
41095;9143;2.713
5390;59542;2.159
5524;61200;2.148
35260;49549;1.609
41887;44953;2.276
31251;59542;1.200
24785;43293;2.484
29396;61200;2.300
35467;61029;1.526
24875;57795;2.200
21155;50266;2.320
3265;49981;2.001
12871;3300;2.353
1136;59554;2.217
35332;47601;1.822
48539;9193;2.071
286;57866;2.707
12871;41095;2.751
13169;15703;2.347
59554;61349;1.884
58206;61029;1.283
57866;61200;1.724
24730;25459;2.169
15703;20847;2.429
21392;34305;2.269
34305;39637;2.396
12989;13127;2.897
12989;3333;2.888
1126;197731;2.361
197731;57795;1.499
20847;30870;2.140
25459;58291;2.062
16265;9143;2.783
200020;48056;2.159
3333;41038;2.247
15703;33915;2.318
3300;44953;2.333
13169;41038;1.681
47886;57172;1.991
34430;59542;1.202
39637;47869;2.478
39309;39637;2.336
38930;41095;2.707
16265;41095;2.937
5390;59554;2.327
1103;12871;2.465
15703;286;2.919
39704;9143;2.338
1101;15426;1.933
31172;34305;2.394
31251;59554;1.674
35467;41887;2.090
286;57872;2.683
50554;51430;1.671
1126;60341;2.425
13127;3333;2.391
15703;47869;2.545
12989;23649;2.810
15703;24730;2.462
42755;58206;1.577
1126;43293;2.478
39572;58206;1.222
34305;39647;2.403
199636;3300;1.990
29396;48056;2.334
16243;31172;2.280
1101;12871;2.260
34305;34430;2.190
47869;57795;2.268
33915;49981;1.965
199636;48539;2.047
13127;31251;2.170
25459;34305;2.311
12871;23649;2.274
12871;13127;2.408
12859;25525;2.511
35260;58291;1.808
34430;59554;1.655
3265;57866;2.036
29073;3333;2.562
21286;51430;1.994
39309;39647;2.101
13127;49549;2.170
21155;41095;2.703
21286;29073;2.425
20495;3300;2.384
13169;20562;2.248
30870;48635;1.823
39572;5580;2.663
43366;60144;2.004
15703;3300;2.315
28685;31172;1.687
39572;5583;2.329
43293;61200;2.257
24753;47601;1.905
39572;59542;1.501
12859;49981;2.367
199636;35467;2.089
28878;51646;2.373
47886;61161;1.667
1103;29396;2.541
30870;61349;1.977
48539;57043;1.544
41038;49549;1.548
24730;57795;2.128
197731;3333;2.135
25525;47601;1.730
16265;23649;2.707
34305;44953;2.542
50554;60632;1.542
1101;9193;1.816
20969;50655;2.134
28878;38930;2.408
200020;35467;2.035
24785;38930;2.338
39637;47886;2.300
3265;57872;1.876
60632;8954;2.072
20969;24875;2.447
20495;50266;2.345
48539;61029;1.472
39309;44953;2.451
1103;58206;2.187
42755;59542;1.611
35415;39704;2.362
31172;5580;2.766
12989;35415;2.896
200020;48539;2.013
39572;59554;1.756
39647;39704;2.291
31172;5583;2.403
12989;28878;2.835
24785;51646;2.316
21286;60632;1.880
200020;8455;2.300
286;30870;2.714
42755;9193;2.052
12871;3333;2.450
24875;29396;2.479
33915;57866;1.947
15703;47886;2.274
21155;23649;2.242
15670;31251;1.283
50266;58206;2.037
15703;24753;2.438
29073;57043;2.283
12871;28878;2.331
43293;48056;2.293
35332;60341;2.084
20847;33915;2.136
3265;9143;2.429
20562;8455;2.225
200020;8918;2.332
47601;57172;1.557
35415;57172;1.953
5583;57795;2.289
13127;58291;2.363
1101;29396;2.268
35332;43293;2.323
15670;49549;1.288
43366;9193;2.287
12989;61200;2.863
197731;29396;2.294
39647;57172;2.200
15426;286;2.861
20562;31251;2.032
12859;57866;2.334
24875;58206;2.237
29396;48539;2.306
29073;61029;2.255
42755;59554;1.638
31477;58206;2.073
20562;8918;2.334
20847;5524;2.283
41038;58291;1.831
20562;49549;2.129
1126;38930;2.534
23649;50266;2.132
16265;35415;2.713
16265;28878;2.787
35415;61161;1.529
57172;57866;1.773
20847;47869;2.400
33915;57872;1.984
12989;39309;2.940
20847;24730;2.284
59542;9193;1.843
39647;61161;2.029
1101;58206;1.321
12871;35415;2.494
16265;39309;2.774
39704;61200;2.132
1103;59542;2.117
15426;30925;2.071
1126;51646;2.403
24753;60341;2.083
49549;57795;1.366
20969;50673;2.235
199636;3333;2.198
29396;35467;2.282
12989;13169;2.842
35260;5580;2.698
30870;49981;1.757
12871;39309;2.382
1136;31251;2.087
197731;286;2.716
35260;5583;2.349
20495;41095;2.717
39637;50554;2.039
38930;61200;2.148
24753;43293;2.403
13127;34305;2.503
47869;5580;2.784
16265;61200;2.692
12859;57872;2.142
41095;60144;2.531
47869;5583;2.568
3333;5580;2.796
3333;5583;2.575
1136;49549;2.140
15426;21286;2.111
3333;50266;2.408
13169;50266;2.090
15426;60144;1.746
12871;61200;2.369
35467;39637;2.254
15426;39572;1.809
50266;59542;2.042
41095;9193;2.597
20495;3333;2.479
43366;51430;2.021
47601;61161;0.923
15703;3333;2.450
21155;28878;2.384
15703;50554;2.117
57172;57872;1.687
16243;21155;2.312
38930;39309;2.456
286;33915;2.862
48635;57795;1.505
197731;58206;1.508
286;5524;2.830
43366;60632;2.145
200020;3265;2.244
15670;58291;1.633
24875;59542;2.195
1103;59554;2.311
16243;48635;2.278
31477;59542;2.166
16265;9193;2.733
21392;30925;2.115
25525;60341;1.642
5580;57795;2.646
12871;13169;2.373
199636;43366;2.197
20562;3265;2.357
20562;58291;2.325
39704;48056;2.161
25525;43293;2.331
23649;41095;2.510
1101;59542;1.089
16243;61349;2.313
286;47869;2.855
21392;5390;2.219
43293;48539;2.171
3300;41038;1.955
29073;41887;2.400
21155;35415;2.380
35467;39647;2.234
20495;23649;2.291
50266;59554;2.115
12989;48056;2.883
38930;48056;2.335
39704;9193;2.333
59542;61200;1.609
21392;60144;1.366
16265;48056;2.724
20847;47886;2.307
15426;29073;2.307
21392;39572;1.556
21155;39309;2.277
29073;35260;2.368
30870;57866;1.645
47869;58206;2.166
20847;24753;2.355
15695;31172;2.337
12871;48056;2.376
39647;5390;2.365
35332;38930;2.312
24730;29396;2.402
15670;34305;2.190
24875;59554;2.347
15703;24785;2.519
34430;49549;1.288
60341;61200;1.683
21155;61200;2.238
35415;47601;1.678
1136;58291;2.270
31477;59554;2.303
3333;41095;2.734
31251;49549;1.407
13169;41095;2.616
50554;51942;1.256
39647;47601;2.125
12859;30870;2.394
35332;51646;2.249
31172;60144;1.716
199636;25459;2.079
3265;33915;2.251
197731;59542;1.498
31172;39572;1.806
20562;34305;2.460
31477;9143;2.446
25459;30925;2.094
41095;51430;2.556
1101;59554;1.607
20969;35332;2.324
60144;61161;0.923
28685;48635;1.876
12859;5390;2.516
35467;44953;2.323
30925;31172;2.252
47886;60341;1.932
15426;51430;1.994
24730;58206;2.131
39637;5390;2.368
21286;42755;1.905
51430;60144;1.667
30870;57872;1.487
21286;5390;2.335
28685;61349;1.841
200020;43366;2.266
25459;60144;1.667
21286;51942;1.751
21392;29073;2.281
5390;58291;2.296
25459;39572;1.733
3265;47869;2.475
30925;3300;2.222
200020;8954;2.066
1136;34305;2.524
57795;61029;1.286
15703;28685;2.351
16243;25525;2.318
34305;41038;2.312
24753;51646;2.263
20495;35415;2.444
20495;28878;2.432
47869;59542;2.275
197731;59554;1.566
286;47886;2.757
44953;50266;2.374
21155;48056;2.318
20847;50554;2.057
20562;8954;2.354
13169;23649;1.557
50655;61349;1.997
16243;49981;2.188
41095;60632;2.615
29396;43366;2.460
12989;35467;2.856
39309;41038;2.283
34430;58291;1.633
49981;5524;1.990
21392;51430;1.754
24753;38930;2.327
15426;60632;2.109
200020;25459;1.986
39704;48539;2.135
48056;50554;1.937
5583;58206;2.284
39637;57043;2.094
20495;61200;2.268
31251;58291;1.700
12989;48539;2.900
35260;60144;1.389
38930;48539;2.184
35260;39572;1.596
49981;50266;2.113
25525;38930;2.307
3265;9193;2.081
16265;48539;2.762
24730;59542;2.119
42755;49549;1.715
39572;49549;1.509
12871;48539;2.326
199636;57795;1.733
47869;59554;2.375
15703;57043;2.225
24753;5390;2.427
50673;61200;2.286
39637;61029;2.091
20495;39309;2.205
31172;51430;1.924
20969;31477;2.272
33915;47869;2.288
25525;51646;2.192
23649;35415;1.702
23649;28878;2.073
49549;58206;1.288
16265;35467;2.683
20847;24785;2.445
12871;35467;2.368
47886;5390;2.372
31251;34305;2.206
15703;61029;2.200
12859;20847;2.473
3265;47886;2.134
25459;51430;1.968
29396;5390;2.374
25459;29073;2.346
21392;60632;1.644
28685;49981;1.913
20969;39704;2.142
61029;61161;0.891
23649;61200;1.665
24730;59554;2.267
12859;33915;2.368
286;50554;2.682
29073;39637;2.449
16243;57866;2.144
13169;28878;2.257
12859;12989;2.898
47601;60341;1.547
1103;31251;2.030
5583;59542;2.263
35415;60341;1.877
13127;30925;2.373
48635;58206;1.682
21392;8455;1.956
39647;60341;2.166
20847;5580;2.766
35415;43293;2.445
20847;5583;2.462
50554;50655;1.667
43293;43366;2.290
23649;39309;2.223
20969;57172;2.116
31172;60632;1.955
3300;50266;2.225
39647;43293;2.299
47886;51646;2.197
13127;21286;2.341
200020;57795;2.007
13127;60144;2.204
12859;47869;2.643
42755;58291;1.487
12859;24730;2.478
39572;58291;1.745
21392;8918;2.018
13127;39572;2.240
21155;48539;2.299
5580;58206;2.643
41887;50266;2.305
43366;51942;1.824
20847;28685;2.209
51430;60632;1.908
30925;3333;2.343
35260;51430;1.877
20495;48056;2.312
3333;35415;2.334
13169;35415;1.941
25459;60632;2.027
49549;59542;1.359
16243;57872;2.182
21286;50655;1.973
29073;39647;2.307
24875;31251;2.201
39637;41887;2.225
15695;21155;2.479
29073;44953;2.542
33915;47886;2.246
29073;34430;2.273
3333;39309;2.432
5583;59554;2.396
13169;39309;2.325
51942;57172;1.650
21155;35467;2.238
12859;8455;2.230
30925;48635;2.199
1103;49549;2.221
5524;57795;1.854
39637;8455;2.180
29396;57795;2.276
28685;57866;1.803
30870;33915;1.974
15695;48635;2.212
21286;8455;2.056
31477;49549;2.179
3265;50554;1.850
1101;31251;1.156
3333;61200;2.268
286;5580;3.007
13169;61200;1.699
39647;8455;2.415
286;5583;2.859
12989;16243;2.909
15703;41887;2.365
30925;61349;2.254
12859;8918;2.451
48635;59542;1.572
39637;8918;2.345
1101;49549;1.354
20969;61161;1.875
15695;61349;2.425
13127;29073;2.500
15703;35260;2.350
12871;16243;2.380
15670;30925;2.053
21286;8918;2.022
41038;60144;1.474
60144;60341;1.262
199636;200020;2.225
16243;3300;2.330
49549;59554;1.751
39647;8918;2.375
35260;60632;1.765
1103;58291;2.390
30870;47869;2.284
31477;9193;2.373
3300;41095;2.571
34305;50266;2.411
23649;48056;2.011
50655;57866;1.810
5580;59542;2.643
21286;24875;2.331
24875;49549;2.216
15670;21286;1.666
3300;5390;2.320
20562;30925;2.363
50554;50673;2.186
15670;60144;1.261
28685;57872;1.674
41095;42755;2.641
15670;39572;1.436
21392;3265;1.943
20495;48539;2.302
197731;31251;1.538
35467;41038;1.584
20847;61029;2.011
15426;42755;2.105
12859;47886;2.387
41095;51942;2.571
39309;50266;2.349
51942;61161;0.935
50266;58291;2.111
50673;5390;2.422
23649;286;2.692
12859;24753;2.581
13127;51430;2.296
15426;51942;1.936
20562;21286;2.233
48635;59554;1.844
39704;43366;2.264
197731;49549;1.598
20562;60144;2.155
57043;57172;1.620
20562;39572;2.209
20847;57043;2.050
12989;43366;2.948
15426;20495;2.216
3333;48056;2.351
33915;50554;1.972
38930;43366;2.430
13169;48056;2.082
16243;30870;2.161
35415;38930;2.260
21286;50673;2.348
16265;43366;2.816
20495;35467;2.285
28878;31172;2.298
1136;30925;2.436
24875;58291;2.351
24785;31172;2.218
199636;29396;2.411
24753;8455;2.305
50655;57872;1.738
48056;57043;1.903
31477;58291;2.281
12871;43366;2.374
5580;59554;2.744
61200;61349;2.079
47601;51646;1.997
20969;47601;1.987
286;28685;2.821
43293;57795;2.115
57043;61161;0.923
35415;51646;2.300
1136;21286;2.118
12859;3265;2.445
39647;51646;2.247
1136;60144;2.126
1101;58291;1.609
24753;8918;2.301
1136;39572;2.167
12989;16265;3.003
15695;25525;2.250
47886;8455;2.108
200020;29396;2.230
199636;58206;1.905
48056;61029;1.899
21392;42755;1.731
21286;3265;2.157
47869;49549;2.240
29396;8455;2.501
58291;61200;1.806
30925;49981;2.174
12989;25459;2.859
21392;51942;1.372
28685;9143;2.395
34305;41095;2.728
12871;16265;2.807
13127;60632;2.231
1103;34305;2.472
16265;25459;2.737
20562;29073;2.545
15695;49981;2.293
41038;51430;1.898
30870;47886;1.917
47886;8918;2.194
43366;50655;2.092
29396;8918;2.480
12871;25459;2.274
31477;34305;2.407
24730;31251;2.130
23649;35467;1.500
49981;61200;1.889
200020;58206;1.817
5390;60144;2.095
28685;30870;1.722
15426;20969;1.972
39309;41095;2.669
12859;50554;2.158
31172;42755;1.716
49981;5580;2.699
1126;31172;2.467
49981;5583;2.374
20847;41887;2.090
15670;51430;1.612
197731;58291;1.649
15703;39637;2.317
15670;29073;2.273
24730;49549;2.137
1101;34305;2.215
286;57043;2.692
31172;51942;1.641
44953;61200;2.268
21392;8954;2.016
23649;48539;1.609
13169;3300;1.864
21155;43366;2.353
20562;51430;2.256
25459;42755;2.053
51430;51942;1.674
16243;33915;2.075
24875;34305;2.485
39637;39647;2.315
16243;3333;2.445
286;61029;2.707
34430;60144;1.261
25459;51942;1.856
15426;15670;1.857
34430;39572;1.436
199636;59542;1.824
41038;60632;1.831
31251;60144;1.351
1126;3300;2.497
3333;48539;2.257
24753;3265;2.281
31251;39572;1.534
21286;35332;2.099
13169;48539;1.895
47869;58291;2.352
197731;34305;2.276
15703;39647;2.404
30925;57866;2.046
61349;9143;2.504
1136;3300;2.180
20847;35260;2.135
16243;20847;2.195
1136;51430;2.223
15703;34430;2.203
16243;47869;2.355
12859;8954;2.475
1136;29073;2.561
12859;24785;2.634
15670;60632;1.588
39704;57795;1.974
15695;57866;2.254
39637;8954;2.299
21155;25459;2.280
200020;59542;2.002
21286;8954;2.182
30870;50554;1.482
12989;57795;2.789
38930;57795;2.078
39647;8954;2.281
3333;35467;2.251
13169;35467;1.638
5524;58206;1.949
39637;44953;2.394
29396;3265;2.446
44953;48056;2.276
41095;50655;2.577
16265;57795;2.682
29396;58206;2.161
35260;42755;1.760
34430;9143;2.236
3265;57043;1.905
43366;50673;2.439
20562;60632;2.262
15426;50655;2.002
41887;61200;2.092
3300;35415;2.075
12871;57795;2.205
24730;58291;2.267
35260;51942;1.706
199636;59554;2.060
57866;58206;1.340
28685;33915;2.063
3300;39309;2.300
12989;15426;2.880
30925;57872;1.990
15426;24875;2.355
15703;44953;2.528
16243;24730;2.292
20969;60341;1.928
20495;43366;2.348
3265;61029;1.853
15695;57872;2.117
50673;8455;2.414
35467;50266;2.086
12871;15426;2.324
3300;61200;1.957
20969;43293;2.289
1136;60632;2.251
200020;59554;2.146
12859;28685;2.405
1103;9143;2.533
12871;197731;2.324
286;41887;2.868
28685;47869;2.342
28878;48635;2.188
50673;8918;2.342
34430;51430;1.612
15426;15695;2.457
51646;61349;2.186
24730;34305;2.429
3300;8455;2.066
29073;41038;2.322
286;35260;2.711
42755;60144;1.577
200020;5524;2.207
39572;60144;1.222
21392;50655;1.712
48635;49549;1.678
51942;60341;1.652
28878;61349;2.250
31251;51430;1.704
5583;58291;2.381
24753;8954;2.190
5524;59542;1.880
15695;286;2.806
33915;57043;1.865
57872;61029;1.326
29396;59542;2.276
16243;47886;2.317
21392;24875;2.213
5390;60632;2.267
3300;8918;2.065
3265;41887;2.272
20562;5524;2.260
15695;30870;2.217
23649;3300;1.634
28878;5390;2.403
21155;57795;2.178
57866;59542;1.553
13169;3333;2.193
13127;42755;2.352
50554;57172;1.589
34305;35415;2.366
41095;50673;2.730
21286;39704;2.202
59554;9143;2.431
24785;48635;2.138
31172;50655;1.876
43293;58206;2.141
47886;8954;2.181
12859;57043;2.275
33915;61029;1.850
57172;61029;1.611
13127;51942;2.216
15426;50673;2.267
29396;8954;2.318
34305;39309;2.399
3300;48056;2.134
13169;16243;2.296
20847;39637;2.296
21286;31477;2.302
13127;20495;2.492
24785;61349;2.368
1103;30925;2.298
49549;58291;1.753
1126;3333;2.553
44953;48539;2.200
35467;41095;2.562
41887;48056;2.180
34430;60632;1.588
20495;25459;2.282
25459;50655;1.940
24753;31172;2.163
5524;59554;2.111
34305;61200;2.299
1136;3333;2.438
21286;57172;1.858
29396;59554;2.404
12859;61029;2.240
16243;24753;2.391
43293;59542;2.128
31251;60632;1.590
23649;43366;2.010
3265;35260;2.100
25525;31172;2.062
57866;59554;1.798
28685;9193;2.072
1126;21155;2.501
28685;47886;1.988
39309;61200;2.240
12989;29396;2.936
59554;61029;1.682
57043;60341;1.453
48635;58291;1.906
33915;41887;1.868
15703;21392;2.238
20847;39647;2.312
41038;42755;1.820
50266;60144;2.037
1126;48635;2.463
21392;50673;2.259
24875;30925;2.401
12871;29396;2.448
20847;44953;2.372
50554;61161;0.923
20847;34430;2.049
42755;51430;1.850
16243;50554;2.168
39572;51430;1.758
48539;50266;2.139
24875;3300;2.340
41038;51942;1.655
20969;38930;2.361
3333;43366;2.349
13169;43366;2.149
5580;58291;2.766
28878;49981;2.255
20495;57795;2.233
1103;21286;2.301
12989;58206;2.830
1126;61349;2.474
1103;60144;2.187
43293;59554;2.295
15670;42755;1.609
1103;39572;2.241
1101;30925;2.052
13127;20969;2.431
23649;25459;1.900
20969;51646;2.212
31477;60144;2.073
15670;51942;1.243
39572;9143;2.247
286;39637;2.856
31477;39572;2.109
31172;50673;2.388
34305;48056;2.364
21155;5390;2.455
21286;61161;1.479
16265;29396;2.756
61029;9143;2.264
15670;20495;2.207
20562;42755;2.342
1101;21286;1.565
24785;25525;2.123
1101;60144;1.321
1101;39572;1.492
13169;16265;2.732
33915;35260;2.038
20562;51942;2.053
39704;58206;1.965
39309;48056;2.293
5580;8455;2.715
15426;35332;2.221
30870;57043;1.286
61349;9193;2.194
25459;50673;2.324
24785;49981;2.257
13169;25459;2.107
38930;58206;1.965
12859;41887;2.401
13127;15670;2.092
35260;50655;1.889
3300;48539;1.878
24875;60144;2.237
42755;60632;1.832
199636;31251;1.732
15695;33915;2.476
39572;60632;1.639
16265;58206;2.672
197731;30925;2.134
24875;39572;2.280
31251;3300;1.647
23649;3333;2.117
12859;35260;2.416
28685;50554;1.634
43366;57172;2.082
1136;42755;2.261
12871;58206;2.263
5580;8918;2.763
41887;48539;1.926
199636;49549;1.947
1103;29073;2.587
286;39647;2.854
21155;29396;2.384
31172;9143;2.433
50673;57795;2.187
1136;51942;2.103
30870;61029;1.420
15426;5390;2.187
50673;8954;2.355
286;34430;2.702
34430;9193;1.873
197731;21286;1.671
197731;60144;1.508
51646;57866;2.059
12989;59542;2.813
3300;35467;1.923
197731;39572;1.598
200020;31251;2.007
1136;20495;2.466
28878;57866;2.228
15695;20847;2.516
15695;47869;2.515
30925;33915;2.119
15695;24730;2.539
50266;51430;2.118
31172;35332;1.901
29073;50266;2.429
1126;25525;2.468
200020;49549;2.001
3265;39637;2.309
12871;59542;2.278
15670;20969;1.982
21286;47601;1.704
13127;50655;2.212
35332;48635;2.021
3300;8954;2.115
16243;24785;2.445
21392;35332;1.933
23649;57795;1.232
28878;8455;2.207
1103;51430;2.286
1126;49981;2.389
13127;24875;2.397
24875;29073;2.495
1103;9193;2.382
35332;61349;2.034
39704;59542;2.041
286;44953;2.911
20562;20969;2.400
31477;51430;2.213
30925;47869;2.359
51646;57872;2.044
47869;60144;2.166
38930;59542;2.088
39637;41038;2.218
12989;59554;2.927
28878;8918;2.325
24785;57866;2.114
16265;59542;2.679
28878;57872;1.988
43366;61161;1.814
16243;200020;2.156
1101;51430;1.674
1101;29073;2.301
30870;5390;2.235
197731;29073;2.326
34305;48539;2.302
35260;9143;2.275
34430;42755;1.609
24730;30925;2.241
21155;58206;2.164
3265;39647;2.341
57872;8455;1.773
24875;3333;2.505
3333;57795;2.030
12871;59554;2.402
24753;48635;2.141
13169;57795;1.489
35260;50673;2.257
3265;34430;1.877
47869;9143;2.510
31251;42755;1.671
15703;41038;2.339
13127;15695;2.560
34430;51942;1.243
199636;58291;2.117
50266;60632;2.180
1136;20969;2.392
35467;39309;2.224
24875;51430;2.338
16243;28685;2.212
31251;51942;1.300
39309;48539;2.224
24753;61349;2.284
41038;50655;1.861
25459;35332;2.194
24730;60144;2.131
57872;8918;1.937
33915;39637;2.232
39704;59554;2.203
29396;31251;2.276
59554;9193;2.076
34305;35467;2.261
24730;39572;2.192
30870;41887;2.030
20847;21392;2.132
15703;20562;2.343
1103;60632;2.333
13169;15426;2.117
35467;61200;1.624
15426;39704;2.059
21155;59542;2.183
38930;59554;2.224
24785;57872;2.064
25525;61349;2.194
200020;5580;2.729
200020;58291;2.100
29073;41095;2.732
30870;35260;1.653
197731;51430;1.817
31477;60632;2.294
16265;59554;2.771
29396;49549;2.245
200020;5583;2.398
15695;47886;2.269
58206;61200;1.524
15670;50655;1.592
15695;24753;2.336
15426;31477;2.151
12859;39637;2.320
3265;44953;2.421
13127;50673;2.503
1101;60632;1.581
1126;57866;2.417
41095;57172;2.570
3333;9143;2.529
15670;24875;2.180
20495;29396;2.356
20562;5580;2.676
199636;34305;2.360
59542;59554;1.638
20562;5583;2.564
15426;57172;2.038
20562;50655;2.177
25525;48635;1.959
31251;3333;2.029
33915;39647;2.171
16243;199636;2.314
30925;47886;2.307
28878;3265;2.322
24875;60632;2.288
21155;8455;2.364
16243;57043;2.122
35260;35332;2.074
20562;24875;2.347
21392;5524;1.961
33915;34430;1.874
35332;49981;2.119
50554;60341;1.581
21155;59554;2.325
5583;60144;2.284
28878;30870;2.258
47869;51430;2.305
15695;5390;2.573
20495;58206;2.160
21392;39704;2.086
31172;31477;2.309
1136;15670;2.078
21155;8918;2.367
12859;39647;2.528
1136;50655;2.247
35467;48056;1.987
1126;57872;2.398
39647;5524;2.216
197731;60632;1.771
16243;61029;2.070
12859;34430;2.240
21392;31477;2.228
39572;42755;1.696
43366;47601;1.912
50673;58206;2.167
42755;51942;1.529
5580;8954;2.751
3300;43366;2.153
21286;60341;1.864
39572;51942;1.545
41038;50673;2.296
5524;58291;2.130
23649;29396;2.265
39572;9193;1.968
21392;57172;1.697
33915;44953;2.322
31172;39704;2.220
29396;58291;2.370
49549;60144;1.288
21286;43293;2.268
41095;61161;2.450
24730;51430;2.231
15426;8455;2.220
61029;9193;1.916
24730;29073;2.400
47886;48635;1.820
12871;286;2.876
15695;50554;2.117
24753;49981;2.154
41887;43366;2.233
12859;5524;2.356
200020;34305;2.243
24785;30870;2.104
15426;61161;1.741
39637;5524;2.262
43293;49549;2.150
57866;58291;1.805
15670;50673;2.201
49981;57795;1.741
15670;15695;2.174
21286;5524;2.147
25525;49981;1.979
47886;61349;2.104
28685;57043;1.623
57043;8455;1.947
12859;44953;2.521
47869;60632;2.364
15426;8918;2.258
20847;41038;2.206
25459;39704;2.058
51942;5390;2.204
23649;58206;1.275
31172;57172;1.808
44953;57795;2.177
24753;25525;2.142
13169;29396;2.402
20562;50673;2.502
1136;24875;2.429
48635;60144;1.681
30925;50554;2.000
25459;31477;2.189
35332;57866;1.974
20495;59542;2.214
48539;61200;1.845
30870;39637;2.179
13127;35332;2.370
57043;8918;1.925
28685;61029;1.608
51430;57172;1.789
29396;34305;2.417
31172;9193;2.112
31172;61161;1.555
25459;57172;2.015
24785;5390;2.494
28878;8954;2.322
50655;57043;1.666
21155;3265;2.384
31251;50655;1.710
24730;60632;2.225
5580;60144;2.643
39637;50266;2.324
50673;59542;2.214
29073;35415;2.431
21392;61161;1.010
15695;24785;2.381
1136;50673;2.521
1126;30870;2.373
1136;15695;2.497
48056;5390;2.291
51430;61161;1.486
16243;41887;2.104
41095;47601;2.478
15670;197731;1.528
1101;3300;1.648
12989;31251;2.797
34305;43366;2.443
35260;39704;2.091
15426;47601;1.887
50655;61029;1.626
16243;35260;2.152
35332;57872;1.810
24753;57866;2.062
50266;51942;2.060
15703;50266;2.441
12989;49549;2.814
20495;59554;2.338
57872;8954;1.963
12871;31251;2.207
30870;39647;2.118
35467;48539;1.747
43293;58291;2.305
29073;61200;2.348
34430;50655;1.592
24753;5524;2.278
30870;34430;1.410
1103;42755;2.404
39309;43366;2.368
28685;41887;2.092
43366;60341;2.151
23649;59542;1.278
49549;51430;1.788
28878;33915;2.229
24785;33915;2.401
3333;58206;2.118
1103;51942;2.147
13169;58206;1.512
31477;42755;2.286
38930;5390;2.425
35260;57172;1.794
15426;3265;2.201
30870;8455;2.098
20847;286;2.832
50673;59554;2.367
35415;61349;2.194
1103;20495;2.476
50554;51646;2.014
31477;51942;2.209
35260;9193;2.036
29073;39309;2.292
39647;61349;2.327
47886;5524;2.157
5583;60632;2.347
1101;42755;1.586
25459;61161;1.630
39704;49549;2.082
16265;31251;2.681
15695;28685;2.306
29396;5524;2.356
47869;9193;2.385
47886;49981;2.003
15670;35332;1.856
1101;51942;1.195
30870;8918;2.044
24753;57872;2.026
38930;49549;2.000
28878;47869;2.466
3300;57795;1.603
24785;47869;2.430
3333;59542;2.077
13169;59542;1.541
48635;51430;1.919
21392;47601;1.206
16265;49549;2.680
47601;48635;1.554
30870;44953;2.267
1101;20495;2.216
20847;9143;2.410
35415;48635;1.902
8455;9143;2.436
24875;42755;2.354
25525;57866;1.775
15670;286;2.702
39647;48635;2.332
21286;51646;2.031
12871;49549;2.277
41887;57795;1.972
20562;35332;2.370
286;41038;2.754
39637;41095;2.684
23649;59554;1.739
28685;35260;1.851
13169;197731;1.667
24875;51942;2.242
12859;21392;2.284
31251;50673;2.187
47601;61349;1.772
39572;50655;1.743
15695;8455;2.348
49549;60632;1.614
21155;8954;2.334
197731;42755;1.625
1126;33915;2.452
13127;39704;2.375
21155;31251;2.179
31172;47601;1.687
12989;58291;2.945
21286;38930;2.192
15703;41095;2.665
3333;9193;2.363
197731;51942;1.543
35260;61161;1.368
15695;8918;2.371
3265;41038;2.125
13127;31477;2.394
1136;35332;2.342
1103;20969;2.424
197731;20495;2.244
3333;59554;2.247
199636;30925;2.128
13169;59554;1.816
5583;9143;2.576
25525;57872;1.620
34430;50673;2.201
25459;47601;1.811
1126;20847;2.511
48635;60632;1.787
13127;57172;2.276
1126;47869;2.552
42755;50655;1.835
286;9143;2.836
1126;24730;2.463
29073;48056;2.392
199636;21286;2.019
39704;58291;2.193
47886;57866;1.948
199636;60144;1.905
1101;20969;2.025
199636;39572;1.940
16243;39637;2.339
15426;8954;2.056
200020;30925;2.144
30925;57043;2.036
38930;58291;2.270
30870;3265;2.000
20969;31172;2.200
1126;12989;2.940
51942;8455;1.935
34305;57795;2.205
16265;58291;2.766
1101;3333;2.071
5580;60632;2.715
47869;51942;2.295
1103;15670;2.122
24753;30870;2.062
20847;50266;2.345
21155;49549;2.204
15695;57043;2.139
16265;3300;2.786
28878;47886;2.311
24785;47886;2.181
12871;58291;2.402
41095;60341;2.577
200020;21286;2.188
57043;8954;1.914
15426;60341;1.948
49981;58206;1.632
51942;8918;2.029
41095;43293;2.714
15703;23649;2.242
21392;5580;2.684
39309;57795;2.185
25525;30870;1.692
48056;50266;2.104
30925;61029;2.023
21392;5583;2.344
60144;61349;1.901
15426;43293;2.199
33915;41038;2.044
16265;200020;2.733
3300;5524;2.057
39572;50673;2.224
15695;61029;2.181
44953;58206;2.174
47886;57872;1.791
50266;50655;2.175
24730;42755;2.266
15670;39704;2.025
197731;20969;2.082
16243;39647;2.313
15695;197731;2.218
34430;35332;1.856
47601;49981;1.631
39647;5580;2.754
24730;51942;2.118
35415;49981;2.018
39647;5583;2.431
41038;57172;1.814
12989;34305;2.957
15695;3265;2.365
16243;34430;2.115
50673;5524;2.407
20495;286;2.878
57795;61200;1.625
13127;61161;2.089
15670;31477;2.116
39647;49981;2.074
16265;34305;2.745
31251;35332;1.805
1103;50655;2.251
20562;39704;2.358
200020;60144;1.817
12871;34305;2.507
28685;39637;2.249
31477;50655;2.235
200020;39572;1.885
15670;57172;1.590
1103;24875;2.486
61200;8455;2.097
20562;31477;2.455
58291;59542;1.639
41038;61161;1.344
12859;5580;2.808
24785;8455;2.313
1101;15670;1.194
12859;5583;2.636
35467;43366;2.139
1126;47886;2.481
35260;47601;1.625
42755;50673;2.325
8954;9143;2.365
21392;60341;1.625
39637;5580;2.762
39637;5583;2.404
43366;51646;2.227
29396;30925;2.306
20495;31251;2.234
1126;24753;2.435
57172;9143;2.324
12859;15703;2.381
21286;5580;2.722
15695;41887;2.507
20562;57172;2.238
21286;5583;2.397
21392;43293;2.167
29073;35467;2.338
286;50266;2.818
16243;44953;2.401
21155;58291;2.296
35332;47869;2.482
61200;8918;2.070
48056;8455;2.263
1136;39704;2.420
199636;51430;2.035
20847;41095;2.697
199636;29073;2.432
20495;49549;2.243
24785;8918;2.307
49981;59542;1.714
5524;60144;1.949
28878;50554;2.009
24785;50554;2.058
24875;50655;2.256
12859;41038;2.371
29396;60144;2.160
30870;8954;2.004
29073;48539;2.384
29396;39572;2.214
39309;5390;2.398
15703;35415;2.403
1136;31477;2.431
1103;15695;2.559
15703;28878;2.282
31172;60341;1.934
44953;59542;2.162
28685;39647;2.298
39637;61200;2.198
41887;58206;1.757
16265;199636;2.771
48056;8918;2.201
57866;60144;1.340
28685;34430;1.592
15703;39309;2.401
30925;41887;2.083
31172;43293;2.290
58291;59554;1.657
12859;20562;2.277
49981;9143;2.323
1101;50655;1.658
200020;29073;2.362
1136;57172;2.193
13127;47601;2.152
21155;286;2.847
197731;50655;1.701
47601;57866;1.540
35415;57866;1.901
38930;8455;2.257
51430;60341;1.803
50266;50673;2.395
30925;35260;2.123
39647;57866;2.198
50655;5390;2.247
15703;61200;2.324
15670;61161;0.923
25459;60341;1.889
1101;24875;2.153
24785;3265;2.370
21155;34305;2.379
197731;24875;2.244
15695;35260;2.279
3300;58206;1.719
23649;31251;1.276
49549;51942;1.452
49981;59554;1.943
25459;43293;2.169
1103;50673;2.492
38930;8918;2.373
24753;33915;2.324
31251;31477;2.177
3265;3300;2.078
15695;8954;2.408
199636;60632;2.035
61029;61349;1.761
23649;49549;1.360
16265;3333;2.784
20562;61161;1.920
31477;50673;2.405
28685;44953;2.289
15426;38930;2.206
44953;59554;2.287
20847;23649;2.132
5390;57172;2.251
200020;51430;2.015
20847;9193;2.307
1126;50554;2.387
25525;33915;2.196
8455;9193;2.231
24753;5580;2.760
200020;286;2.845
3265;50266;2.288
24753;5583;2.451
34430;39704;2.025
41095;51646;2.674
47601;57872;1.310
47869;50655;2.294
35415;57872;1.739
1101;15695;2.124
15426;51646;2.129
20495;58291;2.320
31251;39704;1.974
39637;48056;2.302
13169;31251;1.518
39647;57872;2.190
24753;47869;2.421
48635;51942;1.618
35332;47886;2.168
41887;59542;1.966
41038;47601;1.574
47886;5580;2.633
47886;5583;2.379
35260;60341;1.524
1136;61161;1.941
29396;5580;2.802
24875;50673;2.514
29396;5583;2.545
25525;47869;2.367
43293;60144;2.141
12859;197731;2.304
34430;57172;1.590
35260;43293;2.269
50673;58291;2.332
15703;48056;2.412
29396;51430;2.283
20969;286;2.833
15670;47601;1.171
31251;57172;1.629
15703;200020;2.314
24730;50655;2.159
5583;9193;2.442
51942;8954;1.972
3300;59542;1.636
1101;50673;2.207
20969;21155;2.339
21392;38930;2.051
30870;41038;1.668
286;41095;2.921
197731;50673;2.262
35467;57795;1.506
24785;28685;2.277
286;9193;2.744
200020;60632;2.142
16243;21392;2.214
20495;34305;2.403
34305;58206;2.165
20562;47601;2.058
1126;24785;2.529
24730;286;2.872
5390;61161;2.068
33915;50266;2.259
21392;51646;2.088
3333;49549;2.135
20969;48635;2.221
41887;59554;2.150
13169;49549;1.616
23649;58291;1.748
20847;28878;2.351
39309;58206;2.073
31172;38930;2.220
3265;41095;2.622
20969;61349;2.231
12989;30925;2.852
34305;59542;2.215
5524;60632;2.132
29073;43366;2.438
1103;35332;2.318
1136;47601;2.069
29396;60632;2.378
3300;59554;1.901
31172;51646;2.014
47869;50673;2.443
24730;24875;2.345
15695;39637;2.491
34430;61161;0.923
51646;57043;1.984
20847;61200;2.180
35332;50554;1.770
12989;21286;2.862
31477;35332;2.374
39572;39704;2.015
25459;38930;2.184
24753;47886;2.159
57866;60632;1.701
28878;57043;2.132
31251;61161;0.975
13127;60341;2.339
61200;8954;2.082
49549;5390;2.187
1126;28685;2.442
24785;8954;2.361
51430;51646;2.091
20847;35415;2.370
15670;5390;2.124
1101;35332;1.794
15703;199636;2.177
51942;61349;1.651
13127;43293;2.315
25525;47886;2.003
25459;51646;2.113
28878;5524;2.199
39637;48539;2.196
51646;61029;1.959
3265;3333;2.339
20847;39309;2.331
43293;51430;2.226
30925;39637;2.175
48056;8954;2.112
1103;200020;2.388
28878;61029;2.076
12859;50266;2.518
16265;30925;2.766
42755;57172;1.793
24753;286;2.783
24730;50673;2.410
39572;57172;1.730
34305;59554;2.373
31477;3300;2.303
39704;60144;1.965
24875;35332;2.406
30925;34430;2.053
60632;61161;1.357
12871;30925;2.315
15695;39647;2.535
3333;58291;2.347
8954;9193;2.230
60632;9143;2.351
13169;58291;1.876
33915;41095;2.661
12989;60144;2.830
3300;5580;2.712
38930;60144;1.964
15703;48539;2.362
3300;5583;2.400
24785;57043;2.053
39309;59542;2.174
12989;39572;2.850
16265;21286;2.740
15695;34430;2.174
57172;9193;2.045
16265;60144;2.672
57043;61349;1.855
16265;39572;2.699
23649;34305;2.255
25459;5390;2.188
48056;61200;1.973
12871;21286;2.404
197731;35332;1.923
12871;60144;2.263
50673;5580;2.784
50673;5583;2.517
12871;39572;2.296
38930;8954;2.314
20969;25525;2.137
39309;8455;2.409
199636;42755;2.132
41038;60341;1.716
35260;51646;2.002
24785;61029;2.113
15703;35467;2.326
31251;47601;1.267
30925;39647;2.305
199636;51942;1.885
48539;57795;1.570
49549;50655;1.585
41038;43293;2.239
30925;44953;2.345
20969;49981;2.044
43293;60632;2.175
1103;31477;2.447
49981;9193;2.038
199636;20495;2.360
24753;50554;1.994
39309;8918;2.383
15695;44953;2.614
3333;34305;2.510
15670;60341;1.536
13169;34305;2.331
38930;39572;2.025
286;35415;2.727
286;28878;2.880
50655;8455;2.042
39309;59554;2.311
42755;61161;1.416
35260;38930;2.099
39572;61161;1.221
15670;43293;2.076
30870;50266;2.072
25525;50554;1.679
12989;29073;2.953
286;39309;2.861
44953;49549;2.207
1103;199636;2.097
20847;48056;2.230
34430;47601;1.171
20562;60341;2.312
1126;57043;2.351
16243;41038;2.221
12859;41095;2.759
1103;39704;2.296
59542;60144;1.322
48635;50655;1.832
21155;30925;2.351
50655;8918;2.151
12871;29073;2.477
20562;43293;2.341
47601;47869;2.208
35415;47869;2.367
286;61200;2.736
28878;41887;2.243
61161;61349;1.645
24785;41887;2.431
31477;39704;2.319
50266;57172;2.118
21155;5524;2.317
39647;47869;2.446
25525;5390;2.347
16243;20562;2.383
29073;57795;2.328
24875;31477;2.429
28878;35260;2.306
21155;21286;2.288
28685;41038;1.824
1126;61029;2.331
39704;51430;2.124
21155;60144;2.164
1101;39704;2.023
12859;13127;2.534
200020;42755;2.102
21155;39572;2.220
1103;57172;2.284
13127;38930;2.449
24730;35332;2.326
12989;51430;2.860
8918;8954;2.259
38930;51430;2.265
1136;60341;2.255
200020;51942;2.004
16265;51430;2.711
24753;24785;2.290
1101;31477;2.179
16265;29073;2.791
31477;57172;2.211
1136;43293;2.419
199636;20969;2.236
200020;20495;2.282
24875;39704;2.404
12871;51430;2.338
13127;51646;2.356
21286;31172;1.827
20969;57866;2.032
3265;35415;2.172
1101;57172;1.569
35467;58206;1.388
1103;61161;2.000
39572;47601;1.421
49549;50673;2.258
49981;58291;1.896
15426;5524;2.150
31477;3333;2.436
24785;35260;2.081
3265;39309;2.358
12859;23649;2.279
29396;42755;2.364
35332;5390;2.395
41887;49549;1.919
197731;39704;2.106
5390;60341;2.206
1126;41887;2.486
29396;51942;2.298
286;48056;2.819
44953;58291;2.296
24875;57172;2.309
50266;61161;1.955
21155;29073;2.365
3265;61200;2.116
39704;60632;2.136
197731;31477;2.194
35467;59542;1.518
49549;8455;2.000
51942;57866;1.628
20495;30925;2.350
24730;5390;2.348
12989;60632;2.841
15670;8455;1.931
38930;60632;2.205
24753;28685;2.097
25459;286;2.839
20969;57872;2.070
47886;50554;1.772
48635;50673;2.319
58206;8455;1.962
16265;60632;2.738
3300;49549;1.789
42755;47601;1.531
47601;47886;1.777
197731;57172;1.694
35415;47886;2.061
24875;61161;2.131
35332;57043;1.891
12871;60632;2.306
20495;21286;2.347
49549;8918;2.048
39647;47886;2.326
39637;43366;2.328
15695;21392;2.133
25525;28685;1.998
31477;61161;2.029
20495;60144;2.160
34430;60341;1.536
15703;16243;2.421
20847;48539;2.140
41038;51646;2.075
15670;8918;1.984
200020;20969;1.975
30870;41095;2.534
15670;38930;2.035
58206;8918;1.979
31251;60341;1.632
34430;43293;2.076
33915;35415;2.302
1101;61161;0.923
21155;51430;2.258
57872;61200;1.629
30870;5524;2.025
48056;48539;1.936
31251;43293;2.115
5580;5583;2.812
1126;35260;2.414
199636;50655;2.057
35332;61029;1.851
15703;43366;2.456
15670;51646;1.993
51942;57872;1.348
33915;39309;2.142
20562;38930;2.459
35467;59554;1.766
20847;35467;2.179
58206;59542;1.323
47869;57172;2.282
23649;30925;2.110
12859;35415;2.561
12859;28878;2.348
3265;48056;2.241
41887;58291;2.147
24753;57043;2.010
57172;61200;1.753
33915;61200;2.057
20562;51646;2.345
24730;39704;2.245
20495;39572;2.221
16243;50266;2.342
200020;9143;2.336
20969;5390;2.254
59542;60632;1.603
39309;8954;2.272
57043;57866;1.476
197731;61161;1.339
60632;9193;2.069
24730;31477;2.327
43293;51942;2.134
1103;47601;2.134
50673;60144;2.167
20562;9143;2.574
24753;61029;2.051
12859;61200;2.407
25459;8455;2.230
15703;25459;2.376
3300;58291;1.970
31477;47601;2.128
35332;41887;2.258
60341;60632;1.735
34305;49549;2.255
21155;60632;2.307
13127;286;2.863
24730;57172;2.198
199636;24875;2.332
47601;50554;1.217
48539;58206;1.515
1136;51646;2.326
35415;50554;1.704
20969;30870;1.982
58206;59554;1.654
28878;39637;2.242
28878;5580;2.794
50655;8954;2.000
24785;39637;2.446
286;48539;2.806
28878;5583;2.538
25525;61029;1.761
39647;50554;2.175
59554;61200;1.782
15670;3265;1.877
25459;8918;2.229
200020;50655;2.093
28878;34430;2.090
12859;39309;2.526
39309;49549;2.183
25525;8455;2.205
15703;16265;2.814
25525;57043;1.588
29073;29396;2.331
15695;15703;2.495
20495;29073;2.288
23649;60144;1.275
57043;57872;1.241
1136;38930;2.462
42755;60341;1.769
200020;24875;2.414
39572;60341;1.503
23649;39572;1.519
47869;61161;2.161
15695;5524;2.391
24875;47601;2.169
12859;13169;2.371
48539;59542;1.565
33915;48056;2.153
286;35467;2.715
42755;43293;2.306
199636;50673;2.336
39572;43293;2.179
28685;50266;2.138
50554;61349;1.788
15695;41038;2.284
13169;30925;2.184
25525;8918;2.070
3300;34305;2.375
1101;47601;1.202
28878;39647;2.396
24785;39647;2.475
29396;50655;2.294
29073;58206;2.253
21286;48635;1.853
197731;47601;1.475
13127;5390;2.380
28878;44953;2.436
28685;3300;1.918
12859;48056;2.487
5583;57172;2.340
24785;34430;2.109
13169;21286;1.670
3333;60144;2.118
12989;5390;2.901
13169;60144;1.512
39637;57795;2.041
3333;39572;2.178
13169;39572;1.727
20495;51430;2.277
24730;61161;2.025
1126;39637;2.521
31251;38930;2.108
21286;61349;2.079
30925;41038;2.186
35332;8455;2.081
34430;51646;1.993
30870;35415;1.822
24875;286;2.853
34305;58291;2.338
3265;48539;2.032
48539;59554;1.643
20495;60632;2.370
29073;5390;2.500
24753;41887;2.349
23649;29073;2.318
31251;51646;2.015
47886;57043;1.840
39704;42755;2.190
15703;57795;2.117
30870;39309;2.118
50673;51430;2.232
51942;5524;1.903
35332;8918;2.248
12989;42755;2.945
24730;8455;2.331
39704;51942;2.077
24753;35260;2.116
16243;41095;2.711
25459;3265;2.196
49549;57172;1.690
25525;41887;2.250
39309;58291;2.291
20969;33915;2.040
50554;5390;2.155
24785;44953;2.507
16265;42755;2.763
15695;20562;2.531
34430;38930;2.035
12989;51942;2.878
38930;51942;2.148
30870;61200;1.650
200020;50673;2.248
15426;31172;2.086
3265;35467;2.068
49549;8954;1.992
21155;5580;2.679
16265;51942;2.739
25525;35260;1.780
12871;42755;2.400
47886;61029;1.876
21155;5583;2.470
12989;20495;2.954
15670;8954;1.922
1126;39647;2.467
24730;8918;2.342
58206;8954;1.840
12871;51942;2.279
16265;20495;2.773
24785;5524;2.412
28685;41095;2.633
1126;34430;2.339
13169;29073;2.429
50266;60341;2.149
41887;5390;2.191
20847;43366;2.343
23649;51430;1.743
5583;61161;2.229
29073;59542;2.315
25525;3265;2.138
12871;20495;2.451
20969;47869;2.267
20969;24730;2.290
48635;57172;1.794
48056;5524;2.199
24730;47601;2.107
38930;42755;2.224
1103;60341;2.351
34305;5390;2.390
29396;50673;2.425
43293;50655;2.176
33915;48539;2.001
1103;43293;2.386
199636;35332;2.090
50673;60632;2.335
31477;60341;2.166
197731;5390;2.232
21286;25525;1.946
5580;57172;2.674
31477;43293;2.314
15426;5580;2.724
3333;51430;2.234
15426;5583;2.441
16243;23649;2.213
58291;8455;2.173
13169;51430;1.945
1126;44953;2.575
1101;60341;1.592
21392;31172;1.800
49549;61161;1.075
20847;25459;2.063
38930;5524;2.404
30870;48056;1.949
1101;43293;2.095
12859;48539;2.403
21286;49981;2.003
33915;35467;2.045
35332;39637;2.271
43366;61349;1.859
29073;59554;2.429
200020;35332;2.281
42755;51646;2.046
12989;20969;2.902
12989;286;3.039
39572;51646;2.016
58291;8918;2.145
23649;60632;1.576
24875;60341;2.345
21155;42755;2.300
16265;20969;2.725
12871;5390;2.393
49981;60144;1.632
24875;43293;2.378
21155;51942;2.245
12871;20969;2.430
25459;8954;2.047
1103;3300;2.256
28685;3333;2.272
12859;35467;2.447
24730;3265;2.374
48635;61161;1.386
43366;48635;2.060
35415;61029;1.797
286;43366;2.889
44953;60144;2.174
200020;9193;2.246
20969;8455;2.342
197731;60341;1.754
199636;5390;2.298
39647;61029;2.086
58291;60144;1.624
35467;49549;1.365
197731;43293;2.187
47601;57043;1.250
12989;15670;2.812
35415;57043;1.720
3333;60632;2.197
13169;60632;1.766
25459;31172;2.072
30870;5580;2.682
35332;39647;2.408
20969;47886;2.250
50554;57866;1.397
30870;5583;2.335
57795;58206;1.306
5580;61161;2.598
39647;57043;2.112
20562;9193;2.345
25525;8954;2.140
20969;24753;2.337
20969;8918;2.305
20495;5390;2.426
12871;15670;2.226
43293;50673;2.398
15695;50266;2.485
16243;35415;2.412
47601;61029;1.248
16243;28878;2.371
12989;8455;2.804
16243;39309;2.283
21286;57866;1.797
47869;60341;2.185
39704;50655;2.159
29396;35332;2.461
24753;39637;2.382
20847;57795;2.058
12989;50655;2.822
50554;57872;1.101
28685;28878;2.260
35332;44953;2.394
199636;39704;2.097
16265;50655;2.709
1136;200020;2.407
30925;50266;2.302
16243;61200;2.172
12989;8918;2.869
24753;34430;2.024
50266;51646;2.146
1103;38930;2.534
15703;5390;2.479
35415;5390;2.446
15703;29396;2.482
15426;21155;2.261
3265;43366;2.250
25525;39637;2.296
43366;49981;2.105
20495;51942;2.248
35332;8954;2.182
48056;57795;1.939
12871;50655;2.296
12989;24875;2.895
39637;58206;2.103
31477;38930;2.452
199636;31477;2.276
30870;48539;1.669
13127;8455;2.384
41095;48635;2.592
21392;9143;2.301
35467;58291;1.720
49981;51430;1.808
1103;51646;2.404
24730;60341;2.270
1126;21392;2.337
35415;41887;2.364
12871;24875;2.441
15426;48635;2.131
57795;59542;1.157
21286;57872;1.633
24730;43293;2.171
39647;41887;2.235
199636;57172;2.019
24730;8954;2.269
31477;51646;2.256
58206;58291;1.624
41095;61349;2.699
44953;51430;2.292
15703;58206;2.231
13127;8918;2.384
20969;50554;2.052
38930;50655;2.116
28685;35415;2.086
3300;60144;1.719
24753;39647;2.380
15695;5580;2.842
39647;9143;2.467
15426;61349;2.149
3300;39572;1.782
20495;42755;2.326
20969;3265;2.272
15695;5583;2.574
200020;31477;2.220
30870;35467;1.565
24753;44953;2.455
29073;8455;2.511
1101;51646;1.981
12989;15695;2.955
28685;39309;2.272
24875;38930;2.463
15695;41095;2.680
41887;60144;1.757
25525;39647;2.287
16265;24875;2.723
25525;44953;2.402
41038;5390;2.270
25525;34430;1.729
12871;15695;2.594
60144;61029;1.283
50554;8455;1.769
34305;8455;2.448
29073;8918;2.506
16243;48056;2.197
28685;61200;1.848
24875;51646;2.347
12859;9143;2.602
197731;8455;1.974
200020;39704;2.140
48539;49549;1.626
1101;38930;2.042
1103;3333;2.381
286;57795;2.682
39637;9143;2.465
197731;38930;2.073
33915;43366;2.243
50673;51942;2.266
57795;59554;1.644
28878;41038;2.214
24785;41038;2.103
1136;199636;2.243
39704;50673;2.279
12859;16243;2.508
1136;286;2.823
21286;9143;2.411
49981;60632;1.990
5583;60341;2.344
21392;48635;1.597
50554;8918;1.921
30925;41095;2.723
34305;8918;2.361
41887;8455;2.250
39637;59542;2.079
20495;20969;2.332
31172;61349;1.925
21155;50655;2.266
12989;3265;2.919
12989;50673;2.931
43366;57866;2.109
197731;8918;1.917
197731;51646;1.914
13127;31172;2.364
16265;50673;2.768
44953;60632;2.253
21392;61349;1.866
58291;8954;2.043
199636;61161;1.696
58291;60632;1.880
12859;43366;2.494
200020;57172;2.077
51942;5580;2.702
20969;24785;2.346
23649;42755;1.715
21155;24875;2.341
51942;5583;2.328
12871;50673;2.511
50655;61200;1.915
51430;61349;1.974
41887;8918;2.301
12871;8455;2.415
15703;59542;2.177
29073;31251;2.328
29396;39704;2.306
23649;51942;1.343
39309;5524;2.206
31172;48635;1.888
15695;23649;2.164
21286;30870;1.802
49549;60341;1.562
31172;3300;1.950
13127;3265;2.380
1126;15703;2.601
34305;60144;2.165
29073;49549;2.304
29396;31477;2.266
200020;61161;1.815
34305;39572;2.227
15426;25525;2.173
24785;5580;2.790
12871;8918;2.428
24785;5583;2.507
38930;50673;2.519
43366;57872;1.979
28685;48056;1.943
39637;59554;2.261
5524;57172;2.039
47869;51646;2.381
60341;8455;2.145
3333;42755;2.350
13169;42755;1.868
25459;48635;2.047
3300;51430;1.933
41095;49981;2.565
50655;5524;2.058
1126;41038;2.386
29396;57172;2.284
20847;29396;2.313
39309;60144;2.073
20969;8954;2.115
15426;49981;1.943
12859;25459;2.397
3333;51942;2.118
48056;5580;2.726
39309;39572;2.107
13127;200020;2.418
13169;51942;1.684
3265;57795;1.852
48056;5583;2.421
29073;3265;2.484
41887;51430;2.048
48539;58291;1.546
25459;61349;2.120
20969;28685;2.159
13169;20495;2.352
48635;60341;1.903
15703;59554;2.369
12989;35332;2.915
24753;9143;2.412
60341;8918;2.140
199636;47601;1.850
199636;8455;1.986
20847;58206;1.982
24730;51646;2.219
197731;3265;2.014
12859;16265;2.843
15670;31172;1.721
21155;50673;2.380
5580;60341;2.679
38930;5580;2.780
47886;9143;2.370
16243;48539;2.216
38930;5583;2.586
21392;25525;1.741
29396;9143;2.438
12989;8954;2.869
31172;49981;1.949
199636;8918;2.130
35260;48635;1.848
199636;286;2.786
20495;8455;2.427
20562;31172;2.251
15703;8455;2.285
3300;60632;1.836
15695;28878;2.436
24730;38930;2.418
1126;20562;2.597
21392;49981;1.807
35415;39637;2.418
29073;58291;2.401
5524;61161;1.732
16265;35332;2.820
29396;61161;2.147
35260;61349;2.079
16243;35467;2.206
41887;60632;2.112
20495;50655;2.305
12871;3265;2.439
30870;43366;2.046
20495;8918;2.420
33915;57795;1.973
12871;35332;2.356
15703;8918;2.433
21286;33915;2.136
41095;57866;2.584
57866;61161;1.330
34305;51430;2.226
30925;5390;2.212
13127;8954;2.354
13169;20969;2.205
15426;57866;1.910
51430;5390;2.234
13127;199636;2.286
20495;24875;2.457
48056;58206;1.874
1136;31172;2.205
30925;35415;2.389
43293;57172;2.215
35415;8455;2.211
200020;47601;1.928
12859;57795;2.160
15695;35415;2.225
25459;25525;2.181
39309;51430;2.209
20847;59542;2.060
35332;41038;2.044
21286;47869;2.392
41038;8455;2.083
28685;48539;1.510
35415;39647;2.390
15695;39309;2.527
29073;8954;2.410
21392;9193;1.778
35415;44953;2.515
20969;57043;1.917
57172;57795;1.591
25459;49981;1.982
35415;8918;2.219
30925;61200;2.161
13127;21155;2.457
39647;44953;2.419
13169;15670;1.595
41095;57872;2.517
286;29396;2.875
31172;3333;2.264
50554;8954;1.949
15426;57872;1.960
41038;8918;2.091
15695;61200;2.276
34305;8954;2.352
23649;50655;1.698
28878;50266;2.429
49549;51646;2.046
24785;50266;2.302
199636;3265;2.106
39647;9193;2.372
197731;8954;1.998
28685;35467;1.744
49981;51942;1.743
29396;47601;2.176
13127;48635;2.284
20969;61029;1.951
21392;57866;1.567
34305;60632;2.340
30925;39309;2.320
49549;5524;2.026
23649;24875;2.239
15670;5524;1.884
44953;51942;2.164
41887;8954;2.091
21155;35332;2.388
21286;24730;2.271
20847;59554;2.253
51942;57043;1.336
286;58206;2.683
29073;34305;2.484
12989;31477;2.936
13127;61349;2.376
20495;3265;2.394
15703;3265;2.372
43293;61161;2.013
39309;60632;2.294
48056;59542;1.928
12859;9193;2.499
20495;50673;2.441
12859;15426;2.355
3333;50655;2.215
13169;50655;1.947
48635;51646;2.129
39637;9193;2.380
12871;31477;2.393
31172;57866;1.848
35260;49981;1.910
12871;8954;2.370
21286;9193;2.109
41038;61349;2.027
51942;61029;1.222
12989;39704;2.851
199636;60341;2.094
13169;24875;2.318
50673;9143;2.403
21392;57872;1.289
30925;48056;2.197
16265;39704;2.765
12859;12871;2.556
20969;41887;2.016
51430;57866;1.830
25459;5524;2.171
199636;43293;2.207
24753;41038;2.133
15695;48056;2.432
35467;60144;1.387
1126;50266;2.438
12871;39704;2.301
25459;57866;1.853
35467;39572;1.605
21286;47886;2.047
16265;31477;2.775
41038;48635;1.859
60341;8954;1.936
39704;57172;2.124
15670;21155;2.171
58206;60144;0.923
15426;200020;1.984
25525;41038;1.876
48056;59554;1.938
3300;9143;2.396
12989;57172;2.853
39637;49549;2.166
57043;61029;1.274
38930;57172;2.141
30870;57795;1.488
28878;41095;2.686
31172;57872;1.759
24785;41095;2.694
16265;57172;2.688
13169;15695;2.279
15426;30870;1.944
15703;31251;2.118
15670;48635;1.597
20562;21155;2.355
23649;50673;2.249
286;59542;2.694
38930;39704;2.394
3265;58206;1.913
12871;57172;2.322
43293;47601;2.108
57795;58291;1.667
51430;57872;1.724
20495;35332;2.432
15703;49549;2.286
199636;8954;2.166
12989;61161;2.782
15670;61349;1.798
16243;43366;2.337
13127;25525;2.385
20562;48635;2.041
25459;57872;1.935
20969;35260;2.022
3300;42755;1.931
21155;31477;2.288
21286;24753;2.220
35260;57866;1.592
39309;5580;2.739
24753;9193;2.134
200020;60341;1.826
3300;51942;1.701
39309;5583;2.461
43366;47869;2.439
20562;61349;2.197
41887;42755;2.145
20495;8954;2.343
1136;21155;2.433
13127;49981;2.330
3333;50673;2.503
13169;50673;2.311
200020;43293;2.288
15703;8954;2.373
25525;5524;2.212
41887;51942;1.918
57872;58206;1.239
39704;61161;1.924
16243;16265;2.737
21155;39704;2.349
286;59554;2.805
51430;8455;2.124
47886;9193;2.003
1136;48635;2.172
21392;30870;1.569
50655;5580;2.678
1126;41095;2.767
38930;61161;1.956
41038;49981;1.934
50655;5583;2.391
29396;9193;2.372
21286;50554;1.621
16265;61161;2.643
16243;25459;2.069
15426;199636;2.112
12859;29396;2.625
5524;60341;2.099
29396;60341;2.206
39637;58291;2.269
1136;61349;2.298
33915;58206;1.773
57172;58206;1.636
23649;35332;1.931
12871;61161;2.187
35467;51430;1.832
51430;8918;2.115
35260;57872;1.546
3265;59542;1.841
57872;59542;1.238
30925;48539;2.131
29396;43293;2.414
21155;57172;2.252
35332;50266;2.284
35415;8954;2.261
28685;43366;1.964
57866;60341;1.588
20847;3300;2.248
15695;48539;2.306
44953;50655;2.226
30925;8455;2.234
41038;8954;2.117
35332;5524;2.189
15703;58291;2.388
15426;33915;1.812
12859;58206;2.293
16243;5390;2.280
15670;25525;1.729
48539;60144;1.515
30925;35467;2.193
34305;42755;2.336
61161;8455;1.768
5390;61349;2.354
30925;8918;2.321
25459;30870;1.942
199636;51646;2.137
15695;35467;2.237
1103;31172;2.313
24730;5524;2.265
34305;51942;2.259
13127;57866;2.265
49981;50655;1.931
41095;47869;2.791
39704;47601;2.027
15670;49981;1.681
20562;25525;2.381
1126;23649;2.378
43366;47886;2.206
15426;20847;2.097
1126;13127;2.502
3265;59554;2.107
57872;59554;1.704
15426;47869;2.268
59542;61161;0.923
39309;42755;2.295
61161;8918;1.856
15426;24730;2.181
12989;47601;2.802
34430;48635;1.597
35467;60632;1.725
16265;47601;2.669
20847;31251;2.059
29073;30925;2.437
39309;51942;2.209
199636;38930;2.350
5580;9143;2.817
31251;48635;1.548
20562;49981;2.247
28878;35415;2.346
15703;34305;2.423
286;3300;2.724
58206;60632;1.513
12871;47601;2.236
24785;28878;2.463
33915;59542;1.961
57172;59542;1.606
20969;39637;2.307
34430;61349;1.798
60341;61161;1.261
21155;61161;2.097
20495;31477;2.214
3333;35332;2.361
13169;35332;2.057
21392;33915;2.034
29073;60144;2.253
31251;61349;1.790
1136;25525;2.317
16243;57795;2.169
24875;31172;2.357
13127;57872;2.200
51646;61200;1.992
43293;60341;2.271
35332;41095;2.661
20495;57172;2.274
200020;38930;2.312
21286;24785;2.145
24753;50266;2.317
28878;61200;2.297
12859;59542;2.211
38930;47601;2.021
1136;49981;2.191
20495;39704;2.348
41038;57866;1.711
16243;197731;2.169
1101;31172;1.642
21392;47869;2.247
31172;33915;2.120
35415;41038;1.944
44953;50673;2.529
200020;51646;2.203
25525;50266;2.219
21392;24730;2.175
24785;35415;2.222
20969;5524;2.262
39647;41038;2.262
60632;61349;2.064
20847;49549;2.099
3300;50655;1.903
33915;59554;2.111
57172;59554;1.821
20969;39647;2.251
28878;39309;2.380
24785;39309;2.486
30925;3265;2.302
50673;9193;2.411
20969;34430;1.982
15670;57866;1.541
29073;39572;2.289
49549;5580;2.643
28878;9143;2.493
48539;51430;1.793
49549;5583;2.351
1126;28878;2.521
48056;49549;2.006
41887;50655;1.996
15670;5580;2.645
25459;33915;1.820
15670;5583;2.299
23649;31477;2.222
43366;50554;1.938
30870;58206;1.363
49981;50673;2.271
41095;47886;2.563
24785;61200;2.094
31172;47869;2.392
15426;47886;2.222
12859;59554;2.402
20562;57866;2.245
21155;47601;2.168
15695;16243;2.551
21286;28685;1.890
29396;51646;2.336
28685;57795;1.636
15426;24753;2.306
3300;9193;2.069
1136;5390;2.476
41038;57872;1.557
197731;31172;1.612
20847;3333;2.389
20847;58291;2.202
50673;57172;2.291
20495;61161;2.117
42755;48635;1.871
13169;5390;2.302
39572;48635;1.771
28878;48056;2.380
57872;9143;2.216
23649;39704;2.085
25459;47869;2.282
20969;44953;2.381
15670;57872;1.303
13169;31477;2.315
1126;35415;2.458
29396;38930;2.423
25459;5580;2.750
42755;61349;1.919
50554;57043;1.236
39572;61349;1.988
25459;5583;2.470
34430;49981;1.681
24753;41095;2.665
13127;30870;2.278
1136;57866;2.218
286;31251;2.695
50673;61161;2.113
1126;39309;2.476
1126;5390;2.488
51430;8954;1.969
31251;49981;1.757
50655;57795;1.669
48539;60632;1.758
20562;57872;2.037
13127;5524;2.328
23649;57172;1.717
25525;41095;2.602
286;49549;2.707
12989;5524;2.883
3333;39704;2.333
13169;39704;2.156
50554;61029;1.281
21392;47886;1.840
30925;43366;2.285
39704;60341;2.100
1126;61200;2.406
34305;50655;2.321
24785;48056;2.310
12989;200020;2.912
21286;57043;1.654
21392;24753;1.967
12989;60341;2.882
39704;43293;2.240
30870;59542;1.439
38930;60341;2.140
15695;43366;2.492
286;3333;2.844
3300;50673;2.362
48056;58291;1.892
16265;60341;2.701
47886;50266;2.212
16243;8455;2.385
12989;43293;2.874
44953;5390;2.413
23649;61161;0.923
29073;5524;2.399
38930;43293;2.463
5390;57866;2.158
16265;43293;2.793
29073;51430;2.355
39309;50655;2.234
41095;50554;2.501
12871;60341;2.366
30925;8954;2.189
1136;57872;2.097
41887;50673;2.312
3333;57172;2.195
13169;57172;1.839
15426;50554;1.936
21286;61029;1.688
31172;47886;2.029
12871;43293;2.335
21155;9143;2.446
5390;8455;2.399
57866;8455;1.990
50554;5524;1.853
24730;31172;2.268
16243;8918;2.389
61161;8954;1.814
29073;60632;2.427
1126;13169;2.441
43293;51646;2.258
15695;16265;2.814
1103;61349;2.320
20847;34305;2.332
35467;42755;1.700
25525;5580;2.711
25525;5583;2.388
57795;60144;1.305
1103;21155;2.490
35467;51942;1.600
5390;8918;2.395
57866;8918;2.053
34430;57866;1.541
15695;25459;2.455
25459;47886;2.232
30870;59554;1.784
41887;5524;2.193
5524;8455;2.169
60144;8455;1.962
35260;47869;2.221
5390;57872;2.167
15670;30870;1.410
31251;57866;1.447
1126;48056;2.418
3265;49549;1.964
50266;61349;2.179
1103;48635;2.219
20495;47601;2.211
16243;29396;2.272
13127;33915;2.315
28878;48539;2.242
286;58291;2.796
1101;21155;2.140
59542;60341;1.587
42755;49981;1.914
34305;5524;2.402
35332;35415;2.208
39572;49981;1.736
5524;8918;2.207
60144;8918;1.979
31477;48635;2.334
20562;30870;2.228
15426;9143;2.343
12989;199636;2.842
197731;5524;1.993
21392;50554;1.236
35332;39309;2.379
24875;61349;2.336
15426;24785;2.386
1101;48635;1.459
34305;50673;2.210
3333;61161;1.961
20969;21392;2.110
28685;29396;2.363
13169;61161;1.332
23649;5390;2.224
31477;61349;2.358
35332;5580;2.797
21155;60341;2.224
5580;9193;2.748
34430;57872;1.303
35332;5583;2.453
43293;5390;2.366
57043;9143;2.221
16243;58206;2.042
28878;35467;2.318
47601;50266;2.051
13127;20847;2.400
35415;50266;2.334
13127;47869;2.577
35332;61200;2.029
13127;24730;2.342
21155;43293;2.337
31251;57872;1.152
39637;60144;2.103
43366;57043;1.959
1101;61349;1.721
39647;50266;2.316
15703;30925;2.348
39309;50673;2.412
24875;48635;2.245
31172;50554;1.702
1136;30870;2.165
24785;48539;2.256
24730;5580;2.743
16243;3265;2.398
197731;21155;2.198
24730;5583;2.442
21286;41887;2.171
286;34305;2.865
12871;5524;2.348
3300;35332;2.074
24753;35415;2.152
24753;28878;2.362
23649;47601;1.248
15703;21286;2.357
21286;35260;1.766
15703;60144;2.231
24875;5390;2.440
43366;61029;1.865
33915;49549;1.931
15703;39572;2.277
25525;35415;1.876
197731;48635;1.659
25525;28878;2.364
30925;57795;2.001
25459;50554;1.891
199636;5524;2.038
12989;38930;2.877
24785;35467;2.112
35467;5390;2.269
13169;8455;2.038
21392;24785;2.063
12859;31251;2.159
3265;58291;2.092
15695;57795;2.117
39704;51646;2.188
24753;61200;2.137
35260;47886;1.983
197731;61349;1.904
42755;57866;1.759
15670;33915;1.874
12871;38930;2.508
49981;57172;1.871
39572;57866;1.485
12989;51646;2.889
12859;49549;2.312
38930;51646;2.338
28878;9193;2.272
20495;5524;2.320
16265;51646;2.729
3333;47601;2.085
13169;47601;1.624
25525;61200;1.873
28685;58206;1.609
13169;8918;1.993
41038;47869;2.273
44953;57172;2.247
1126;8455;2.548
1103;25525;2.409
35332;48056;2.203
16243;59542;2.151
12871;51646;2.363
24753;39309;2.369
20562;33915;2.270
1126;48539;2.447
1136;8455;2.271
20495;60341;2.245
48539;51942;1.408
47869;48635;2.314
30870;9143;2.268
15670;20847;2.049
35415;41095;2.621
15426;28685;2.046
15670;47869;2.236
20969;5580;2.772
1103;49981;2.271
16265;38930;2.749
15670;24730;2.093
25525;39309;2.285
20969;5583;2.459
20495;43293;2.358
57872;58291;1.719
1126;8918;2.512
39647;41095;2.681
1101;25525;1.717
57872;9193;1.834
3265;34305;2.389
13127;47886;2.410
28685;59542;1.622
31477;49981;2.073
47601;5390;2.150
58291;61161;1.445
42755;57872;1.698
47869;61349;2.419
1136;8918;2.304
39572;57872;1.494
13127;24753;2.435
50655;58206;1.652
20562;20847;2.366
34305;35332;2.442
20562;47869;2.533
1126;35467;2.366
39637;51430;2.212
57795;60632;1.547
20562;24730;2.310
15703;5524;2.262
35415;5524;2.228
1136;33915;2.356
20969;41038;2.125
1101;49981;1.740
35467;50655;1.697
33915;58291;2.135
57172;58291;1.813
24875;25525;2.392
24753;48056;2.186
16243;8954;2.232
16243;59554;2.270
24730;48635;2.194
49981;61161;1.494
15703;51430;2.281
15695;9143;2.517
21155;38930;2.450
15703;29073;2.532
24875;49981;2.351
31251;5390;2.156
35260;50554;1.579
24730;61349;2.185
41095;57043;2.513
44953;61161;2.080
5390;8954;2.274
57866;8954;1.947
197731;25525;1.879
12859;58291;2.483
1136;20847;2.412
1136;47869;2.564
21392;28685;1.723
3300;39704;2.199
15426;57043;1.836
28685;59554;1.621
20847;30925;2.127
44953;8455;2.404
50673;60341;2.225
50266;5390;2.407
21155;51646;2.278
50266;57866;2.128
13169;3265;2.098
21286;39637;2.252
197731;49981;1.811
1136;12989;2.931
41038;47886;2.027
30870;31251;1.523
41038;5524;2.132
33915;34305;2.280
41095;61029;2.496
5524;8954;2.086
60144;8954;1.840
21155;9193;2.345
39637;60632;2.224
29073;42755;2.406
44953;8918;2.376
13127;5580;2.800
1103;57866;2.250
15426;61029;1.824
13127;5583;2.517
28878;43366;2.335
47886;61200;1.996
30870;49549;1.538
3300;57172;1.907
12989;5580;3.037
25525;48056;2.139
1126;3265;2.502
29073;51942;2.331
12989;5583;2.969
50655;59542;1.700
16265;197731;2.677
31477;57866;2.201
15670;47886;1.817
13127;50554;2.170
23649;60341;1.549
23649;8455;1.947
1136;3265;2.222
15670;24753;2.024
1136;24730;2.411
35332;48539;1.845
41887;57172;2.092
12859;34305;2.562
51646;5390;2.313
15703;60632;2.393
23649;43293;2.139
51942;9143;2.359
1101;57866;1.514
31251;33915;1.974
50266;57872;2.078
15695;29396;2.527
29073;5580;2.814
5583;61349;2.426
29073;5583;2.544
20562;47886;2.155
21392;57043;1.334
25459;28685;2.041
21286;39647;2.297
47869;49981;2.273
20562;24753;2.462
23649;8918;2.006
35467;50673;2.260
20847;21286;2.244
20847;60144;1.982
44953;47601;2.152
21286;34430;1.666
20847;39572;2.042
41887;61161;1.719
50554;5580;2.644
1103;57872;2.007
35332;35467;2.031
24785;43366;2.408
1126;16243;2.495
24875;57866;2.294
50554;5583;2.288
31172;61029;1.711
15426;9193;2.268
61200;9143;2.323
3333;60341;2.288
13169;60341;1.735
15426;41887;1.851
24785;9143;2.453
31477;57872;2.191
24730;25525;2.352
48056;60144;1.873
50655;59554;1.826
13169;286;2.701
21392;61029;1.368
31251;47869;2.268
3333;43293;2.368
34305;39704;2.302
13169;43293;2.270
43293;8455;2.324
24753;48539;2.038
31172;57043;1.710
51430;61029;1.542
1136;47886;2.223
35467;8455;2.109
48635;5390;2.306
199636;31172;2.039
57043;9193;1.895
41887;5580;2.749
49549;61349;1.924
1101;57872;1.217
47886;48056;2.151
197731;57866;1.657
41887;5583;2.451
24730;49981;2.243
3300;61161;1.488
48539;50655;1.685
13127;24785;2.530
41038;50554;1.575
39309;39704;2.322
51430;57043;1.555
21286;44953;2.318
43293;8918;2.335
13169;8954;2.138
30870;58291;1.711
35467;8918;2.104
41095;41887;2.676
34305;5580;2.769
34305;57172;2.301
25459;57043;1.827
30925;58206;1.994
24875;57872;2.219
34305;5583;2.499
24753;35467;2.091
20495;38930;2.486
34430;47869;2.236
24785;25459;2.365
200020;31172;2.174
35415;61200;1.997
197731;5580;2.660
1103;30870;2.290
197731;5583;2.326
15670;50554;1.236
24875;8455;2.374
286;30925;2.859
20847;29073;2.471
15695;58206;2.186
39647;61200;2.222
48635;61349;1.944
15426;35260;2.009
25525;35467;1.773
21392;41887;2.021
20495;51646;2.304
1126;43366;2.502
1126;8954;2.470
39309;57172;2.219
48056;9143;2.411
197731;57872;1.550
1136;24753;2.456
25459;61029;1.668
47869;57866;2.230
20562;50554;2.031
24875;8918;2.397
1136;8954;2.381
35415;39309;2.395
33915;5390;2.191
286;60144;2.683
47601;8455;1.912
25525;48539;1.956
23649;3265;1.924
286;39572;2.698
5580;61349;2.780
15695;59542;2.161
50673;51646;2.364
12871;5580;2.811
30870;34305;2.170
47601;61200;1.647
12871;5583;2.534
48539;5390;2.232
51646;57795;2.016
31172;41887;2.164
20847;51430;2.163
20969;50266;2.252
24875;30870;2.297
47601;8918;1.976
1126;16265;2.799
28878;57795;2.010
35260;57043;1.525
3300;47601;1.641
38930;9143;2.452
200020;3300;2.225
23649;38930;2.096
31172;35260;1.860
31251;47886;1.807
1136;50554;2.061
30870;9193;1.980
24730;57866;2.209
199636;5580;2.732
39572;47869;2.221
1126;25459;2.457
199636;5583;2.432
48056;51430;2.031
30925;5524;2.241
34305;61161;2.111
41887;47601;1.899
16243;31251;2.170
31251;8455;1.803
51430;5524;2.018
15670;24785;2.109
47869;57872;2.288
1101;30870;1.447
21392;35260;1.658
30925;59542;2.070
25459;41887;1.799
23649;51646;2.095
48539;50673;2.307
35260;61029;1.626
20562;3300;2.220
29073;50655;2.349
16243;49549;2.151
49549;49981;1.803
13127;28685;2.332
20495;5580;2.751
29396;31172;2.416
20495;5583;2.461
39309;61161;2.030
15695;59554;2.336
31251;8918;1.922
20562;24785;2.482
49981;60341;1.783
15703;197731;2.265
28685;31251;1.669
47886;48539;2.014
34430;47886;1.817
44953;8954;2.323
3333;38930;2.421
39637;42755;2.277
13169;38930;2.212
24785;57795;2.060
43366;44953;2.277
3265;60144;1.913
42755;47869;2.352
39637;51942;2.148
44953;60341;2.311
57795;8455;1.771
24730;57872;2.163
3265;39572;1.996
20847;60632;2.177
15695;9193;2.235
58291;60341;1.814
47601;48056;1.893
24875;3265;2.391
35415;48056;2.253
3333;51646;2.350
13169;51646;2.077
197731;30870;1.675
48635;49981;1.980
39647;48056;2.265
15703;42755;2.405
30925;59554;2.231
5583;57866;2.339
21286;21392;1.702
50266;8455;2.313
48056;60632;2.081
35332;43366;2.089
57795;8918;1.924
25459;35260;1.973
15703;51942;2.226
286;51430;2.757
15703;5580;2.756
35415;5580;2.768
286;29073;2.878
15703;5583;2.552
23649;8954;1.985
35415;5583;2.487
60144;61200;1.523
20969;41095;2.685
8918;9143;2.429
15703;20495;2.459
34305;47601;2.197
15426;39637;2.220
13127;57043;2.190
1103;197731;2.207
1103;33915;2.277
50266;8918;2.271
31251;50554;0.975
199636;21155;2.316
57872;60144;1.239
28685;49549;1.721
1101;5390;2.155
31477;33915;2.154
39572;47886;1.934
39309;47601;2.129
1126;57795;2.388
1126;12859;2.683
49549;57866;1.571
16243;58291;2.227
51646;8455;2.289
199636;48635;1.955
13127;61029;2.131
5583;57872;2.307
1136;24785;2.414
15670;28685;1.592
51942;9193;1.898
24753;43366;2.320
35260;41887;2.048
33915;60144;1.773
29073;50673;2.496
1103;20847;2.381
31251;3265;1.880
200020;21155;2.296
1103;47869;2.616
33915;39572;1.832
12859;30925;2.399
1103;24730;2.422
43293;8954;2.278
34430;50554;1.236
199636;61349;2.077
35467;39704;2.165
35467;8954;2.065
1126;15426;2.433
41038;5580;2.711
31477;47869;2.455
51646;8918;2.206
42755;5390;2.290
41038;5583;2.373
20562;28685;2.223
15426;39647;2.151
41038;61029;1.578
24875;33915;2.362
286;60632;2.715
1103;12989;2.905
15426;34430;1.857
61200;9193;2.063
12859;21286;2.379
42755;47886;1.977
21392;39637;2.169
1101;20847;2.051
12859;60144;2.293
48635;57866;1.770
24785;9193;2.247
20969;23649;2.089
24730;30870;2.199
12859;39572;2.327
200020;3333;2.389
3265;51430;2.043
41038;57043;1.475
15703;20969;2.377
49549;57872;1.388
200020;61349;2.220
48635;8455;1.876
3300;60341;1.929
43366;5390;2.383
1101;33915;1.967
16243;34305;2.373
197731;33915;1.992
35467;57172;1.763
24875;8954;2.370
57172;60144;1.636
1101;12989;2.804
13127;41887;2.319
3300;43293;2.221
33915;8455;2.242
24875;47869;2.508
5580;57866;2.687
1136;28685;2.266
41887;60341;1.967
20562;3333;2.384
15670;57043;1.202
39309;9143;2.449
47601;48539;1.438
35415;48539;2.088
25525;43366;2.245
31172;39637;2.266
41095;44953;2.752
28685;58291;1.513
48635;8918;2.052
41887;43293;2.192
39647;48539;2.235
15426;44953;2.301
200020;48635;2.186
48539;8455;2.086
47601;8954;1.889
33915;8918;2.263
1101;47869;2.242
39572;50554;1.483
48635;57872;1.553
197731;20847;2.144
29073;35332;2.510
28878;29396;2.382
1101;24730;2.072
197731;47869;2.286
24785;29396;2.451
20562;57043;2.098
21392;39647;2.230
49981;51646;2.040
197731;24730;2.161
1126;12871;2.536
15670;61029;1.157
21392;34430;1.311
1126;1136;2.586
25459;39637;2.250
35415;35467;1.853
12989;31172;2.931
48539;8918;2.154
61029;61200;1.623
48056;9193;2.253
44953;51646;2.294
59554;60144;1.654
24753;25459;2.294
3265;60632;2.093
35332;57795;1.770
50655;58291;1.859
51646;58206;1.955
5580;57872;2.655
1103;47886;2.329
199636;25525;2.148
20562;61029;2.052
41095;5390;2.718
13127;35260;2.319
12871;31172;2.412
33915;51430;2.018
28878;58206;2.169
1103;24753;2.485
29396;48635;2.416
31251;8954;1.950
31172;39647;2.309
28685;34305;2.325
31477;47886;2.313
1136;57043;2.092
31172;44953;2.288
35467;61161;1.230
41038;41887;2.097
31172;34430;1.721
42755;50554;1.635
20969;28878;2.372
21286;41038;1.730
5390;5524;2.337
199636;49981;2.003
5524;61349;2.077
29396;61349;2.445
30870;30925;2.138
21392;44953;2.226
58206;61161;0.923
34305;60341;2.215
38930;9193;2.300
15695;31251;2.146
50655;9143;2.340
24730;33915;2.219
12859;51430;2.391
20847;42755;2.197
12859;29073;2.640
16265;5390;2.766
25459;39647;2.207
34305;43293;2.411
57866;61349;2.025
16265;31172;2.774
1136;61029;2.051
57872;60632;1.558
20847;51942;2.127
1126;29396;2.500
25459;34430;1.762
16243;5524;2.303
35260;39637;2.212
39637;50655;2.209
12859;286;2.969
30870;60144;1.362
24753;57795;1.997
24875;47886;2.321
200020;49981;1.980
39309;60341;2.164
57795;8954;1.952
30870;39572;1.566
24785;58206;2.039
5390;57043;2.151
20562;41887;2.284
39704;5390;2.198
48056;51942;1.907
39309;43293;2.318
20969;35415;2.277
30925;31251;2.002
24730;47869;2.446
50266;8954;2.261
33915;60632;2.124
15703;50655;2.331
1101;47886;1.720
20969;39309;2.279
50266;50554;2.035
197731;47886;1.854
200020;25525;2.118
1101;24753;1.997
51646;59542;1.993
30925;49549;2.112
197731;24753;1.980
15670;41887;1.858
5390;61029;2.114
48539;57172;1.776
3300;38930;2.303
28878;59542;2.091
24785;59542;2.079
30925;5580;2.766
21155;31172;2.322
25459;44953;2.244
15703;24875;2.520
30925;5583;2.474
15695;49549;2.244
51430;5580;2.725
35467;47601;1.475
51430;5583;2.374
20969;61200;2.068
1103;50554;2.029
15670;35260;1.613
34430;57043;1.202
35260;39647;2.243
12859;60632;2.429
3300;51646;2.185
31477;50554;2.176
31251;57043;1.283
199636;57866;1.981
15426;21392;2.004
43293;48635;2.216
25525;57795;1.684
51646;8954;2.184
20562;35260;2.283
57172;60632;1.831
8918;9193;2.265
41887;51646;2.212
42755;8455;2.172
286;42755;2.773
1126;58206;2.347
21392;3300;1.722
29073;31477;2.302
34430;61029;1.157
47869;47886;2.381
20847;20969;2.174
43293;61349;2.259
1101;8455;1.829
286;51942;2.784
51646;59554;2.067
31251;61029;1.321
1101;200020;1.988
51942;61200;1.700
28878;59554;2.287
29073;57172;2.355
29396;49981;2.222
24785;59554;2.240
13127;39637;2.401
42755;8918;2.116
3265;5390;2.304
1136;41887;2.387
24875;50554;2.200
49549;9143;2.275
43366;8455;2.283
35260;44953;2.277
39637;50673;2.374
15670;9143;2.236
1101;8918;1.922
29073;39704;2.435
1136;35260;2.218
58206;9143;2.202
199636;57872;1.705
1126;59542;2.379
30870;51430;1.710
48539;61161;1.281
48635;8954;2.139
1103;24785;2.594
59554;60632;1.899
1101;50554;1.110
20969;48056;2.179
24730;47886;2.332
20562;286;2.915
43366;8918;2.251
30925;58291;2.221
197731;50554;1.494
60632;61029;1.619
35415;43366;2.305
57043;61200;1.513
33915;8954;2.073
59542;8455;1.888
12989;21155;2.913
15703;50673;2.410
12859;3300;2.357
34305;38930;2.544
15695;58291;2.319
39647;43366;2.338
47886;57795;1.776
1136;5524;2.275
200020;57866;1.984
21286;50266;2.078
31251;41887;1.973
21286;3300;1.915
13169;5524;2.129
48539;8954;1.936
13127;39647;2.417
34305;51646;2.385
59542;8918;1.947
1101;3265;1.863
13127;34430;2.092
3265;42755;2.095
16243;30925;2.209
42755;57043;1.610
1126;59554;2.452
39572;57043;1.390
3265;51942;1.902
41095;8455;2.649
12989;61349;2.925
39309;9193;2.371
29073;61161;2.212
15426;15703;2.306
1126;5524;2.464
39309;51646;2.263
24730;24753;2.395
1101;199636;1.779
20847;50655;2.180
47869;50554;2.268
30925;34305;2.299
30870;60632;1.746
1103;28685;2.302
5524;57866;2.060
34430;41887;1.858
16265;21155;2.716
20495;31172;2.347
29396;57866;2.266
16243;21286;2.278
16243;60144;2.042
15695;34305;2.498
15670;39637;2.108
200020;57872;2.022
39704;48635;2.170
41095;8918;2.666
16243;39572;2.100
1101;24785;2.012
15426;41038;2.019
42755;61029;1.634
20847;24875;2.391
48056;50655;2.040
12871;21155;2.438
34430;35260;1.613
39572;61029;1.461
197731;24785;2.082
35332;58206;1.921
12989;48635;2.811
25459;9143;2.343
43293;49981;2.238
38930;48635;2.121
13127;44953;2.457
16265;8455;2.755
31251;35260;1.625
16265;48635;2.681
39704;61349;2.230
61161;61200;1.415
15703;35332;2.397
20562;39637;2.363
16243;286;2.883
44953;5524;2.345
24753;29396;2.356
199636;30870;2.038
12871;48635;2.350
38930;61349;2.364
24730;50554;2.127
35467;60341;1.595
16265;61349;2.792
16265;8918;2.759
41038;44953;2.284
35467;43293;2.279
5524;57872;1.887
25525;29396;2.354
24875;28685;2.319
35332;59542;1.857
24753;3300;2.200
58206;60341;1.262
25525;9143;2.274
12871;61349;2.361
33915;42755;2.140
29396;57872;2.287
21392;3333;2.114
28685;30925;2.204
15670;39647;2.122
33915;51942;1.969
200020;30870;1.991
50655;9193;2.085
24753;58206;1.976
57866;57872;1.491
15670;34430;0.923
23649;31172;1.809
20969;48539;2.081
1136;39637;2.372
39572;41887;1.818
1101;28685;1.583
21392;41038;1.578
28685;60144;1.609
15426;20562;2.275
20562;39647;2.463
25525;58206;1.569
29396;3300;2.419
28685;39572;1.728
286;50655;2.767
31477;5390;2.394
20562;34430;2.041
12859;51942;2.275
39704;8455;2.237
50266;57043;2.039
1103;61029;2.124
20847;50673;2.356
20969;35467;2.071
12859;20495;2.537
21286;41095;2.600
47601;57795;1.223
5390;5580;2.793
12989;49981;2.894
35332;59554;1.943
35415;57795;1.708
5390;5583;2.501
43293;57866;2.218
35332;9143;2.431
1103;57043;2.161
13169;31172;1.859
31172;41038;1.803
12859;3333;2.465
1126;200020;2.474
39647;57795;2.175
59542;61349;1.782
39704;8918;2.293
15670;44953;2.155
29073;47601;2.244
48056;50673;2.347
16243;51430;2.192
50266;61029;2.010
16243;29073;2.386
21155;48635;2.221
23649;5524;1.959
31477;57043;2.116
1136;39647;2.424
50655;60144;1.652
42755;8954;2.040
197731;28685;1.635
21286;3333;2.237
43293;5524;2.258
12859;42755;2.500
43366;50266;2.198
1136;34430;2.078
16243;5580;2.745
12989;25525;2.897
16243;5583;2.495
5524;5580;2.736
1101;8954;1.962
24730;9143;2.496
5524;5583;2.405
20562;44953;2.350
60341;61349;2.085
1101;57043;1.254
21155;61349;2.338
39637;39704;2.181
16265;25525;2.718
16265;3265;2.782
199636;33915;2.137
24875;61029;2.182
28878;31251;2.010
39704;49981;2.147
24785;31251;2.089
28685;29073;2.384
12871;25525;2.428
24753;59542;2.032
31477;61029;2.087
43366;8954;2.191
38930;49981;2.257
34430;39637;2.108
24730;24785;2.457
29396;30870;2.236
43293;57872;2.143
28878;49549;2.163
16265;49981;2.702
24875;57043;2.237
24875;5524;2.351
31251;39637;2.055
15703;39704;2.345
1101;61029;1.222
25525;59542;1.719
13127;21392;2.208
3265;50655;2.104
12871;49981;2.361
39637;57172;2.196
1136;44953;2.470
199636;20847;2.216
3265;8455;2.203
199636;47869;2.452
35467;5524;2.112
12859;20969;2.507
21286;23649;1.690
59542;8954;1.978
15703;31477;2.400
57795;61161;0.930
49549;9193;1.948
16243;60632;2.288
48539;60341;1.759
25459;41038;2.025
1101;1103;2.086
197731;57043;1.502
15670;9193;1.873
286;50673;2.856
35467;38930;2.129
28685;51430;1.867
58206;9193;1.880
20495;21155;2.298
1103;41887;2.304
49549;50554;1.366
15703;57172;2.305
3265;8918;2.243
1126;199636;2.487
47886;58206;1.849
24753;59554;2.129
31477;41887;2.238
24785;49549;2.129
34430;39647;2.122
30870;42755;1.684
58291;9143;2.391
35467;51646;2.041
24753;3333;2.465
1126;31251;2.387
20495;48635;2.377
197731;61029;1.567
31251;39647;2.177
24730;28685;2.238
41095;8954;2.648
30870;51942;1.473
25525;59554;2.015
200020;33915;2.009
31251;34430;1.283
199636;24730;2.241
20847;35332;2.309
41095;50266;2.697
20495;61349;2.340
39704;57866;2.020
15426;50266;2.229
50655;51430;1.903
21155;25525;2.251
48635;50554;1.500
15695;30925;2.486
47601;5524;1.845
47869;57043;2.232
12989;57866;2.841
51646;58291;2.053
29073;60341;2.325
38930;57866;2.033
33915;50655;2.014
29396;3333;2.534
24875;41887;2.355
35260;41038;1.640
39637;61161;2.011
16265;57866;2.699
28878;58291;2.351
16265;8954;2.757
29073;43293;2.412
200020;20847;2.175
21155;49981;2.201
1103;35260;2.343
200020;47869;2.225
200020;24730;2.293
28685;60632;1.883
12871;57866;2.294
50673;61349;2.425
15670;21392;1.311
34430;44953;2.155
20969;9143;2.342
29396;33915;2.212
31477;35260;2.245
50554;61200;1.622
12859;15670;2.240
47869;61029;2.216
21286;35415;2.061
1101;41887;1.926
31251;44953;2.177
1136;5580;2.776
21286;28878;2.281
39572;39637;2.158
197731;41887;2.050
3265;50673;2.410
1136;5583;2.465
15703;61161;2.088
1126;49549;2.367
13127;15703;2.499
199636;47886;2.127
13169;5580;2.717
31251;5524;1.855
21286;39309;2.316
24730;57043;2.125
1101;35260;1.558
20562;21392;2.078
1136;197731;2.109
13169;5583;2.364
25459;9193;2.260
39704;57872;1.960
47886;59542;1.784
20969;43366;2.271
12989;57872;2.787
38930;57872;2.115
50266;5524;2.279
1101;1126;2.371
30925;60144;1.994
21392;50266;2.149
16265;57872;2.698
13127;41038;2.290
24785;58291;2.230
23649;61349;1.868
29396;47869;2.368
50655;60632;1.854
21286;61200;1.711
28878;34305;2.459
35415;58206;1.751
15695;21286;2.300
24875;35260;2.307
15695;60144;2.186
1126;5580;2.856
12871;57872;2.229
24730;61029;2.062
12989;9143;2.934
1126;5583;2.574
15695;39572;2.225
39647;58206;2.072
286;35332;2.858
25525;9193;2.027
12859;50655;2.365
1136;21392;2.125
39704;8954;2.194
39572;39647;2.104
15426;41095;2.667
23649;48635;1.623
20847;31477;2.325
197731;35260;1.673
31172;50266;2.081
199636;24753;2.287
12859;24875;2.523
47886;59554;1.975
51646;5524;2.197
20969;25459;1.997
21155;57866;2.239
44953;5580;2.785
30925;39572;2.054
44953;5583;2.530
1101;1136;1.992
12989;30870;2.866
33915;50673;2.312
5583;57043;2.299
13169;21155;2.285
31477;8455;2.404
20495;49981;2.167
13127;9143;2.450
47601;58206;1.280
24785;34305;2.454
50554;9143;2.228
48539;51646;2.090
200020;47886;2.191
25459;50266;2.254
20847;39704;2.112
200020;24753;2.279
13127;20562;2.435
1126;58291;2.428
3333;48635;2.116
13169;48635;1.784
31477;8918;2.381
15695;29073;2.546
35332;9193;2.209
39637;47601;2.111
42755;44953;2.278
21286;48056;2.083
199636;50554;1.731
39572;44953;2.230
5583;61029;2.289
20495;25525;2.339
12859;15695;2.639
29073;9143;2.549
21392;286;2.693
35415;59542;1.745
3333;61349;2.265
13169;61349;2.054
48635;5524;2.083
21392;41095;2.524
39647;59542;2.156
49549;57043;1.307
21155;57872;2.180
16243;42755;2.223
1103;39637;2.262
20847;57172;2.163
35332;49549;1.930
24730;9193;2.426
3265;35332;2.212
30870;50655;1.822
15426;23649;1.994
15703;47601;2.184
16265;30870;2.675
34305;9143;2.408
29396;47886;2.405
43293;47869;2.482
16243;51942;2.177
16265;286;2.958
31477;39637;2.332
30925;51430;2.152
3265;8954;2.198
197731;9143;2.313
12871;30870;2.340
24730;41887;2.186
20562;41038;2.217
48056;57172;1.986
16243;20495;2.324
23649;49981;1.791
15695;51430;2.261
43366;61200;2.124
15670;15703;2.203
49549;61029;1.373
1126;34305;2.544
1101;39637;2.057
12859;50673;2.564
20847;61161;1.958
31172;41095;2.631
24730;35260;2.241
41887;9143;2.419
3300;3333;2.182
47601;59542;1.232
48635;57043;1.617
24753;31251;1.996
57795;60341;1.585
23649;5580;2.693
23649;5583;2.351
20495;57866;2.261
15670;41038;1.519
43293;5580;2.767
35415;59554;2.103
43293;5583;2.432
29073;38930;2.477
23649;25525;1.683
13127;197731;2.250
28685;5390;2.302
24875;39637;2.386
39647;59554;2.306
24753;49549;2.076
20969;57795;2.053
1103;39647;2.461
33915;5524;2.137
25525;31251;1.726
286;39704;2.849
12871;9143;2.537
1103;44953;2.449
200020;50554;2.005
1103;34430;2.122
31477;39647;2.099
5580;57043;2.660
15670;20562;2.041
48635;61029;1.637
29073;51646;2.380
25525;49549;1.771
31477;3265;2.355
31477;34430;2.116
48539;5524;2.041
28685;42755;1.556
286;31477;2.860
35260;50266;2.069
197731;39637;2.172
58291;9193;2.071
30925;60632;2.166
33915;35332;2.250
1101;39647;2.166
24875;5580;2.740
28685;51942;1.499
24875;5583;2.467
1136;15703;2.475
1101;34430;1.194
13169;25525;1.834
15695;60632;2.301
60341;9143;2.226
286;57172;2.737
47601;59554;1.608
35332;58291;1.905
5580;61029;2.654
20495;57872;2.242
48056;61161;1.812
51942;57795;1.256
35467;5580;2.681
16243;20969;2.184
35467;5583;2.369
199636;24785;2.344
21155;30870;2.188
29396;50554;2.275
24875;39647;2.449
1136;41038;2.237
39637;60341;2.242
25459;41095;2.653
12859;35332;2.407
12989;33915;2.875
197731;200020;2.050
3333;49981;2.221
13169;49981;1.993
21286;48539;1.938
30870;50673;2.186
24875;44953;2.445
58291;61349;1.898
24875;34430;2.180
43293;47886;2.359
28878;3300;2.229
16265;33915;2.721
39637;43293;2.267
21392;23649;1.225
31477;44953;2.446
50673;57866;2.235
13127;50266;2.425
12871;33915;2.322
50655;51942;1.659
1136;20562;2.352
199636;9143;2.356
200020;24785;2.337
20969;9193;2.305
197731;39647;2.189
15703;60341;2.284
1101;44953;2.090
39704;47869;2.356
44953;48635;2.257
197731;34430;1.528
49981;61349;2.035
21286;35467;1.725
3265;39704;2.278
12989;20847;2.888
15703;43293;2.430
12989;47869;2.922
24753;58291;2.079
12989;24730;2.873
15426;35415;2.282
43366;48056;2.151
15426;28878;2.228
16265;20847;2.743
16265;47869;2.730
20495;9143;2.504
31251;41038;1.620
44953;61349;2.262
15703;9143;2.456
15426;39309;2.151
47601;5580;2.653
20847;47601;2.054
23649;57866;1.575
12871;20847;2.356
47601;5583;2.287
12871;47869;2.521
25525;58291;1.959
199636;28685;2.078
12871;24730;2.323
286;61161;2.660
35260;41095;2.601
50673;57872;2.181
41095;61200;2.574
24730;39637;2.282
3265;57172;2.058
15426;61200;2.031
12989;9193;2.923
12871;12989;2.878
57043;57795;1.242
197731;44953;2.202
28878;30925;2.248
31477;8954;2.276
47886;49549;1.931
34430;41038;1.519
16243;50655;2.203
200020;28685;2.102
38930;47869;2.326
1101;5524;1.891
31172;35415;2.136
197731;199636;1.932
41038;50266;2.120
20495;30870;2.178
24753;34305;2.417
3333;57866;2.191
13169;57866;1.699
16265;24730;2.758
31251;5580;2.645
51646;60144;1.955
31251;5583;2.306
35415;9143;2.415
28878;60144;2.169
23649;57872;1.208
16243;24875;2.414
21392;35415;1.594
43293;50554;2.114
21392;28878;2.034
21155;33915;2.275
50266;5580;2.750
41038;9143;2.351
34430;5390;2.124
50266;5583;2.419
33915;39704;2.110
13127;41095;2.687
20969;29396;2.276
15670;50266;2.061
13127;9193;2.446
21392;39309;2.230
50554;9193;1.814
24730;39647;2.297
199636;57043;1.877
31172;61200;1.755
42755;5524;2.145
15426;197731;1.966
21155;3300;2.331
24730;34430;2.093
24785;30925;2.432
30870;35332;1.991
39704;47886;2.286
41887;61349;2.178
21392;61200;1.707
20562;50266;2.392
41095;48056;2.680
12859;39704;2.396
21155;47869;2.409
12989;47886;2.905
286;47601;2.677
21155;24730;2.307
3333;57872;2.049
13169;57872;1.454
51430;61200;1.856
3265;61161;1.728
33915;57172;2.071
29073;9193;2.409
15426;48056;2.118
1103;21392;2.165
3300;48635;1.822
16265;47886;2.695
12989;24753;2.911
199636;61029;1.822
31172;39309;2.318
24785;60144;2.039
43366;5524;2.163
28878;39572;2.222
1103;5390;2.429
39572;41038;1.695
51646;5580;2.738
24785;39572;2.108
12859;31477;2.521
51646;5583;2.427
25525;34305;2.147
12871;47886;2.457
23649;30870;1.500
28685;50655;1.785
41887;48635;2.133
12871;24753;2.479
3300;61349;2.036
44953;49981;2.310
34305;9193;2.384
25459;35415;2.271
28878;3333;2.352
25459;28878;2.229
43366;48539;1.947
39637;51646;2.275
24730;44953;2.267
197731;9193;1.955
12859;57172;2.389
47886;58291;2.000
1101;21392;1.259
1136;50266;2.360
200020;61029;1.911
25459;39309;2.191
15426;3300;2.148
41038;41095;2.591
16243;50673;2.377
38930;47886;2.294
41887;9193;2.359
57872;61161;0.933
30925;51942;2.104
20969;58206;1.882
15695;42755;2.319
1126;30925;2.508
15703;51646;2.414
200020;57043;1.919
25459;61200;2.006
16265;24753;2.754
48635;5580;2.631
15695;51942;2.214
48635;5583;2.393
28685;8455;2.114
21392;48056;2.027
25525;286;2.691
28878;51430;2.251
15695;20495;2.577
28878;29073;2.424
12871;9193;2.460
24785;29073;2.500
1126;21286;2.464
41095;5524;2.603
1126;60144;2.347
33915;61161;1.770
57172;61161;1.449
1126;39572;2.382
197731;21392;1.584
3265;47601;1.831
21286;43366;2.177
20847;60341;2.112
15703;38930;2.560
35260;35415;1.958
20562;41095;2.708
39704;50554;1.973
20969;59542;2.041
28685;8918;2.112
47601;49549;1.349
30925;42755;2.218
35415;49549;1.825
20495;20847;2.379
13127;23649;2.185
20847;43293;2.300
51942;58206;1.388
12989;50554;2.787
35260;39309;2.251
39647;49549;2.176
49981;57866;1.855
5524;57043;1.920
34305;48635;2.347
29396;57043;2.215
48056;60341;2.021
21155;47886;2.198
16265;50554;2.681
31172;48056;1.985
13169;30870;1.722
20495;33915;2.237
12859;61161;2.136
41887;49981;2.068
60341;9193;1.961
21155;24753;2.356
199636;41887;2.161
16265;5524;2.770
12871;50554;2.205
15670;41095;2.491
44953;57866;2.252
34305;61349;2.422
35260;61200;1.605
1103;15703;2.259
24785;51430;2.211
33915;5580;2.727
39309;48635;2.342
199636;35260;2.069
28685;50673;2.341
33915;5583;2.450
30870;39704;2.109
41095;48539;2.622
5524;61029;1.866
31251;50266;2.049
59554;61161;1.476
29396;61029;2.190
51646;60632;2.143
25459;48056;2.126
15426;48539;1.971
39704;5524;2.244
35415;58291;2.073
57043;58206;1.153
21286;25459;2.092
1103;41038;2.297
28878;60632;2.291
3300;49981;1.982
39309;61349;2.356
48539;5580;2.739
200020;41887;1.984
20495;47869;2.448
39647;58291;2.282
20969;59554;2.179
30870;31477;2.116
48539;5583;2.358
20495;24730;2.336
57866;61029;1.570
21155;3333;2.462
199636;9193;2.159
38930;50554;2.074
1126;29073;2.435
49981;57872;1.773
31477;41038;2.274
15695;20969;2.436
61349;8455;2.180
200020;35260;1.984
51430;9143;2.296
30870;3300;1.858
33915;47601;1.914
30870;57172;1.718
44953;57872;2.210
15426;35467;2.028
50655;50673;2.322
34430;50266;2.061
12989;24785;2.896
20495;9193;2.383
39572;5390;2.128
23649;33915;2.018
15703;9193;2.343
1136;41095;2.634
286;60341;2.705
61349;8918;2.192
16243;35332;2.359
51942;59542;1.239
47601;58291;1.563
34430;8455;1.931
28685;3265;2.095
286;43293;2.873
12871;24785;2.548
13127;35415;2.470
13127;28878;2.396
15670;23649;1.255
24785;60632;2.195
24875;41038;2.297
1126;51430;2.413
35260;48056;1.956
1101;15703;2.167
13127;39309;2.402
21392;48539;1.655
21155;50554;2.178
30925;9143;2.339
35332;60144;1.921
15426;3333;2.277
1136;13127;2.472
35332;39572;2.007
34430;8918;1.984
1103;20562;2.205
43293;57043;2.120
50554;57795;0.930
23649;47869;2.293
20562;23649;2.102
23649;24730;2.178
15695;3300;2.305
1101;41038;1.521
3333;33915;2.273
13169;33915;2.146
197731;41038;1.667
31172;35467;1.797
13127;61200;2.322
57043;59542;1.258
61161;9143;2.188
3265;5524;2.133
16265;24785;2.683
31251;41095;2.530
35415;9193;1.950
1103;8455;2.203
24753;30925;2.345
21392;35467;1.567
12989;28685;2.927
31172;5390;2.346
3300;57866;1.850
51942;59554;1.562
31172;48539;1.726
1101;20562;1.944
41038;9193;2.050
29396;41887;2.251
34305;49981;2.261
39572;50266;2.100
43293;61029;2.057
12859;47601;2.262
30870;61161;1.170
20847;38930;2.408
41038;61200;1.627
21286;57795;1.623
25525;30925;2.239
20495;47886;2.325
41887;57866;1.936
15695;50655;2.309
12871;28685;2.384
29396;35260;2.284
13169;20847;2.220
1136;23649;2.142
3333;47869;2.499
1103;8918;2.380
13169;47869;2.373
28685;35332;1.870
13169;24730;2.281
24753;60144;1.976
20495;24753;2.420
20847;51646;2.231
3265;60341;2.039
1126;60632;2.460
39309;49981;2.069
34430;41095;2.491
1101;5580;2.625
13127;13169;2.326
25459;48539;1.880
1103;286;2.947
1101;5583;2.249
15695;24875;2.549
199636;39637;2.101
3265;43293;2.364
21155;24785;2.359
57043;59554;1.649
48056;51646;2.038
12871;200020;2.424
15670;35415;1.769
15670;28878;2.090
3300;57872;1.619
42755;50266;2.104
59554;8455;2.097
30925;50655;2.154
16265;28685;2.764
197731;20562;2.128
15426;16243;2.053
15670;39309;2.119
13127;48056;2.367
25459;35467;1.987
41887;57872;2.009
42755;5580;2.745
28685;8954;2.019
42755;5583;2.375
20562;35415;2.397
20562;28878;2.281
24753;39572;2.062
57872;60341;1.516
59554;8918;2.054
35260;5390;2.212
24785;3300;2.274
15670;61200;1.614
23649;47886;1.861
35332;51430;2.028
20562;39309;2.450
12989;197731;2.831
16243;39704;2.207
25525;60144;1.569
47869;5390;2.445
30870;47601;1.447
199636;39647;2.273
23649;24753;2.021
25525;39572;1.773
30870;3333;2.230
3333;5390;2.391
12989;61029;2.807
35260;48539;1.821
199636;34430;1.847
34305;57866;2.259
43366;5580;2.788
286;38930;2.816
43366;5583;2.452
39572;41095;2.551
16243;31477;2.292
21155;28685;2.282
39704;57043;2.007
20562;61200;2.262
29073;31172;2.438
33915;60341;1.972
35467;48635;1.815
1136;35415;2.349
12989;57043;2.816
20495;50554;2.232
1136;28878;2.447
38930;57043;2.067
200020;39637;2.294
33915;43293;2.230
1126;286;2.875
1103;3265;2.365
286;51646;2.810
16243;57172;2.201
16265;57043;2.668
39309;57866;2.207
41095;43366;2.729
15695;50673;2.444
1136;39309;2.436
3333;47886;2.332
51646;51942;2.055
13169;47886;1.989
35260;35467;1.588
15426;43366;2.212
28685;31477;2.272
24730;41038;2.220
35467;61349;2.059
12871;57043;2.264
13169;24753;2.154
28878;51942;2.100
1103;50266;2.464
39704;61029;1.993
43366;57795;1.938
12859;60341;2.444
24753;51430;2.163
41038;48056;2.025
24753;29073;2.407
12871;199636;2.305
58206;61349;1.902
199636;44953;2.316
38930;61029;2.078
12859;43293;2.476
31477;50266;2.343
1136;61200;2.195
15695;3333;2.523
20969;31251;2.053
34305;57872;2.195
16265;61029;2.675
35332;60632;2.028
57172;60341;1.824
25525;29073;2.403
61349;8954;2.138
39572;8455;2.015
15670;48056;1.927
47886;60144;1.849
12871;61029;2.207
30925;50673;2.283
28685;39704;2.207
29396;39637;2.436
41095;5580;2.938
15426;16265;2.719
31477;5524;2.218
61029;8455;1.928
41095;5583;2.724
200020;39647;2.219
5390;9143;2.409
28878;42755;2.367
39309;57872;2.191
24785;42755;2.191
200020;44953;2.366
200020;34430;1.935
20562;48056;2.347
15426;25459;1.773
23649;50554;1.226
39572;8918;2.044
24785;51942;2.158
3265;38930;2.405
44953;47869;2.544
24875;50266;2.398
20495;24785;2.514
34430;8954;1.922
5390;61200;2.261
1136;13169;2.218
39704;41887;2.080
61029;8918;1.977
21392;43366;2.014
51430;9193;2.072
13127;48539;2.236
28685;57172;1.830
16243;61161;2.038
16243;9143;2.437
12989;41887;2.860
34430;35415;1.769
25525;51430;1.935
16265;5580;2.928
3265;51646;2.267
16265;5583;2.799
24753;60632;2.141
59554;60341;1.883
1101;50266;2.016
31251;35415;1.751
20969;49549;2.045
34430;39309;2.119
12989;35260;2.850
197731;50266;1.998
29396;39647;2.285
12871;41887;2.319
31172;8455;2.080
21155;57043;2.163
57866;9143;2.241
1136;48056;2.333
31251;39309;2.186
59542;61029;1.252
29396;34430;2.213
3333;50554;2.028
13169;50554;1.484
39704;5580;2.765
13127;35467;2.296
39704;5583;2.472
1103;41095;2.717
31172;43366;2.027
50554;58206;1.300
21286;29396;2.402
34430;61200;1.614
1103;8954;2.380
50655;57172;1.831
30925;9193;2.358
31477;41095;2.667
31172;8918;2.053
30925;35332;2.255
31251;61200;1.664
1126;42755;2.434
60341;61029;1.547
21392;25459;1.927
24785;3333;2.519
21155;61029;2.159
5524;9143;2.425
60144;9143;2.202
20495;28685;2.304
35467;49981;1.849
38930;41887;2.277
15695;35332;2.396
1126;51942;2.394
23649;24785;2.099
16265;41887;2.755
1103;13127;2.454
61161;9193;1.710
25459;43366;2.192
33915;38930;2.224
48539;48635;1.828
50554;59542;1.151
21286;58206;1.640
1126;20495;2.490
30870;60341;1.577
47869;50266;2.448
16265;35260;2.693
3300;33915;2.158
41038;48539;1.837
25525;60632;1.874
29396;44953;2.501
28685;61161;1.403
47886;51430;2.012
30870;43293;2.210
12871;35260;2.361
16243;47601;2.131
48539;61349;1.850
24875;41095;2.729
33915;51646;2.158
60632;61200;1.815
41095;57795;2.501
15426;57795;1.937
59554;8954;2.089
15670;48539;1.482
44953;47886;2.376
199636;21392;1.889
35260;8455;2.104
13169;24785;2.161
20969;58291;2.138
1103;23649;2.168
3300;47869;2.452
21155;41887;2.356
1101;41095;2.478
47869;8455;2.422
197731;41095;2.550
24730;50266;2.268
34430;48056;1.927
12859;51646;2.479
9143;9193;2.411
3265;5580;2.764
47601;60144;1.280
20562;48539;2.223
35415;60144;1.751
3265;5583;2.423
20495;57043;2.193
50655;61161;1.488
35415;39572;1.912
23649;28685;1.701
31251;48056;1.948
35260;8918;2.074
41887;47869;2.295
39647;60144;2.072
50554;59554;1.640
35260;43366;2.138
15670;35467;1.439
200020;21392;2.062
47869;8918;2.495
1101;13127;2.177
31172;3265;2.128
12859;38930;2.560
29073;61349;2.424
1136;9143;2.563
35467;57866;1.667
47886;60632;2.033
1126;20969;2.480
20495;61029;2.181
20562;35467;2.273
51942;58291;1.543
21286;59542;1.592
13127;16243;2.430
42755;61200;1.774
13169;9143;2.358
39572;61200;1.701
1136;48539;2.244
28685;47601;1.547
21392;57795;1.242
20969;34305;2.237
3333;8455;2.253
13169;28685;1.854
15695;31477;2.520
21155;35260;2.256
28878;50655;2.210
35332;42755;1.894
24785;50655;2.266
29073;48635;2.437
50673;61029;2.202
20847;5390;2.115
43293;44953;2.333
35332;51942;1.796
1126;9143;2.580
1101;23649;1.261
3333;8918;2.301
197731;23649;1.589
1136;35467;2.226
43366;58206;2.004
24785;24875;2.422
57043;58291;1.638
1126;15670;2.339
44953;50554;2.176
31172;57795;1.705
50673;57043;2.117
35467;57872;1.526
15695;39704;2.491
39572;8954;1.898
15703;31172;2.373
30925;31477;2.318
1103;28878;2.230
34305;47869;2.453
48539;49981;1.868
61029;8954;1.884
21286;59554;1.847
12989;39637;2.857
3300;47886;2.013
