51430;57795;1.432
23649;61029;1.309
16265;39637;1.524
30925;57172;1.486
44953;9143;1.522
25459;57795;1.447
13127;43366;1.543
49981;50554;1.421
12871;39637;1.507
39309;47869;1.516
41887;47886;1.514
42755;48056;1.463
47601;51430;1.400
35415;51430;1.480
15695;57172;1.508
39572;48056;1.478
24753;51942;1.487
1103;61200;1.493
30925;39704;1.431
23649;57043;1.246
39647;51430;1.502
5390;9193;1.520
1126;50655;1.508
34430;48539;1.347
30870;51646;1.471
286;5390;1.535
15670;16243;1.471
1103;1126;1.522
1103;35415;1.492
31251;48539;1.397
20495;41887;1.503
24875;28878;1.515
24730;41095;1.534
31172;8954;1.523
38930;39637;1.519
16243;60341;1.474
31477;35415;1.518
1126;24875;1.515
50266;61200;1.490
1103;39309;1.510
12989;39647;1.537
13127;16265;1.532
29073;49981;1.488
15426;29396;1.485
20495;35260;1.510
12989;44953;1.530
16243;43293;1.500
12989;34430;1.526
16265;39647;1.532
16243;9193;1.518
24753;42755;1.488
43366;59542;1.500
31477;39309;1.439
30870;38930;1.496
49549;50266;1.494
34430;35467;1.313
3333;57043;1.462
16265;34430;1.516
13169;57043;1.371
28878;50673;1.510
1101;35415;1.413
13127;25459;1.505
1103;13169;1.478
24785;50673;1.510
1101;28878;1.452
12871;39647;1.503
199636;41038;1.467
31251;35467;1.344
35260;57795;1.436
24875;61200;1.508
12871;34430;1.493
25525;42755;1.496
1101;39309;1.497
31477;5580;1.532
57866;9193;1.497
31477;5583;1.515
31477;61200;1.500
48539;57866;1.482
47601;60632;1.419
30925;61161;1.431
41038;43366;1.522
35415;60632;1.487
25525;51942;1.481
199636;20562;1.442
24875;35415;1.513
1126;15695;1.524
1103;1136;1.489
39647;60632;1.516
3333;61029;1.481
13169;61029;1.425
39704;44953;1.506
15695;61161;1.458
34305;47886;1.509
1101;61200;1.415
3300;50554;1.397
200020;41038;1.456
1136;16243;1.523
23649;9143;1.503
38930;39647;1.515
21155;39637;1.507
48635;50266;1.494
24875;39309;1.516
43293;9143;1.523
38930;44953;1.524
15670;43366;1.499
23649;41887;1.423
60144;9193;1.466
5524;9193;1.496
16265;44953;1.529
41887;50554;1.445
21392;29396;1.496
43366;59554;1.512
197731;35415;1.476
197731;28878;1.481
39309;47886;1.522
12871;44953;1.505
23649;35260;1.438
28685;60341;1.474
35260;8954;1.501
28685;5524;1.507
41095;58206;1.521
57795;61349;1.477
197731;39309;1.487
20562;43366;1.527
15426;58206;1.331
48539;57872;1.436
28685;43293;1.520
47869;8954;1.504
1126;50673;1.519
20847;31172;1.529
29073;57866;1.510
1101;13169;1.371
28878;35332;1.527
1103;48056;1.504
15670;16265;1.516
42755;48539;1.316
197731;61200;1.452
3333;41887;1.502
39572;48539;1.444
13169;41887;1.481
35332;50655;1.517
21155;39647;1.502
35467;9143;1.502
47886;51942;1.474
31477;48056;1.501
15670;200020;1.425
15670;25459;1.386
21155;34430;1.492
50655;60341;1.463
200020;20562;1.497
1136;43366;1.545
13127;57795;1.494
1101;48056;1.460
39637;48635;1.493
15695;47601;1.483
15670;3300;1.417
15703;21155;1.511
20847;8455;1.509
20562;25459;1.478
31172;58206;1.461
60144;60632;1.402
3333;8954;1.514
49981;5390;1.506
24875;9143;1.524
29073;57872;1.501
29396;41038;1.494
39637;61349;1.538
34305;50554;1.474
24785;35332;1.542
21392;58206;1.317
24875;48056;1.513
13127;15426;1.514
1136;9193;1.509
47869;61200;1.479
15703;48635;1.483
12989;21392;1.527
20847;8918;1.520
51430;58206;1.426
8455;8918;1.499
1136;16265;1.526
21155;44953;1.516
41095;59542;1.517
13169;9193;1.486
3333;35260;1.507
13169;35260;1.443
24730;35415;1.517
24730;28878;1.506
49981;57043;1.370
30925;47601;1.473
58291;61029;1.394
15426;59542;1.439
39309;50554;1.484
47601;9143;1.496
15703;61349;1.536
16243;51646;1.504
1136;25459;1.517
24730;39309;1.500
1101;286;1.519
197731;48056;1.458
25459;29396;1.489
44953;57043;1.497
21286;31251;1.407
20969;30925;1.485
35467;47869;1.481
5583;8455;1.525
1126;9193;1.516
49981;61029;1.399
24730;61200;1.507
199636;50266;1.499
21286;49549;1.429
41038;57795;1.381
20495;39637;1.498
286;8455;1.532
15670;199636;1.433
16243;38930;1.504
20969;21286;1.501
24753;50655;1.478
20969;60144;1.423
34430;43366;1.499
44953;61029;1.485
20495;34430;1.496
20969;39572;1.434
5583;8918;1.516
16265;21392;1.517
35332;50673;1.541
31251;9143;1.501
25459;58206;1.326
41095;59554;1.552
31251;43366;1.501
1126;35332;1.539
31172;59542;1.457
15670;57795;1.239
12871;21392;1.503
25525;50655;1.503
15426;59554;1.494
24753;24875;1.508
286;8918;1.531
25459;3300;1.487
50266;9143;1.524
44953;9193;1.517
1103;48539;1.513
28685;38930;1.526
47869;48056;1.522
286;31172;1.551
21392;59542;1.281
28878;39704;1.494
31477;48539;1.523
51430;59542;1.430
20562;57795;1.412
34430;5524;1.455
13169;200020;1.485
51942;60144;1.384
28685;51646;1.513
29073;30870;1.485
20495;39647;1.462
35415;42755;1.508
28878;31477;1.507
20847;3265;1.517
50554;58291;1.405
24785;31477;1.526
1101;48539;1.366
20495;44953;1.518
57795;9143;1.501
39647;42755;1.527
1103;35467;1.483
47601;51942;1.228
25525;3300;1.488
35415;51942;1.470
51646;57172;1.461
5583;61200;1.514
39637;49981;1.486
23649;39637;1.478
39647;51942;1.518
28878;57172;1.506
15703;25525;1.498
31477;35467;1.503
24730;48056;1.503
20969;29073;1.513
31172;59554;1.416
35260;58206;1.389
200020;50266;1.510
24875;48539;1.522
1136;12859;1.487
1136;57795;1.472
24785;39704;1.516
1101;35467;1.338
1103;5524;1.472
57795;57866;1.396
21392;59554;1.459
21286;58291;1.498
35467;47886;1.462
15703;49981;1.488
50655;51646;1.489
13127;29396;1.524
30925;60341;1.485
41887;61029;1.327
15670;3333;1.467
51430;59554;1.497
25459;59542;1.457
3300;57043;1.413
30925;43293;1.493
15695;60341;1.512
3333;39637;1.504
13169;39637;1.498
197731;48539;1.464
49549;61200;1.403
21155;21392;1.488
24875;35467;1.500
24753;50673;1.516
57172;8455;1.492
41887;57043;1.416
15695;43293;1.525
43366;49549;1.518
15695;200020;1.514
23649;39647;1.494
20969;51430;1.457
12989;15703;1.533
286;3265;1.538
24785;57172;1.503
23649;9193;1.453
29396;50266;1.516
51646;9143;1.519
23649;44953;1.489
42755;43366;1.495
43293;9193;1.517
23649;34430;1.255
1126;31477;1.509
5390;57795;1.490
20847;61349;1.535
39572;43366;1.528
3300;61029;1.437
25525;50673;1.462
39704;41038;1.486
20847;21155;1.511
13169;199636;1.460
57043;60144;1.152
57172;8918;1.497
12871;15703;1.522
12989;41038;1.528
57795;57872;1.104
197731;35467;1.422
199636;41095;1.525
51646;61161;1.435
47886;50655;1.489
21286;34305;1.500
24730;3300;1.504
28878;61161;1.417
48635;61200;1.473
25459;59554;1.512
49981;8455;1.479
39637;57866;1.493
12871;41038;1.507
20847;48635;1.500
1126;39704;1.515
35260;59542;1.431
1136;15426;1.496
3333;39647;1.507
47869;48539;1.531
13169;39647;1.503
3333;44953;1.519
3333;34430;1.467
13169;34430;1.400
34430;57795;1.239
24785;286;1.530
20847;8954;1.513
8455;8954;1.514
200020;41095;1.529
48635;9143;1.520
48056;48635;1.498
13127;58206;1.498
35467;9193;1.474
5580;61200;1.527
31251;57795;0.980
49981;8918;1.499
1103;16243;1.507
15703;57866;1.505
1136;12871;1.526
3300;41887;1.482
33915;9143;1.511
20969;60632;1.495
38930;41038;1.458
35467;50554;1.335
25459;3333;1.498
1126;57172;1.509
48056;61349;1.519
24753;35332;1.526
16265;41038;1.520
34305;57043;1.445
28685;5580;1.545
24785;61161;1.461
28685;5583;1.526
41038;58206;1.310
24730;48539;1.509
48539;9143;1.534
20495;21392;1.500
39637;57872;1.444
29073;33915;1.502
15695;199636;1.501
12989;20562;1.530
43366;58291;1.491
25525;35332;1.532
20562;29396;1.523
24875;9193;1.512
13169;44953;1.513
35260;59554;1.499
199636;23649;1.423
16265;20562;1.518
39309;57043;1.463
12859;31172;1.521
5583;8954;1.514
34305;61029;1.492
25525;3333;1.514
12871;20562;1.520
43293;50266;1.504
21286;286;1.525
51942;60632;1.446
15703;57872;1.434
24730;35467;1.501
286;8954;1.534
15670;29396;1.493
47601;9193;1.440
29073;47869;1.516
21155;41038;1.502
47601;50655;1.413
200020;23649;1.456
3300;35260;1.488
35415;50655;1.493
39309;61029;1.483
286;48635;1.524
39572;5524;1.460
47886;50673;1.509
1103;43366;1.541
39647;50655;1.511
15426;31251;1.431
1101;16243;1.480
13127;59542;1.493
15695;38930;1.513
41095;49549;1.523
29396;41095;1.536
31477;43366;1.535
286;61349;1.559
30925;51646;1.497
1126;61161;1.485
15670;58206;1.261
15426;49549;1.392
20847;25525;1.507
20969;3300;1.499
28878;47601;1.465
24785;47601;1.484
15695;51646;1.519
35332;39704;1.529
34305;41887;1.494
1101;197731;1.377
1101;43366;1.496
31251;9193;1.448
41038;59542;1.392
42755;57795;1.413
39572;57795;1.362
1103;16265;1.526
20562;58206;1.457
20847;49981;1.488
50266;9193;1.514
30925;38930;1.512
1136;29396;1.528
39309;41887;1.497
24875;43366;1.539
31172;5524;1.511
1103;25459;1.486
199636;35415;1.489
24730;3333;1.513
31172;31251;1.457
199636;28878;1.443
48056;49981;1.480
35332;57172;1.501
13127;59554;1.538
57043;60632;1.415
199636;39309;1.501
21392;31251;1.229
31172;49549;1.476
12989;3300;1.534
1101;9143;1.504
57795;9193;1.445
3265;48635;1.499
197731;43366;1.523
1136;58206;1.479
1101;25459;1.433
21392;49549;1.308
48539;50554;1.394
41038;59554;1.478
15703;30870;1.502
200020;35415;1.501
199636;61200;1.484
200020;28878;1.503
12859;200020;1.504
34305;35260;1.501
24753;31477;1.512
29073;47886;1.522
57172;8954;1.498
1126;47601;1.491
3265;61349;1.537
47601;50673;1.477
30870;31172;1.477
35415;50673;1.506
15670;59542;1.202
39704;50266;1.499
41095;58291;1.551
24875;25459;1.512
39647;50673;1.512
34430;5580;1.515
13169;21392;1.399
42755;9143;1.533
12989;50266;1.533
34430;5583;1.493
25525;31477;1.514
15426;58291;1.500
13127;3300;1.503
24753;57172;1.487
1101;16265;1.510
16265;50266;1.519
200020;61200;1.466
60632;8455;1.492
20562;59542;1.424
5390;58206;1.478
24753;39704;1.517
12871;50266;1.509
35260;5524;1.507
20847;57866;1.476
286;49981;1.531
197731;25459;1.465
25459;31251;1.447
20495;41038;1.502
3300;39637;1.500
43366;9143;1.552
49981;8954;1.482
35332;61161;1.435
51646;9193;1.511
50266;57795;1.461
47869;5524;1.518
25525;39704;1.507
29073;3300;1.517
51646;60341;1.504
57872;61349;1.491
3333;5524;1.493
60632;8918;1.509
200020;39309;1.506
20969;42755;1.510
25459;49549;1.374
48056;57866;1.482
28878;60341;1.501
1103;5580;1.525
1103;5583;1.523
20495;20562;1.520
33915;48635;1.472
15670;59554;1.441
20969;51942;1.504
50554;60144;1.299
200020;5390;1.498
1103;12859;1.417
1103;57795;1.384
38930;50266;1.520
28878;43293;1.499
31172;58291;1.462
199636;48056;1.502
1136;59542;1.427
12859;21155;1.520
15426;34305;1.488
34430;58206;1.261
59542;9143;1.504
197731;3300;1.430
21286;30925;1.493
31477;57795;1.482
33915;61349;1.523
57172;61349;1.516
24730;43366;1.519
21392;58291;1.438
31251;58206;1.307
12859;199636;1.421
25525;57172;1.492
20562;59554;1.503
29396;35415;1.519
20847;57872;1.470
20562;5390;1.517
35467;57043;1.298
51430;58291;1.459
20969;3333;1.514
12859;48635;1.464
1101;12859;1.441
1101;57795;1.115
48635;9193;1.473
1103;15426;1.461
3300;39647;1.503
24753;61161;1.434
29396;39309;1.492
29073;50554;1.501
21286;60144;1.419
3300;34430;1.417
39704;41095;1.534
21286;39572;1.435
48056;57872;1.473
33915;9193;1.502
24785;60341;1.501
23649;41038;1.363
12859;61349;1.532
12989;41095;1.542
25525;61161;1.372
41095;9143;1.535
5390;59542;1.489
5524;61200;1.497
35260;49549;1.421
41887;44953;1.504
31251;59542;1.173
24785;43293;1.520
29396;61200;1.503
35467;61029;1.369
24875;57795;1.492
21155;50266;1.503
3265;49981;1.482
12871;3300;1.512
1136;59554;1.525
35332;47601;1.471
48539;9193;1.516
286;57866;1.525
12871;41095;1.534
13169;15703;1.503
59554;61349;1.495
58206;61029;1.283
57866;61200;1.458
24730;25459;1.491
15703;20847;1.515
21392;34305;1.485
34305;39637;1.502
12989;13127;1.537
12989;3333;1.539
1126;197731;1.507
197731;57795;1.381
20847;30870;1.480
25459;58291;1.499
16265;9143;1.531
200020;48056;1.507
3333;41038;1.489
15703;33915;1.496
3300;44953;1.508
13169;41038;1.429
47886;57172;1.497
34430;59542;1.202
39637;47869;1.518
39309;39637;1.498
38930;41095;1.535
16265;41095;1.539
5390;59554;1.538
1103;12871;1.519
15703;286;1.537
39704;9143;1.504
1101;15426;1.444
31172;34305;1.535
31251;59554;1.439
35467;41887;1.446
286;57872;1.519
50554;51430;1.431
1126;60341;1.520
13127;3333;1.509
15703;47869;1.517
12989;23649;1.524
15703;24730;1.522
42755;58206;1.413
1126;43293;1.508
39572;58206;1.197
34305;39647;1.511
199636;3300;1.461
29396;48056;1.514
16243;31172;1.531
1101;12871;1.498
34305;34430;1.477
47869;57795;1.493
33915;49981;1.409
199636;48539;1.508
13127;31251;1.493
25459;34305;1.499
12871;23649;1.495
12871;13127;1.515
12859;25525;1.511
35260;58291;1.496
34430;59554;1.441
3265;57866;1.512
29073;3333;1.518
21286;51430;1.494
39309;39647;1.443
13127;49549;1.485
21155;41095;1.535
21286;29073;1.519
20495;3300;1.509
13169;20562;1.474
30870;48635;1.464
39572;5580;1.527
43366;60144;1.514
15703;3300;1.495
28685;31172;1.456
39572;5583;1.515
43293;61200;1.506
24753;47601;1.434
39572;59542;1.371
12859;49981;1.483
199636;35467;1.475
28878;51646;1.509
47886;61161;1.397
1103;29396;1.521
30870;61349;1.502
48539;57043;1.401
41038;49549;1.342
24730;57795;1.482
197731;3333;1.472
25525;47601;1.443
16265;23649;1.514
34305;44953;1.523
50554;60632;1.396
1101;9193;1.441
20969;50655;1.483
28878;38930;1.502
200020;35467;1.442
24785;38930;1.515
39637;47886;1.516
3265;57872;1.468
60632;8954;1.504
20969;24875;1.523
20495;50266;1.505
48539;61029;1.337
39309;44953;1.516
1103;58206;1.445
42755;59542;1.400
35415;39704;1.512
31172;5580;1.548
12989;35415;1.532
200020;48539;1.486
39572;59554;1.467
39647;39704;1.499
31172;5583;1.538
12989;28878;1.529
24785;51646;1.512
21286;60632;1.483
200020;8455;1.503
286;30870;1.524
42755;9193;1.519
12871;3333;1.520
24875;29396;1.520
33915;57866;1.409
15703;47886;1.484
21155;23649;1.492
15670;31251;1.249
50266;58206;1.475
15703;24753;1.514
29073;57043;1.491
12871;28878;1.502
43293;48056;1.508
35332;60341;1.523
20847;33915;1.469
3265;9143;1.528
20562;8455;1.459
200020;8918;1.515
47601;57172;1.414
35415;57172;1.479
5583;57795;1.498
13127;58291;1.529
1101;29396;1.500
35332;43293;1.530
15670;49549;1.244
43366;9193;1.543
12989;61200;1.532
197731;29396;1.508
39647;57172;1.490
15426;286;1.532
20562;31251;1.412
12859;57866;1.479
24875;58206;1.498
29396;48539;1.532
29073;61029;1.494
42755;59554;1.433
31477;58206;1.455
20562;8918;1.495
20847;5524;1.509
41038;58291;1.464
20562;49549;1.441
1126;38930;1.520
23649;50266;1.476
16265;35415;1.522
16265;28878;1.526
35415;61161;1.348
57172;57866;1.463
20847;47869;1.503
33915;57872;1.431
12989;39309;1.537
20847;24730;1.500
59542;9193;1.447
39647;61161;1.438
1101;58206;1.321
12871;35415;1.524
16265;39309;1.532
39704;61200;1.490
1103;59542;1.431
15426;30925;1.466
1126;51646;1.506
24753;60341;1.503
49549;57795;1.300
20969;50673;1.490
199636;3333;1.469
29396;35467;1.500
12989;13169;1.529
35260;5580;1.529
30870;49981;1.410
12871;39309;1.504
1136;31251;1.472
197731;286;1.525
35260;5583;1.521
20495;41095;1.533
39637;50554;1.447
38930;61200;1.483
24753;43293;1.511
13127;34305;1.520
47869;5580;1.533
16265;61200;1.522
12859;57872;1.409
41095;60144;1.521
47869;5583;1.526
3333;5580;1.529
3333;5583;1.523
1136;49549;1.494
15426;21286;1.468
3333;50266;1.513
13169;50266;1.485
15426;60144;1.331
12871;61200;1.514
35467;39637;1.495
15426;39572;1.350
50266;59542;1.463
41095;9193;1.524
20495;3333;1.511
43366;51430;1.503
47601;61161;0.923
15703;3333;1.507
21155;28878;1.506
15703;50554;1.439
57172;57872;1.439
16243;21155;1.508
38930;39309;1.515
286;33915;1.532
48635;57795;1.346
197731;58206;1.373
286;5524;1.533
43366;60632;1.532
200020;3265;1.508
15670;58291;1.383
24875;59542;1.488
1103;59554;1.506
16243;48635;1.502
31477;59542;1.481
16265;9193;1.527
21392;30925;1.483
25525;60341;1.450
5580;57795;1.514
12871;13169;1.511
199636;43366;1.535
20562;3265;1.506
20562;58291;1.515
39704;48056;1.498
25525;43293;1.512
23649;41095;1.518
1101;59542;1.089
16243;61349;1.534
286;47869;1.530
21392;5390;1.497
43293;48539;1.508
3300;41038;1.464
29073;41887;1.506
21155;35415;1.513
35467;39647;1.504
20495;23649;1.499
50266;59554;1.511
12989;48056;1.533
38930;48056;1.515
39704;9193;1.518
59542;61200;1.423
21392;60144;1.317
16265;48056;1.526
20847;47886;1.518
15426;29073;1.496
21392;39572;1.382
21155;39309;1.501
29073;35260;1.516
30870;57866;1.433
47869;58206;1.463
20847;24753;1.515
15695;31172;1.535
12871;48056;1.511
39647;5390;1.513
35332;38930;1.541
24730;29396;1.507
15670;34305;1.477
24875;59554;1.533
15703;24785;1.516
34430;49549;1.244
60341;61200;1.436
21155;61200;1.509
35415;47601;1.399
1136;58291;1.530
31477;59554;1.529
3333;41095;1.529
31251;49549;1.306
13169;41095;1.530
50554;51942;1.253
39647;47601;1.480
12859;30870;1.495
35332;51646;1.529
31172;60144;1.461
199636;25459;1.478
3265;33915;1.510
197731;59542;1.382
31172;39572;1.478
20562;34305;1.506
31477;9143;1.525
25459;30925;1.471
41095;51430;1.526
1101;59554;1.436
20969;35332;1.534
60144;61161;0.923
28685;48635;1.485
12859;5390;1.519
35467;44953;1.505
30925;31172;1.524
47886;60341;1.483
15426;51430;1.459
24730;58206;1.488
39637;5390;1.512
21286;42755;1.500
51430;60144;1.426
30870;57872;1.373
21286;5390;1.510
28685;61349;1.476
200020;43366;1.534
25459;60144;1.326
21286;51942;1.473
21392;29073;1.497
5390;58291;1.525
25459;39572;1.347
3265;47869;1.526
30925;3300;1.499
200020;8954;1.479
1136;34305;1.522
57795;61029;1.283
15703;28685;1.524
16243;25525;1.513
34305;41038;1.494
24753;51646;1.496
20495;35415;1.522
20495;28878;1.511
47869;59542;1.495
197731;59554;1.434
286;47886;1.533
44953;50266;1.513
21155;48056;1.516
20847;50554;1.468
20562;8954;1.506
13169;23649;1.384
50655;61349;1.517
16243;49981;1.486
41095;60632;1.529
29396;43366;1.544
12989;35467;1.529
39309;41038;1.495
34430;58291;1.383
49981;5524;1.446
21392;51430;1.440
24753;38930;1.513
15426;60632;1.487
200020;25459;1.427
39704;48539;1.511
48056;50554;1.459
5583;58206;1.502
39637;57043;1.466
20495;61200;1.504
31251;58291;1.407
12989;48539;1.552
35260;60144;1.389
38930;48539;1.528
35260;39572;1.413
49981;50266;1.480
25525;38930;1.515
3265;9193;1.499
16265;48539;1.546
24730;59542;1.485
42755;49549;1.444
39572;49549;1.330
12871;48539;1.525
199636;57795;1.356
47869;59554;1.531
15703;57043;1.478
24753;5390;1.519
50673;61200;1.501
39637;61029;1.486
20495;39309;1.464
31172;51430;1.498
20969;31477;1.508
33915;47869;1.476
25525;51646;1.508
23649;35415;1.406
23649;28878;1.451
49549;58206;1.228
16265;35467;1.517
20847;24785;1.520
12871;35467;1.508
47886;5390;1.523
31251;34305;1.474
15703;61029;1.489
12859;20847;1.513
3265;47886;1.509
25459;51430;1.459
29396;5390;1.503
25459;29073;1.505
21392;60632;1.429
28685;49981;1.485
20969;39704;1.485
61029;61161;0.891
23649;61200;1.420
24730;59554;1.532
12859;33915;1.475
286;50554;1.520
29073;39637;1.509
16243;57866;1.474
13169;28878;1.492
12859;12989;1.530
47601;60341;1.391
1103;31251;1.384
5583;59542;1.491
35415;60341;1.481
13127;30925;1.514
48635;58206;1.412
21392;8455;1.456
39647;60341;1.506
20847;5580;1.532
35415;43293;1.515
20847;5583;1.518
50554;50655;1.427
43293;43366;1.525
23649;39309;1.495
20969;57172;1.497
31172;60632;1.514
3300;50266;1.495
39647;43293;1.496
47886;51646;1.507
13127;21286;1.519
200020;57795;1.459
13127;60144;1.498
12859;47869;1.519
42755;58291;1.314
12859;24730;1.519
39572;58291;1.450
21392;8918;1.479
13127;39572;1.507
21155;48539;1.531
5580;58206;1.520
41887;50266;1.506
43366;51942;1.475
20847;28685;1.504
51430;60632;1.485
30925;3333;1.505
35260;51430;1.479
20495;48056;1.504
3333;35415;1.503
13169;35415;1.472
25459;60632;1.480
49549;59542;1.318
16243;57872;1.479
21286;50655;1.478
29073;39647;1.481
24875;31251;1.492
39637;41887;1.496
15695;21155;1.525
29073;44953;1.520
33915;47886;1.506
29073;34430;1.496
3333;39309;1.507
5583;59554;1.538
13169;39309;1.503
51942;57172;1.457
21155;35467;1.497
12859;8455;1.424
30925;48635;1.497
1103;49549;1.462
5524;57795;1.432
39637;8455;1.465
29396;57795;1.499
28685;57866;1.480
30870;33915;1.443
15695;48635;1.488
21286;8455;1.481
31477;49549;1.489
3265;50554;1.470
1101;31251;1.139
3333;61200;1.503
286;5580;1.539
13169;61200;1.453
39647;8455;1.513
286;5583;1.534
12989;16243;1.535
15703;41887;1.507
30925;61349;1.535
12859;8918;1.507
48635;59542;1.373
39637;8918;1.515
1101;49549;1.292
20969;61161;1.418
15695;61349;1.542
13127;29073;1.522
15703;35260;1.511
12871;16243;1.506
15670;30925;1.470
21286;8918;1.485
41038;60144;1.309
60144;60341;1.262
199636;200020;1.495
16243;3300;1.508
49549;59554;1.465
39647;8918;1.512
35260;60632;1.476
1103;58291;1.516
30870;47869;1.502
31477;9193;1.519
3300;41095;1.528
34305;50266;1.511
23649;48056;1.474
50655;57866;1.459
5580;59542;1.512
21286;24875;1.512
24875;49549;1.494
15670;21286;1.427
3300;5390;1.515
20562;30925;1.507
50554;50673;1.473
15670;60144;1.261
28685;57872;1.428
41095;42755;1.550
15670;39572;1.323
21392;3265;1.479
20495;48539;1.528
197731;31251;1.381
35467;41038;1.372
20847;61029;1.458
15426;42755;1.504
12859;47886;1.495
41095;51942;1.543
39309;50266;1.505
51942;61161;0.935
50266;58291;1.505
50673;5390;1.507
23649;286;1.520
12859;24753;1.521
13127;51430;1.514
15426;51942;1.480
20562;21286;1.480
48635;59554;1.489
39704;43366;1.534
197731;49549;1.387
20562;60144;1.457
57043;57172;1.421
20562;39572;1.472
20847;57043;1.458
12989;43366;1.559
15426;20495;1.481
3333;48056;1.506
33915;50554;1.436
38930;43366;1.549
13169;48056;1.491
16243;30870;1.483
35415;38930;1.499
21286;50673;1.498
16265;43366;1.553
20495;35467;1.506
28878;31172;1.524
1136;30925;1.515
24875;58291;1.531
24785;31172;1.530
199636;29396;1.517
24753;8455;1.515
50655;57872;1.440
48056;57043;1.451
31477;58291;1.528
12871;43366;1.529
5580;59554;1.547
61200;61349;1.519
47601;51646;1.470
20969;47601;1.459
286;28685;1.548
43293;57795;1.476
57043;61161;0.923
35415;51646;1.508
1136;21286;1.502
12859;3265;1.511
39647;51646;1.489
1136;60144;1.479
1101;58291;1.388
24753;8918;1.513
1136;39572;1.490
12989;16265;1.536
15695;25525;1.509
47886;8455;1.493
200020;29396;1.500
199636;58206;1.435
48056;61029;1.467
21392;42755;1.440
21286;3265;1.516
47869;49549;1.472
29396;8455;1.523
58291;61200;1.476
30925;49981;1.489
12989;25459;1.533
21392;51942;1.324
28685;9143;1.537
34305;41095;1.534
12871;16265;1.530
13127;60632;1.491
1103;34305;1.503
16265;25459;1.527
20562;29073;1.521
15695;49981;1.505
41038;51430;1.454
30870;47886;1.488
47886;8918;1.506
43366;50655;1.530
29396;8918;1.522
12871;25459;1.501
31477;34305;1.511
24730;31251;1.483
23649;35467;1.329
49981;61200;1.449
200020;58206;1.377
5390;60144;1.478
28685;30870;1.417
15426;20969;1.435
39309;41095;1.532
12859;50554;1.415
31172;42755;1.463
49981;5580;1.528
1126;31172;1.535
49981;5583;1.515
20847;41887;1.452
15670;51430;1.405
197731;58291;1.462
15703;39637;1.496
15670;29073;1.496
24730;49549;1.485
1101;34305;1.477
286;57043;1.519
31172;51942;1.440
44953;61200;1.511
21392;8954;1.481
23649;48539;1.402
13169;3300;1.460
21155;43366;1.534
20562;51430;1.496
25459;42755;1.499
51430;51942;1.447
16243;33915;1.453
24875;34305;1.518
39637;39647;1.497
16243;3333;1.517
286;61029;1.527
34430;60144;1.261
25459;51942;1.451
15426;15670;1.400
34430;39572;1.323
199636;59542;1.413
41038;60632;1.462
31251;60144;1.307
1126;3300;1.519
3333;48539;1.529
24753;3265;1.514
31251;39572;1.367
21286;35332;1.524
13169;48539;1.488
47869;58291;1.532
197731;34305;1.498
15703;39647;1.521
30925;57866;1.478
61349;9143;1.550
1136;3300;1.491
20847;35260;1.495
16243;20847;1.463
1136;51430;1.508
15703;34430;1.477
16243;47869;1.501
12859;8954;1.516
1136;29073;1.523
12859;24785;1.520
15670;60632;1.412
39704;57795;1.454
15695;57866;1.509
39637;8954;1.519
21155;25459;1.508
200020;59542;1.457
21286;8954;1.513
30870;50554;1.357
12989;57795;1.521
38930;57795;1.475
39647;8954;1.513
3333;35467;1.497
13169;35467;1.422
5524;58206;1.447
39637;44953;1.516
29396;3265;1.529
44953;48056;1.499
41095;50655;1.528
16265;57795;1.511
29396;58206;1.480
35260;42755;1.494
34430;9143;1.496
3265;57043;1.476
43366;50673;1.540
20562;60632;1.476
15426;50655;1.443
41887;61200;1.473
3300;35415;1.493
12871;57795;1.491
24730;58291;1.522
35260;51942;1.484
199636;59554;1.501
57866;58206;1.338
28685;33915;1.497
3300;39309;1.503
12989;15426;1.532
30925;57872;1.453
15426;24875;1.516
15703;44953;1.521
16243;24730;1.499
20969;60341;1.430
20495;43366;1.531
3265;61029;1.472
15695;57872;1.478
50673;8455;1.511
35467;50266;1.483
12871;15426;1.504
3300;61200;1.485
20969;43293;1.505
1136;60632;1.505
200020;59554;1.515
12859;28685;1.522
1103;9143;1.515
12871;197731;1.512
286;41887;1.532
28685;47869;1.532
28878;48635;1.478
50673;8918;1.509
34430;51430;1.406
15426;15695;1.514
51646;61349;1.527
24730;34305;1.509
3300;8455;1.476
29073;41038;1.498
286;35260;1.525
42755;60144;1.413
200020;5524;1.500
39572;60144;1.196
21392;50655;1.419
48635;49549;1.391
51942;60341;1.459
28878;61349;1.528
31251;51430;1.431
5583;58291;1.529
24753;8954;1.503
5524;59542;1.434
15695;286;1.533
33915;57043;1.376
57872;61029;1.323
29396;59542;1.500
16243;47886;1.518
21392;24875;1.485
5390;60632;1.506
3300;8918;1.483
3265;41887;1.512
20562;5524;1.487
15695;30870;1.504
23649;3300;1.400
28878;5390;1.510
21155;57795;1.485
57866;59542;1.426
13169;3333;1.487
13127;42755;1.526
50554;57172;1.416
34305;35415;1.506
41095;50673;1.536
21286;39704;1.493
59554;9143;1.546
24785;48635;1.486
31172;50655;1.488
43293;58206;1.488
47886;8954;1.505
12859;57043;1.460
33915;61029;1.399
57172;61029;1.447
13127;51942;1.507
15426;50673;1.490
29396;8954;1.518
34305;39309;1.511
3300;48056;1.489
13169;16243;1.501
20847;39637;1.501
21286;31477;1.509
13127;20495;1.526
24785;61349;1.544
1103;30925;1.489
49549;58291;1.440
1126;3333;1.517
44953;48539;1.503
35467;41095;1.526
41887;48056;1.506
34430;60632;1.412
20495;25459;1.502
25459;50655;1.431
24753;31172;1.519
5524;59554;1.510
34305;61200;1.501
1136;3333;1.503
21286;57172;1.470
29396;59554;1.540
12859;61029;1.477
16243;24753;1.518
43293;59542;1.478
31251;60632;1.401
23649;43366;1.509
3265;35260;1.519
25525;31172;1.525
57866;59554;1.484
28685;9193;1.517
1126;21155;1.515
28685;47886;1.509
39309;61200;1.501
12989;29396;1.537
59554;61029;1.460
57043;60341;1.363
48635;58291;1.493
33915;41887;1.361
15703;21392;1.469
20847;39647;1.505
41038;42755;1.466
50266;60144;1.475
1126;48635;1.513
21392;50673;1.482
24875;30925;1.518
12871;29396;1.510
20847;44953;1.511
50554;61161;0.923
20847;34430;1.466
42755;51430;1.462
16243;50554;1.479
39572;51430;1.448
48539;50266;1.506
24875;3300;1.513
41038;51942;1.439
20969;38930;1.491
3333;43366;1.541
13169;43366;1.529
5580;58291;1.546
28878;49981;1.493
20495;57795;1.487
1103;21286;1.480
12989;58206;1.527
1126;61349;1.540
1103;60144;1.445
43293;59554;1.532
15670;42755;1.389
1103;39572;1.458
1101;30925;1.470
13127;20969;1.523
23649;25459;1.425
20969;51646;1.511
31477;60144;1.454
15670;51942;1.241
39572;9143;1.500
286;39637;1.534
31477;39572;1.465
31172;50673;1.537
34305;48056;1.518
21155;5390;1.520
21286;61161;1.371
16265;29396;1.529
61029;9143;1.506
15670;20495;1.496
20562;42755;1.518
1101;21286;1.408
24785;25525;1.499
1101;60144;1.321
1101;39572;1.373
13169;16265;1.519
33915;35260;1.466
20562;51942;1.446
39704;58206;1.456
39309;48056;1.500
5580;8455;1.529
15426;35332;1.521
30870;57043;1.277
61349;9193;1.530
25459;50673;1.499
24785;49981;1.511
13169;25459;1.485
38930;58206;1.437
12859;41887;1.495
13127;15670;1.457
35260;50655;1.478
3300;48539;1.487
24875;60144;1.498
42755;60632;1.468
199636;31251;1.355
15695;33915;1.515
39572;60632;1.436
16265;58206;1.517
197731;30925;1.492
24875;39572;1.510
31251;3300;1.400
23649;3333;1.473
12859;35260;1.505
28685;50554;1.400
43366;57172;1.523
1136;42755;1.530
12871;58206;1.500
5580;8918;1.530
41887;48539;1.456
199636;49549;1.453
1103;29073;1.523
286;39647;1.534
21155;29396;1.511
31172;9143;1.548
50673;57795;1.473
1136;51942;1.508
30870;61029;1.338
15426;5390;1.490
50673;8954;1.518
286;34430;1.520
34430;9193;1.463
197731;21286;1.434
197731;60144;1.373
51646;57866;1.490
12989;59542;1.523
3300;35467;1.463
197731;39572;1.395
200020;31251;1.459
1136;20495;1.511
28878;57866;1.496
15695;20847;1.524
15695;47869;1.520
30925;33915;1.472
15695;24730;1.529
50266;51430;1.489
31172;35332;1.484
29073;50266;1.513
1126;25525;1.521
200020;49549;1.430
3265;39637;1.516
12871;59542;1.501
15670;20969;1.452
21286;47601;1.438
13127;50655;1.495
35332;48635;1.522
3300;8954;1.501
16243;24785;1.520
21392;35332;1.503
23649;57795;1.229
28878;8455;1.464
1103;51430;1.496
1126;49981;1.509
13127;24875;1.510
24875;29073;1.517
1103;9193;1.489
35332;61349;1.497
39704;59542;1.469
286;44953;1.539
20562;20969;1.507
31477;51430;1.503
30925;47869;1.499
51646;57872;1.474
47869;60144;1.463
38930;59542;1.485
39637;41038;1.496
12989;59554;1.555
28878;8918;1.505
24785;57866;1.505
16265;59542;1.513
28878;57872;1.424
43366;61161;1.468
16243;200020;1.473
1101;51430;1.432
1101;29073;1.502
30870;5390;1.501
197731;29073;1.507
34305;48539;1.522
35260;9143;1.508
34430;42755;1.389
24730;30925;1.492
21155;58206;1.497
3265;39647;1.523
57872;8455;1.379
24875;3333;1.521
3333;57795;1.451
12871;59554;1.539
24753;48635;1.492
13169;57795;1.366
35260;50673;1.499
3265;34430;1.473
47869;9143;1.518
31251;42755;1.415
15703;41038;1.496
13127;15695;1.529
34430;51942;1.241
199636;58291;1.510
50266;60632;1.494
1136;20969;1.517
35467;39309;1.503
24875;51430;1.511
16243;28685;1.513
31251;51942;1.266
39309;48539;1.525
24753;61349;1.531
41038;50655;1.446
25459;35332;1.521
24730;60144;1.488
57872;8918;1.469
33915;39637;1.488
39704;59554;1.523
29396;31251;1.499
59554;9193;1.525
34305;35467;1.484
24730;39572;1.500
30870;41887;1.468
20847;21392;1.483
15703;20562;1.480
1103;60632;1.491
13169;15426;1.469
35467;61200;1.396
15426;39704;1.466
21155;59542;1.489
38930;59554;1.524
24785;57872;1.479
25525;61349;1.537
200020;5580;1.527
200020;58291;1.494
29073;41095;1.533
30870;35260;1.458
197731;51430;1.478
31477;60632;1.515
16265;59554;1.550
29396;49549;1.491
200020;5583;1.515
15695;47886;1.503
58206;61200;1.382
15670;50655;1.383
15695;24753;1.513
15426;31477;1.467
12859;39637;1.464
3265;44953;1.520
13127;50673;1.521
1101;60632;1.405
1126;57866;1.518
41095;57172;1.528
3333;9143;1.525
15670;24875;1.484
20495;29396;1.501
20562;5580;1.514
199636;34305;1.501
59542;59554;1.441
20562;5583;1.518
15426;57172;1.474
20562;50655;1.463
25525;48635;1.469
31251;3333;1.451
33915;39647;1.473
16243;199636;1.503
30925;47886;1.520
28878;3265;1.510
24875;60632;1.502
21155;8455;1.516
16243;57043;1.466
35260;35332;1.532
20562;24875;1.494
21392;5524;1.464
33915;34430;1.401
35332;49981;1.516
50554;60341;1.419
21155;59554;1.537
5583;60144;1.502
28878;30870;1.499
47869;51430;1.495
15695;5390;1.528
20495;58206;1.471
21392;39704;1.483
31172;31477;1.529
1136;15670;1.485
21155;8918;1.517
12859;39647;1.514
1136;50655;1.509
35467;48056;1.479
1126;57872;1.507
39647;5524;1.480
197731;60632;1.467
16243;61029;1.459
12859;34430;1.465
21392;31477;1.492
39572;42755;1.449
43366;47601;1.500
50673;58206;1.473
42755;51942;1.351
5580;8954;1.527
3300;43366;1.533
21286;60341;1.481
39572;51942;1.429
41038;50673;1.493
5524;58291;1.511
23649;29396;1.495
39572;9193;1.480
21392;57172;1.438
33915;44953;1.514
31172;39704;1.524
29396;58291;1.536
49549;60144;1.228
21286;43293;1.513
41095;61161;1.507
24730;51430;1.502
15426;8455;1.471
61029;9193;1.482
24730;29073;1.505
47886;48635;1.426
12871;286;1.536
15695;50554;1.480
24753;49981;1.497
41887;43366;1.530
12859;5524;1.484
200020;34305;1.489
24785;30870;1.497
15426;61161;1.327
39637;5524;1.499
43293;49549;1.482
57866;58291;1.483
15670;50673;1.475
49981;57795;1.421
15670;15695;1.487
21286;5524;1.496
25525;49981;1.490
47886;61349;1.523
28685;57043;1.406
57043;8455;1.447
12859;44953;1.517
47869;60632;1.509
15426;8918;1.496
20847;41038;1.488
25459;39704;1.471
51942;5390;1.517
23649;58206;1.275
31172;57172;1.480
44953;57795;1.488
24753;25525;1.505
13169;29396;1.511
20562;50673;1.508
1136;24875;1.517
48635;60144;1.411
30925;50554;1.454
25459;31477;1.495
35332;57866;1.517
20495;59542;1.485
48539;61200;1.478
30870;39637;1.483
13127;35332;1.541
57043;8918;1.464
28685;61029;1.393
51430;57172;1.467
29396;34305;1.506
31172;9193;1.528
31172;61161;1.406
25459;57172;1.497
24785;5390;1.523
28878;8954;1.511
50655;57043;1.414
21155;3265;1.523
31251;50655;1.428
24730;60632;1.495
5580;60144;1.520
39637;50266;1.502
50673;59542;1.476
29073;35415;1.519
21392;61161;1.010
15695;24785;1.516
1136;50673;1.523
1126;30870;1.501
1136;15695;1.520
48056;5390;1.511
51430;61161;1.365
16243;41887;1.450
41095;47601;1.516
15670;197731;1.383
1101;3300;1.415
12989;31251;1.521
34305;43366;1.540
35260;39704;1.489
15426;47601;1.427
50655;61029;1.400
16243;35260;1.498
35332;57872;1.482
24753;57866;1.503
50266;51942;1.484
15703;50266;1.519
12989;49549;1.528
20495;59554;1.531
57872;8954;1.488
12871;31251;1.492
30870;39647;1.457
35467;48539;1.439
43293;58291;1.523
29073;61200;1.508
34430;50655;1.383
24753;5524;1.506
30870;34430;1.333
1103;42755;1.519
39309;43366;1.535
28685;41887;1.490
43366;60341;1.533
23649;59542;1.278
49549;51430;1.442
28878;33915;1.482
24785;33915;1.516
3333;58206;1.464
1103;51942;1.471
13169;58206;1.373
31477;42755;1.526
38930;5390;1.512
35260;57172;1.466
15426;3265;1.508
30870;8455;1.485
20847;286;1.531
50673;59554;1.535
35415;61349;1.527
1103;20495;1.513
50554;51646;1.471
31477;51942;1.518
35260;9193;1.499
29073;39309;1.481
39647;61349;1.539
47886;5524;1.496
5583;60632;1.509
1101;42755;1.394
25459;61161;1.294
39704;49549;1.482
16265;31251;1.511
15695;28685;1.533
29396;5524;1.508
47869;9193;1.513
47886;49981;1.489
15670;35332;1.476
1101;51942;1.192
30870;8918;1.491
24753;57872;1.477
38930;49549;1.435
28878;47869;1.511
3300;57795;1.397
24785;47869;1.513
3333;59542;1.467
13169;59542;1.384
48635;51430;1.485
21392;47601;1.176
16265;49549;1.518
47601;48635;1.392
30870;44953;1.503
1101;20495;1.498
20847;9143;1.509
35415;48635;1.452
8455;9143;1.520
24875;42755;1.529
25525;57866;1.480
15670;286;1.520
39647;48635;1.514
21286;51646;1.493
12871;49549;1.504
41887;57795;1.445
20562;35332;1.530
286;41038;1.525
39637;41095;1.534
23649;59554;1.459
28685;35260;1.498
13169;197731;1.429
24875;51942;1.509
12859;21392;1.466
31251;50673;1.473
47601;61349;1.484
39572;50655;1.428
15695;8455;1.508
49549;60632;1.421
21155;8954;1.519
197731;42755;1.462
1126;33915;1.514
13127;39704;1.514
21155;31251;1.485
31172;47601;1.455
12989;58291;1.555
21286;38930;1.494
15703;41095;1.524
3333;9193;1.503
197731;51942;1.433
35260;61161;1.368
15695;8918;1.516
3265;41038;1.498
13127;31477;1.518
1136;35332;1.538
1103;20969;1.504
197731;20495;1.496
3333;59554;1.516
199636;30925;1.478
13169;59554;1.482
5583;9143;1.525
25525;57872;1.422
34430;50673;1.475
25459;47601;1.425
1126;20847;1.515
48635;60632;1.444
13127;57172;1.505
1126;47869;1.525
42755;50655;1.487
286;9143;1.535
1126;24730;1.509
29073;48056;1.514
199636;21286;1.467
39704;58291;1.514
47886;57866;1.497
199636;60144;1.435
1101;20969;1.473
199636;39572;1.444
16243;39637;1.503
15426;8954;1.482
200020;30925;1.484
30925;57043;1.457
38930;58291;1.530
30870;3265;1.493
20969;31172;1.524
1126;12989;1.536
51942;8455;1.473
34305;57795;1.474
16265;58291;1.550
1101;3333;1.466
5580;60632;1.524
47869;51942;1.524
1103;15670;1.446
24753;30870;1.475
20847;50266;1.506
21155;49549;1.493
15695;57043;1.482
16265;3300;1.527
28878;47886;1.501
24785;47886;1.497
12871;58291;1.531
41095;60341;1.529
200020;21286;1.491
57043;8954;1.473
15426;60341;1.423
49981;58206;1.348
51942;8918;1.509
41095;43293;1.532
15703;23649;1.470
21392;5580;1.514
39309;57795;1.484
25525;30870;1.456
48056;50266;1.492
30925;61029;1.472
21392;5583;1.499
60144;61349;1.499
15426;43293;1.493
33915;41038;1.434
16265;200020;1.526
3300;5524;1.476
39572;50673;1.487
15695;61029;1.496
44953;58206;1.498
47886;57872;1.439
50266;50655;1.501
24730;42755;1.518
15670;39704;1.470
197731;20969;1.487
16243;39647;1.503
15695;197731;1.500
34430;35332;1.476
47601;49981;1.378
39647;5580;1.532
24730;51942;1.496
35415;49981;1.481
39647;5583;1.513
41038;57172;1.451
12989;34305;1.537
15695;3265;1.519
16243;34430;1.471
50673;5524;1.518
20495;286;1.535
57795;61200;1.427
13127;61161;1.457
15670;31477;1.488
39647;49981;1.453
16265;34305;1.524
31251;35332;1.474
1103;50655;1.481
20562;39704;1.507
200020;60144;1.376
12871;34305;1.513
28685;39637;1.522
31477;50655;1.511
200020;39572;1.403
15670;57172;1.419
1103;24875;1.514
61200;8455;1.494
20562;31477;1.518
58291;59542;1.391
41038;61161;1.254
12859;5580;1.526
24785;8455;1.511
1101;15670;1.194
12859;5583;1.525
35467;43366;1.522
1126;47886;1.520
35260;47601;1.432
42755;50673;1.520
8954;9143;1.520
21392;60341;1.419
39637;5580;1.531
39637;5583;1.514
43366;51646;1.529
29396;30925;1.490
20495;31251;1.487
1126;24753;1.501
57172;9143;1.511
12859;15703;1.476
21286;5580;1.527
15695;41887;1.522
20562;57172;1.491
21286;5583;1.519
21392;43293;1.481
29073;35467;1.506
286;50266;1.532
16243;44953;1.516
21155;58291;1.534
35332;47869;1.544
61200;8918;1.499
48056;8455;1.508
1136;39704;1.515
199636;51430;1.487
20847;41095;1.534
199636;29073;1.517
20495;49549;1.497
24785;8918;1.517
49981;59542;1.401
5524;60144;1.447
28878;50554;1.430
24785;50554;1.481
24875;50655;1.501
12859;41038;1.485
29396;60144;1.480
30870;8954;1.494
29073;48539;1.532
29396;39572;1.490
39309;5390;1.514
15703;35415;1.501
1136;31477;1.510
1103;15695;1.511
15703;28878;1.473
31172;60341;1.512
44953;59542;1.483
28685;39647;1.526
39637;61200;1.502
41887;58206;1.336
16265;199636;1.525
48056;8918;1.505
57866;60144;1.338
28685;34430;1.382
15703;39309;1.521
30925;41887;1.462
31172;43293;1.531
58291;59554;1.434
12859;20562;1.450
49981;9143;1.514
1101;50655;1.424
200020;29073;1.514
1136;57172;1.503
13127;47601;1.481
21155;286;1.534
197731;50655;1.411
47601;57866;1.413
35415;57866;1.479
38930;8455;1.495
51430;60341;1.452
50266;50673;1.511
30925;35260;1.489
39647;57866;1.489
50655;5390;1.508
15703;61200;1.506
15670;61161;0.923
25459;60341;1.426
1101;24875;1.479
24785;3265;1.526
21155;34305;1.505
197731;24875;1.498
15695;35260;1.506
3300;58206;1.428
23649;31251;1.239
49549;51942;1.373
49981;59554;1.492
25459;43293;1.485
1103;50673;1.505
38930;8918;1.513
24753;33915;1.516
31251;31477;1.483
3265;3300;1.505
15695;8954;1.522
199636;60632;1.480
61029;61349;1.482
23649;49549;1.293
16265;3333;1.531
20562;61161;1.354
31477;50673;1.513
28685;44953;1.521
15426;38930;1.458
44953;59554;1.530
20847;23649;1.473
5390;57172;1.506
200020;51430;1.460
20847;9193;1.514
1126;50554;1.505
25525;33915;1.499
8455;9193;1.497
24753;5580;1.526
200020;286;1.528
3265;50266;1.511
24753;5583;1.514
34430;39704;1.470
41095;51646;1.529
47601;57872;1.308
47869;50655;1.498
35415;57872;1.425
1101;15695;1.480
15426;51646;1.480
20495;58291;1.532
31251;39704;1.454
39637;48056;1.507
13169;31251;1.366
39647;57872;1.482
24753;47869;1.526
48635;51942;1.412
35332;47886;1.534
41887;59542;1.457
41038;47601;1.365
47886;5580;1.513
47886;5583;1.513
35260;60341;1.423
1136;61161;1.427
29396;5580;1.534
24875;50673;1.520
29396;5583;1.522
25525;47869;1.516
43293;60144;1.488
12859;197731;1.479
34430;57172;1.419
35260;43293;1.515
50673;58291;1.523
15703;48056;1.517
29396;51430;1.505
20969;286;1.530
15670;47601;1.171
31251;57172;1.418
15703;200020;1.491
24730;50655;1.490
5583;9193;1.519
51942;8954;1.506
3300;59542;1.411
1101;50673;1.475
20969;21155;1.512
21392;38930;1.460
30870;41038;1.418
286;41095;1.540
197731;50673;1.499
35467;57795;1.336
24785;28685;1.531
286;9193;1.533
200020;60632;1.486
16243;21392;1.491
20495;34305;1.513
34305;58206;1.475
20562;47601;1.440
1126;24785;1.524
24730;286;1.535
5390;61161;1.464
33915;50266;1.504
21392;51646;1.482
3333;49549;1.473
20969;48635;1.498
41887;59554;1.511
13169;49549;1.391
23649;58291;1.426
20847;28878;1.504
39309;58206;1.456
31172;38930;1.526
3265;41095;1.532
20969;61349;1.536
12989;30925;1.531
34305;59542;1.477
5524;60632;1.503
29073;43366;1.538
1103;35332;1.522
1136;47601;1.479
29396;60632;1.513
3300;59554;1.488
31172;51646;1.504
47869;50673;1.508
24730;24875;1.504
15695;39637;1.521
34430;61161;0.923
51646;57043;1.459
20847;61200;1.500
35332;50554;1.473
12989;21286;1.532
31477;35332;1.536
39572;39704;1.467
25459;38930;1.463
24753;47886;1.497
57866;60632;1.471
28878;57043;1.470
31251;61161;0.975
13127;60341;1.515
61200;8954;1.490
49549;5390;1.492
1126;28685;1.529
24785;8954;1.524
51430;51646;1.494
20847;35415;1.510
15670;5390;1.483
1101;35332;1.474
15703;199636;1.450
51942;61349;1.441
13127;43293;1.496
25525;47886;1.488
25459;51646;1.506
28878;5524;1.478
39637;48539;1.520
51646;61029;1.483
3265;3333;1.513
20847;39309;1.504
43293;51430;1.499
30925;39637;1.483
48056;8954;1.497
1103;200020;1.495
28878;61029;1.477
12859;50266;1.514
16265;30925;1.526
42755;57172;1.476
24753;286;1.533
24730;50673;1.509
39572;57172;1.446
34305;59554;1.535
31477;3300;1.503
39704;60144;1.456
24875;35332;1.539
30925;34430;1.470
60632;61161;1.317
12871;30925;1.498
15695;39647;1.532
3333;58291;1.531
8954;9193;1.509
60632;9143;1.508
13169;58291;1.487
33915;41095;1.528
12989;60144;1.527
3300;5580;1.527
38930;60144;1.436
15703;48539;1.527
3300;5583;1.514
24785;57043;1.483
39309;59542;1.482
12989;39572;1.529
16265;21286;1.523
15695;34430;1.487
57172;9193;1.499
16265;60144;1.517
57043;61349;1.489
16265;39572;1.520
23649;34305;1.482
25459;5390;1.486
48056;61200;1.489
12871;21286;1.519
197731;35332;1.510
12871;60144;1.499
50673;5580;1.530
50673;5583;1.520
12871;39572;1.509
38930;8954;1.503
20969;25525;1.500
39309;8455;1.513
199636;42755;1.514
41038;60341;1.421
35260;51646;1.489
24785;61029;1.498
15703;35467;1.494
31251;47601;1.240
30925;39647;1.498
199636;51942;1.457
48539;57795;1.397
49549;50655;1.364
41038;43293;1.498
30925;44953;1.506
20969;49981;1.463
43293;60632;1.482
1103;31477;1.509
49981;9193;1.490
199636;20495;1.508
24753;50554;1.467
39309;8918;1.511
15695;44953;1.532
3333;34305;1.518
15670;60341;1.388
13169;34305;1.494
38930;39572;1.445
286;35415;1.532
286;28878;1.535
50655;8455;1.486
39309;59554;1.530
42755;61161;1.297
35260;38930;1.472
39572;61161;1.196
15670;43293;1.462
30870;50266;1.470
25525;50554;1.431
12989;29073;1.538
286;39309;1.534
44953;49549;1.494
1103;199636;1.396
20847;48056;1.507
34430;47601;1.171
20562;60341;1.493
1126;57043;1.498
16243;41038;1.487
12859;41095;1.526
1103;39704;1.488
59542;60144;1.322
48635;50655;1.447
21155;30925;1.509
50655;8918;1.496
12871;29073;1.509
20562;43293;1.491
47601;47869;1.479
35415;47869;1.511
286;61200;1.527
28878;41887;1.488
61161;61349;1.440
24785;41887;1.519
31477;39704;1.499
50266;57172;1.489
21155;5524;1.510
39647;47869;1.515
25525;5390;1.516
16243;20562;1.509
29073;57795;1.501
24875;31477;1.516
28878;35260;1.506
21155;21286;1.511
28685;41038;1.460
1126;61029;1.498
39704;51430;1.498
21155;60144;1.497
1101;39704;1.470
12859;13127;1.519
200020;42755;1.497
21155;39572;1.511
1103;57172;1.491
13127;38930;1.520
24730;35332;1.529
12989;51430;1.533
8918;8954;1.514
38930;51430;1.499
1136;60341;1.510
200020;51942;1.486
16265;51430;1.522
24753;24785;1.516
1101;31477;1.496
16265;29073;1.531
31477;57172;1.489
1136;43293;1.513
199636;20969;1.501
200020;20495;1.511
24875;39704;1.518
12871;51430;1.508
13127;51646;1.505
21286;31172;1.489
20969;57866;1.464
3265;35415;1.511
1101;57172;1.425
35467;58206;1.294
1103;61161;1.370
39572;47601;1.346
49549;50673;1.485
49981;58291;1.487
15426;5524;1.470
31477;3333;1.508
24785;35260;1.499
3265;39309;1.523
12859;23649;1.464
29396;42755;1.534
35332;5390;1.537
41887;49549;1.386
197731;39704;1.492
5390;60341;1.495
1126;41887;1.516
29396;51942;1.529
286;48056;1.534
44953;58291;1.521
24875;57172;1.501
50266;61161;1.440
21155;29073;1.505
3265;61200;1.512
39704;60632;1.488
197731;31477;1.487
35467;59542;1.345
49549;8455;1.467
51942;57866;1.460
20495;30925;1.502
24730;5390;1.508
12989;60632;1.532
15670;8455;1.453
38930;60632;1.501
24753;28685;1.491
25459;286;1.535
20969;57872;1.474
47886;50554;1.437
48635;50673;1.495
58206;8455;1.450
16265;60632;1.524
3300;49549;1.445
42755;47601;1.356
47601;47886;1.447
197731;57172;1.446
35415;47886;1.484
24875;61161;1.471
35332;57043;1.484
12871;60632;1.509
20495;21286;1.511
49549;8918;1.488
39647;47886;1.522
39637;43366;1.538
15695;21392;1.479
25525;28685;1.500
31477;61161;1.436
20495;60144;1.471
34430;60341;1.388
15703;16243;1.514
20847;48539;1.502
41038;51646;1.488
15670;8918;1.479
200020;20969;1.433
30870;41095;1.524
15670;38930;1.457
58206;8918;1.478
31251;60341;1.424
34430;43293;1.462
33915;35415;1.497
1101;61161;0.923
21155;51430;1.508
57872;61200;1.426
30870;5524;1.468
48056;48539;1.466
31251;43293;1.476
5580;5583;1.527
1126;35260;1.520
199636;50655;1.477
35332;61029;1.474
15703;43366;1.544
15670;51646;1.471
51942;57872;1.340
33915;39309;1.471
20562;38930;1.504
35467;59554;1.468
20847;35467;1.473
58206;59542;1.322
47869;57172;1.500
23649;30925;1.473
12859;35415;1.505
12859;28878;1.473
3265;48056;1.513
41887;58291;1.498
24753;57043;1.468
57172;61200;1.454
33915;61200;1.462
20562;51646;1.496
24730;39704;1.493
20495;39572;1.485
16243;50266;1.508
200020;9143;1.504
20969;5390;1.497
59542;60632;1.409
39309;8954;1.514
57043;57866;1.374
197731;61161;1.299
60632;9193;1.496
24730;31477;1.500
43293;51942;1.497
1103;47601;1.453
50673;60144;1.473
20562;9143;1.522
24753;61029;1.482
12859;61200;1.503
25459;8455;1.490
15703;25459;1.508
3300;58291;1.491
31477;47601;1.480
35332;41887;1.524
60341;60632;1.458
34305;49549;1.486
21155;60632;1.511
13127;286;1.536
24730;57172;1.495
199636;24875;1.515
47601;50554;1.217
48539;58206;1.403
1136;51646;1.505
35415;50554;1.411
20969;30870;1.476
58206;59554;1.445
28878;39637;1.490
28878;5580;1.530
50655;8954;1.478
24785;39637;1.519
286;48539;1.546
28878;5583;1.522
25525;61029;1.470
39647;50554;1.483
59554;61200;1.477
15670;3265;1.473
25459;8918;1.508
200020;50655;1.473
28878;34430;1.471
12859;39309;1.513
39309;49549;1.490
25525;8455;1.504
15703;16265;1.529
25525;57043;1.403
29073;29396;1.495
15695;15703;1.513
20495;29073;1.484
23649;60144;1.275
57043;57872;1.239
1136;38930;1.516
42755;60341;1.472
200020;24875;1.515
39572;60341;1.356
23649;39572;1.366
47869;61161;1.459
15695;5524;1.519
24875;47601;1.483
12859;13169;1.491
48539;59542;1.380
33915;48056;1.492
286;35467;1.521
42755;43293;1.523
199636;50673;1.501
39572;43293;1.501
28685;50266;1.505
50554;61349;1.476
15695;41038;1.501
13169;30925;1.489
25525;8918;1.493
3300;34305;1.506
1101;47601;1.202
28878;39647;1.508
24785;39647;1.525
29396;50655;1.512
29073;58206;1.489
21286;48635;1.452
197731;47601;1.390
13127;5390;1.514
28878;44953;1.514
28685;3300;1.484
12859;48056;1.513
5583;57172;1.506
24785;34430;1.490
13169;21286;1.409
3333;60144;1.464
12989;5390;1.534
13169;60144;1.373
39637;57795;1.447
3333;39572;1.476
13169;39572;1.425
20495;51430;1.506
24730;61161;1.449
1126;39637;1.516
31251;38930;1.475
21286;61349;1.521
30925;41038;1.486
35332;8455;1.516
34430;51646;1.471
30870;35415;1.460
24875;286;1.536
34305;58291;1.525
3265;48539;1.511
48539;59554;1.432
20495;60632;1.520
29073;5390;1.518
24753;41887;1.516
23649;29073;1.500
31251;51646;1.471
47886;57043;1.454
39704;42755;1.513
15703;57795;1.439
30870;39309;1.457
50673;51430;1.493
51942;5524;1.488
35332;8918;1.538
12989;42755;1.554
24730;8455;1.516
39704;51942;1.504
24753;35260;1.504
16243;41095;1.532
25459;3265;1.510
49549;57172;1.439
25525;41887;1.507
39309;58291;1.530
20969;33915;1.441
50554;5390;1.490
24785;44953;1.522
16265;42755;1.548
15695;20562;1.507
34430;38930;1.457
12989;51942;1.548
38930;51942;1.515
30870;61200;1.433
200020;50673;1.492
15426;31172;1.495
3265;35467;1.498
49549;8954;1.470
21155;5580;1.520
16265;51942;1.539
25525;35260;1.486
12871;42755;1.528
47886;61029;1.482
21155;5583;1.513
12989;20495;1.537
15670;8954;1.465
1126;39647;1.510
24730;8918;1.514
58206;8954;1.462
12871;51942;1.519
16265;20495;1.531
24785;5524;1.519
28685;41095;1.551
1126;34430;1.496
13169;29073;1.513
50266;60341;1.507
41887;5390;1.483
20847;43366;1.536
23649;51430;1.442
5583;61161;1.481
29073;59542;1.501
25525;3265;1.510
12871;20495;1.506
20969;47869;1.475
20969;24730;1.508
48635;57172;1.469
48056;5524;1.491
24730;47601;1.477
38930;42755;1.529
1103;60341;1.492
34305;5390;1.507
29396;50673;1.507
43293;50655;1.491
33915;48539;1.497
1103;43293;1.505
199636;35332;1.515
50673;60632;1.502
31477;60341;1.505
197731;5390;1.509
21286;25525;1.486
5580;57172;1.522
31477;43293;1.497
15426;5580;1.529
3333;51430;1.508
15426;5583;1.520
16243;23649;1.482
58291;8455;1.518
13169;51430;1.484
1126;44953;1.518
1101;60341;1.418
21392;31172;1.475
49549;61161;1.075
20847;25459;1.452
38930;5524;1.513
30870;48056;1.454
1101;43293;1.471
12859;48539;1.526
21286;49981;1.475
33915;35467;1.442
35332;39637;1.533
43366;61349;1.486
29073;59554;1.539
200020;35332;1.529
42755;51646;1.511
12989;20969;1.535
12989;286;1.541
39572;51646;1.475
58291;8918;1.530
23649;60632;1.405
24875;60341;1.514
21155;42755;1.533
16265;20969;1.525
12871;5390;1.507
49981;60144;1.348
24875;43293;1.506
21155;51942;1.514
12871;20969;1.515
25459;8954;1.483
1103;3300;1.466
28685;3333;1.522
12859;35467;1.496
24730;3265;1.523
48635;61161;1.265
43366;48635;1.522
35415;61029;1.453
286;43366;1.560
44953;60144;1.498
200020;9193;1.498
20969;8455;1.508
197731;60341;1.462
199636;5390;1.507
39647;61029;1.483
58291;60144;1.412
35467;49549;1.268
197731;43293;1.500
47601;57043;1.250
12989;15670;1.526
35415;57043;1.421
3333;60632;1.502
13169;60632;1.465
25459;31172;1.513
30870;5580;1.524
35332;39647;1.539
20969;47886;1.507
50554;57866;1.395
30870;5583;1.506
57795;58206;1.302
5580;61161;1.505
39647;57043;1.462
20562;9193;1.486
25525;8954;1.513
20969;24753;1.522
20969;8918;1.518
20495;5390;1.518
12871;15670;1.493
43293;50673;1.504
15695;50266;1.524
16243;35415;1.513
47601;61029;1.248
16243;28878;1.504
12989;8455;1.525
16243;39309;1.503
21286;57866;1.461
47869;60341;1.468
39704;50655;1.501
29396;35332;1.545
24753;39637;1.513
20847;57795;1.468
12989;50655;1.531
50554;57872;1.100
28685;28878;1.522
35332;44953;1.531
199636;39704;1.478
16265;50655;1.525
1136;200020;1.514
30925;50266;1.499
16243;61200;1.499
12989;8918;1.535
24753;34430;1.463
50266;51646;1.483
1103;38930;1.505
15703;5390;1.521
35415;5390;1.519
15703;29396;1.523
15426;21155;1.505
3265;43366;1.538
25525;39637;1.511
43366;49981;1.520
20495;51942;1.521
35332;8954;1.529
48056;57795;1.460
12871;50655;1.507
12989;24875;1.533
39637;58206;1.473
31477;38930;1.514
199636;31477;1.500
30870;48539;1.412
13127;8455;1.521
41095;48635;1.527
21392;9143;1.502
35467;58291;1.433
49981;51430;1.442
1103;51646;1.496
24730;60341;1.508
1126;21392;1.496
35415;41887;1.508
12871;24875;1.516
15426;48635;1.469
57795;59542;1.155
21286;57872;1.413
24730;43293;1.472
39647;41887;1.497
199636;57172;1.483
24730;8954;1.508
31477;51646;1.489
58206;58291;1.412
41095;61349;1.552
44953;51430;1.511
15703;58206;1.480
13127;8918;1.518
20969;50554;1.475
38930;50655;1.478
28685;35415;1.507
3300;60144;1.427
24753;39647;1.513
15695;5580;1.535
39647;9143;1.525
15426;61349;1.522
3300;39572;1.446
20495;42755;1.531
20969;3265;1.521
15695;5583;1.528
200020;31477;1.507
30870;35467;1.406
24753;44953;1.510
29073;8455;1.523
1101;51646;1.472
12989;15695;1.540
28685;39309;1.527
24875;38930;1.519
15695;41095;1.537
41887;60144;1.336
25525;39647;1.515
16265;24875;1.521
25525;44953;1.516
41038;5390;1.500
25525;34430;1.443
12871;15695;1.532
60144;61029;1.283
50554;8455;1.375
34305;8455;1.512
29073;8918;1.521
16243;48056;1.502
28685;61200;1.478
24875;51646;1.498
12859;9143;1.520
197731;8455;1.469
200020;39704;1.484
48539;49549;1.417
1101;38930;1.477
1103;3333;1.475
286;57795;1.520
39637;9143;1.522
197731;38930;1.474
33915;43366;1.535
50673;51942;1.509
57795;59554;1.439
28878;41038;1.482
24785;41038;1.488
1136;199636;1.486
39704;50673;1.495
12859;16243;1.514
1136;286;1.532
21286;9143;1.519
49981;60632;1.487
5583;60341;1.513
21392;48635;1.361
50554;8918;1.467
30925;41095;1.534
34305;8918;1.509
41887;8455;1.489
39637;59542;1.469
20495;20969;1.513
31172;61349;1.494
21155;50655;1.508
12989;3265;1.539
12989;50673;1.537
43366;57866;1.536
197731;8918;1.476
197731;51646;1.456
13127;31172;1.540
16265;50673;1.524
44953;60632;1.494
21392;61349;1.492
58291;8954;1.506
199636;61161;1.339
58291;60632;1.470
12859;43366;1.547
200020;57172;1.487
51942;5580;1.535
20969;24785;1.513
23649;42755;1.431
21155;24875;1.499
51942;5583;1.518
12871;50673;1.514
50655;61200;1.470
51430;61349;1.508
41887;8918;1.509
12871;8455;1.519
15703;59542;1.469
29073;31251;1.501
29396;39704;1.490
23649;51942;1.339
39309;5524;1.481
31172;48635;1.496
15695;23649;1.484
21286;30870;1.470
49549;60341;1.378
31172;3300;1.500
13127;3265;1.516
1126;15703;1.527
34305;60144;1.475
29073;49549;1.494
29396;31477;1.493
200020;61161;1.375
34305;39572;1.488
15426;25525;1.496
24785;5580;1.527
12871;8918;1.516
24785;5583;1.523
38930;50673;1.517
43366;57872;1.509
28685;48056;1.471
39637;59554;1.530
5524;57172;1.480
47869;51646;1.517
60341;8455;1.496
3333;42755;1.531
13169;42755;1.488
25459;48635;1.467
3300;51430;1.487
41095;49981;1.526
50655;5524;1.492
1126;41038;1.509
29396;57172;1.499
20847;29396;1.493
39309;60144;1.456
20969;8954;1.491
15426;49981;1.404
12859;25459;1.495
3333;51942;1.501
48056;5580;1.525
39309;39572;1.466
13127;200020;1.518
13169;51942;1.449
3265;57795;1.470
48056;5583;1.514
29073;3265;1.525
41887;51430;1.464
48539;58291;1.325
25459;61349;1.521
20969;28685;1.510
13169;20495;1.505
48635;60341;1.469
15703;59554;1.532
12989;35332;1.555
24753;9143;1.521
60341;8918;1.511
199636;47601;1.443
199636;8455;1.405
20847;58206;1.444
24730;51646;1.493
197731;3265;1.504
12859;16265;1.524
15670;31172;1.458
21155;50673;1.506
5580;60341;1.524
38930;5580;1.533
47886;9143;1.521
16243;48539;1.514
38930;5583;1.528
21392;25525;1.439
29396;9143;1.512
12989;8954;1.533
31172;49981;1.494
199636;8918;1.489
35260;48635;1.471
199636;286;1.530
20495;8455;1.513
20562;31172;1.503
15703;8455;1.471
3300;60632;1.464
15695;28878;1.510
24730;38930;1.519
1126;20562;1.519
21392;49981;1.429
35415;39637;1.512
29073;58291;1.536
5524;61161;1.371
16265;35332;1.554
29396;61161;1.470
35260;61349;1.534
16243;35467;1.481
41887;60632;1.482
20495;50655;1.516
12871;3265;1.522
30870;43366;1.506
20495;8918;1.514
33915;57795;1.436
12871;35332;1.533
15703;8918;1.519
21286;33915;1.471
41095;57866;1.532
57866;61161;1.328
34305;51430;1.494
30925;5390;1.486
13127;8954;1.517
13169;20969;1.497
15426;57866;1.404
51430;5390;1.503
13127;199636;1.506
20495;24875;1.516
48056;58206;1.454
1136;31172;1.524
30925;35415;1.512
43293;57172;1.496
35415;8455;1.494
200020;47601;1.431
12859;57795;1.415
15695;35415;1.497
25459;25525;1.510
39309;51430;1.503
20847;59542;1.471
35332;41038;1.508
21286;47869;1.506
41038;8455;1.479
28685;48539;1.326
35415;39647;1.519
15695;39309;1.531
29073;8954;1.516
21392;9193;1.432
35415;44953;1.519
20969;57043;1.441
57172;57795;1.416
25459;49981;1.451
35415;8918;1.510
30925;61200;1.490
13127;21155;1.522
39647;44953;1.516
13169;15670;1.400
41095;57872;1.521
286;29396;1.534
31172;3333;1.515
50554;8954;1.484
15426;57872;1.427
41038;8918;1.489
15695;61200;1.505
34305;8954;1.519
23649;50655;1.417
28878;50266;1.512
49549;51646;1.479
24785;50266;1.505
199636;3265;1.494
39647;9193;1.521
197731;8954;1.484
28685;35467;1.436
49981;51942;1.465
29396;47601;1.486
13127;48635;1.499
20969;61029;1.449
21392;57866;1.417
34305;60632;1.502
30925;39309;1.499
49549;5524;1.476
23649;24875;1.488
15670;5524;1.455
44953;51942;1.500
41887;8954;1.485
21155;35332;1.540
21286;24730;1.514
20847;59554;1.528
51942;57043;1.333
286;58206;1.519
29073;34305;1.514
12989;31477;1.536
13127;61349;1.542
20495;3265;1.523
15703;3265;1.512
43293;61161;1.436
39309;60632;1.515
48056;59542;1.455
12859;9193;1.503
20495;50673;1.514
12859;15426;1.473
3333;50655;1.491
13169;50655;1.469
48635;51646;1.492
39637;9193;1.518
12871;31477;1.504
31172;57866;1.492
35260;49981;1.467
12871;8954;1.511
21286;9193;1.495
41038;61349;1.508
51942;61029;1.220
12989;39704;1.531
199636;60341;1.491
13169;24875;1.504
50673;9143;1.513
21392;57872;1.252
30925;48056;1.498
16265;39704;1.526
12859;12871;1.525
20969;41887;1.437
51430;57866;1.471
25459;5524;1.503
199636;43293;1.498
24753;41038;1.493
15695;48056;1.525
35467;60144;1.293
1126;50266;1.511
12871;39704;1.498
25459;57866;1.410
35467;39572;1.371
21286;47886;1.498
16265;31477;1.532
41038;48635;1.449
60341;8954;1.475
39704;57172;1.487
15670;21155;1.492
58206;60144;0.923
15426;200020;1.422
25525;41038;1.475
48056;59554;1.488
3300;9143;1.521
12989;57172;1.531
39637;49549;1.493
57043;61029;1.274
38930;57172;1.496
30870;57795;1.360
28878;41095;1.527
31172;57872;1.468
24785;41095;1.538
16265;57172;1.523
13169;15695;1.501
15426;30870;1.437
15703;31251;1.439
15670;48635;1.384
20562;21155;1.496
23649;50673;1.480
286;59542;1.519
38930;39704;1.512
3265;58206;1.477
12871;57172;1.504
43293;47601;1.476
57795;58291;1.406
51430;57872;1.449
20495;35332;1.540
15703;49549;1.488
199636;8954;1.508
12989;61161;1.519
15670;61349;1.482
16243;43366;1.534
13127;25525;1.517
20562;48635;1.385
25459;57872;1.450
20969;35260;1.465
3300;42755;1.490
21155;31477;1.502
21286;24753;1.507
35260;57866;1.442
39309;5580;1.532
24753;9193;1.497
200020;60341;1.379
3300;51942;1.458
39309;5583;1.515
43366;47869;1.547
20562;61349;1.511
41887;42755;1.499
20495;8954;1.517
1136;21155;1.520
13127;49981;1.508
3333;50673;1.519
13169;50673;1.492
200020;43293;1.507
15703;8954;1.511
25525;5524;1.510
41887;51942;1.451
57872;58206;1.237
39704;61161;1.430
16243;16265;1.525
21155;39704;1.509
286;59554;1.548
51430;8455;1.499
47886;9193;1.480
1136;48635;1.488
21392;30870;1.399
50655;5580;1.524
1126;41095;1.532
38930;61161;1.431
41038;49981;1.437
50655;5583;1.514
29396;9193;1.522
21286;50554;1.405
16265;61161;1.504
16243;25459;1.450
15426;199636;1.458
12859;29396;1.526
5524;60341;1.497
29396;60341;1.500
39637;58291;1.525
1136;61349;1.536
33915;58206;1.336
57172;58206;1.421
23649;35332;1.492
12871;61161;1.481
35467;51430;1.441
51430;8918;1.507
35260;57872;1.424
3265;59542;1.455
57872;59542;1.236
30925;48539;1.511
29396;43293;1.505
21155;57172;1.505
35332;50266;1.523
35415;8954;1.511
28685;43366;1.491
57866;60341;1.422
20847;3300;1.505
15695;48539;1.533
44953;50655;1.494
30925;8455;1.492
41038;8954;1.487
35332;5524;1.527
15703;58291;1.526
15426;33915;1.338
12859;58206;1.460
16243;5390;1.489
15670;25525;1.443
48539;60144;1.403
30925;35467;1.480
34305;42755;1.523
61161;8455;1.375
5390;61349;1.542
30925;8918;1.512
25459;30870;1.470
199636;51646;1.486
15695;35467;1.489
1103;31172;1.505
24730;5524;1.500
34305;51942;1.511
13127;57866;1.516
49981;50655;1.462
41095;47869;1.537
39704;47601;1.473
15670;49981;1.402
20562;25525;1.500
1126;23649;1.501
43366;47886;1.537
15426;20847;1.465
1126;13127;1.514
3265;59554;1.532
57872;59554;1.455
15426;47869;1.473
59542;61161;0.923
39309;42755;1.528
61161;8918;1.447
15426;24730;1.495
12989;47601;1.525
34430;48635;1.384
35467;60632;1.425
16265;47601;1.515
20847;31251;1.468
29073;30925;1.510
39309;51942;1.520
199636;38930;1.498
5580;9143;1.533
31251;48635;1.350
20562;49981;1.482
28878;35415;1.503
15703;34305;1.503
286;3300;1.525
58206;60632;1.403
12871;47601;1.498
24785;28878;1.516
33915;59542;1.441
57172;59542;1.420
20969;39637;1.508
34430;61349;1.482
60341;61161;1.261
21155;61161;1.468
20495;31477;1.464
3333;35332;1.538
13169;35332;1.519
21392;33915;1.449
29073;60144;1.489
31251;61349;1.476
1136;25525;1.515
16243;57795;1.479
24875;31172;1.534
13127;57872;1.497
51646;61200;1.484
43293;60341;1.506
35332;41095;1.555
20495;57172;1.497
200020;38930;1.479
21286;24785;1.492
24753;50266;1.504
28878;61200;1.504
12859;59542;1.455
38930;47601;1.464
1136;49981;1.478
20495;39704;1.502
41038;57866;1.431
16243;197731;1.498
1101;31172;1.451
21392;47869;1.486
31172;33915;1.497
35415;41038;1.464
44953;50673;1.523
200020;51646;1.507
25525;50266;1.507
21392;24730;1.484
24785;35415;1.508
20969;5524;1.512
39647;41038;1.495
60632;61349;1.523
20847;49549;1.475
3300;50655;1.462
33915;59554;1.495
57172;59554;1.480
20969;39647;1.508
28878;39309;1.506
24785;39309;1.525
30925;3265;1.519
50673;9193;1.514
20969;34430;1.452
15670;57866;1.399
29073;39572;1.500
49549;5580;1.517
28878;9143;1.521
48539;51430;1.456
49549;5583;1.507
1126;28878;1.514
48056;49549;1.477
41887;50655;1.435
15670;5580;1.515
25459;33915;1.347
15670;5583;1.493
23649;31477;1.494
43366;50554;1.501
30870;58206;1.320
49981;50673;1.499
41095;47886;1.523
24785;61200;1.493
31172;47869;1.532
15426;47886;1.505
12859;59554;1.520
20562;57866;1.482
21155;47601;1.487
15695;16243;1.527
21286;28685;1.492
29396;51646;1.507
28685;57795;1.401
15426;24753;1.515
3300;9193;1.494
1136;5390;1.525
41038;57872;1.366
197731;31172;1.451
20847;3333;1.517
20847;58291;1.505
50673;57172;1.500
20495;61161;1.453
42755;48635;1.496
13169;5390;1.506
39572;48635;1.435
28878;48056;1.516
57872;9143;1.498
23649;39704;1.473
25459;47869;1.479
20969;44953;1.523
15670;57872;1.302
13169;31477;1.501
1126;35415;1.510
29396;38930;1.508
25459;5580;1.532
42755;61349;1.487
50554;57043;1.236
39572;61349;1.515
25459;5583;1.519
34430;49981;1.402
24753;41095;1.528
13127;30870;1.505
1136;57866;1.501
286;31251;1.520
50673;61161;1.443
1126;39309;1.510
1126;5390;1.512
51430;8954;1.471
31251;49981;1.421
50655;57795;1.427
48539;60632;1.450
20562;57872;1.412
13127;5524;1.510
23649;57172;1.448
25525;41095;1.531
286;49549;1.523
12989;5524;1.532
3333;39704;1.505
13169;39704;1.489
50554;61029;1.281
21392;47886;1.435
30925;43366;1.534
39704;60341;1.485
1126;61200;1.513
34305;50655;1.510
24785;48056;1.519
12989;200020;1.533
21286;57043;1.420
21392;24753;1.454
12989;60341;1.531
39704;43293;1.493
30870;59542;1.333
38930;60341;1.474
15695;43366;1.550
286;3333;1.535
3300;50673;1.503
48056;58291;1.467
16265;60341;1.524
47886;50266;1.507
16243;8455;1.511
12989;43293;1.533
44953;5390;1.513
23649;61161;0.923
29073;5524;1.508
38930;43293;1.520
5390;57866;1.496
16265;43293;1.527
29073;51430;1.507
39309;50655;1.511
41095;50554;1.520
12871;60341;1.514
30925;8954;1.514
1136;57872;1.472
41887;50673;1.495
3333;57172;1.500
13169;57172;1.459
15426;50554;1.431
21286;61029;1.449
31172;47886;1.518
12871;43293;1.495
21155;9143;1.525
5390;8455;1.516
57866;8455;1.463
50554;5524;1.432
24730;31172;1.532
16243;8918;1.520
61161;8954;1.448
29073;60632;1.520
1126;13169;1.511
43293;51646;1.496
15695;16265;1.532
1103;61349;1.523
20847;34305;1.495
35467;42755;1.437
25525;5580;1.525
25525;5583;1.515
57795;60144;1.302
1103;21155;1.515
35467;51942;1.409
5390;8918;1.520
57866;8918;1.496
34430;57866;1.399
15695;25459;1.520
25459;47886;1.515
30870;59554;1.465
41887;5524;1.501
5524;8455;1.479
60144;8455;1.450
35260;47869;1.477
5390;57872;1.490
15670;30870;1.333
31251;57866;1.399
1126;48056;1.512
3265;49549;1.493
50266;61349;1.517
1103;48635;1.447
20495;47601;1.491
16243;29396;1.490
13127;33915;1.514
28878;48539;1.528
286;58291;1.548
1101;21155;1.478
59542;60341;1.420
42755;49981;1.494
34305;5524;1.515
35332;35415;1.529
39572;49981;1.387
5524;8918;1.498
60144;8918;1.478
31477;48635;1.514
20562;30870;1.492
15426;9143;1.510
12989;199636;1.528
197731;5524;1.455
21392;50554;1.209
35332;39309;1.538
24875;61349;1.536
15426;24785;1.516
1101;48635;1.306
34305;50673;1.452
3333;61161;1.426
20969;21392;1.477
28685;29396;1.533
13169;61161;1.297
23649;5390;1.494
31477;61349;1.540
35332;5580;1.551
21155;60341;1.510
5580;9193;1.527
34430;57872;1.302
35332;5583;1.538
43293;5390;1.509
57043;9143;1.496
16243;58206;1.446
28878;35467;1.499
47601;50266;1.472
13127;20847;1.518
35415;50266;1.508
13127;47869;1.528
35332;61200;1.512
13127;24730;1.504
21155;43293;1.497
31251;57872;1.121
39637;60144;1.473
43366;57043;1.502
1101;61349;1.462
39647;50266;1.503
15703;30925;1.512
39309;50673;1.513
24875;48635;1.494
31172;50554;1.456
1136;30870;1.491
24785;48539;1.527
24730;5580;1.527
16243;3265;1.521
197731;21155;1.500
24730;5583;1.510
21286;41887;1.482
286;34305;1.528
12871;5524;1.506
3300;35332;1.525
24753;35415;1.488
24753;28878;1.515
23649;47601;1.248
15703;21286;1.507
21286;35260;1.465
15703;60144;1.479
24875;5390;1.522
43366;61029;1.490
33915;49549;1.395
15703;39572;1.492
25525;35415;1.484
197731;48635;1.411
25525;28878;1.512
30925;57795;1.454
25459;50554;1.447
199636;5524;1.456
12989;38930;1.533
24785;35467;1.487
35467;5390;1.496
13169;8455;1.479
21392;24785;1.482
12859;31251;1.415
3265;58291;1.516
15695;57795;1.480
39704;51646;1.497
24753;61200;1.499
35260;47886;1.500
197731;61349;1.505
42755;57866;1.483
15670;33915;1.401
12871;38930;1.523
49981;57172;1.464
39572;57866;1.365
12989;51646;1.534
12859;49549;1.480
38930;51646;1.511
28878;9193;1.490
20495;5524;1.494
16265;51646;1.525
3333;47601;1.478
13169;47601;1.409
25525;61200;1.492
28685;58206;1.409
13169;8918;1.478
41038;47869;1.479
44953;57172;1.501
1126;8455;1.522
1103;25525;1.498
35332;48056;1.516
16243;59542;1.482
12871;51646;1.505
24753;39309;1.513
20562;33915;1.481
1126;48539;1.529
1136;8455;1.489
20495;60341;1.511
48539;51942;1.277
47869;48635;1.502
30870;9143;1.511
15670;20847;1.466
35415;41095;1.528
15426;28685;1.495
15670;47869;1.480
20969;5580;1.533
1103;49981;1.470
16265;38930;1.527
15670;24730;1.473
25525;39309;1.514
20969;5583;1.524
20495;43293;1.500
57872;58291;1.434
1126;8918;1.519
39647;41095;1.532
1101;25525;1.433
57872;9193;1.449
3265;34305;1.520
13127;47886;1.517
28685;59542;1.392
31477;49981;1.450
47601;5390;1.487
58291;61161;1.287
42755;57872;1.442
47869;61349;1.545
1136;8918;1.509
39572;57872;1.351
13127;24753;1.511
50655;58206;1.405
20562;20847;1.510
34305;35332;1.539
20562;47869;1.516
1126;35467;1.506
39637;51430;1.500
57795;60632;1.398
20562;24730;1.490
15703;5524;1.485
35415;5524;1.506
1136;33915;1.498
20969;41038;1.471
1101;49981;1.438
35467;50655;1.419
33915;58291;1.502
57172;58291;1.474
24875;25525;1.515
24753;48056;1.477
16243;8954;1.508
16243;59554;1.531
24730;48635;1.483
49981;61161;1.277
15703;51430;1.497
15695;9143;1.531
21155;38930;1.523
15703;29073;1.525
24875;49981;1.510
31251;5390;1.490
35260;50554;1.435
24730;61349;1.525
41095;57043;1.522
44953;61161;1.459
5390;8954;1.517
57866;8954;1.490
197731;25525;1.480
12859;58291;1.528
1136;20847;1.521
1136;47869;1.523
21392;28685;1.434
3300;39704;1.499
15426;57043;1.370
28685;59554;1.428
20847;30925;1.464
44953;8455;1.516
50673;60341;1.489
50266;5390;1.518
21155;51646;1.503
50266;57866;1.500
13169;3265;1.504
21286;39637;1.506
197731;49981;1.429
1136;12989;1.534
41038;47886;1.487
30870;31251;1.362
41038;5524;1.478
33915;34305;1.494
41095;61029;1.524
5524;8954;1.494
60144;8954;1.462
21155;9193;1.513
39637;60632;1.501
29073;42755;1.534
44953;8918;1.513
13127;5580;1.530
1103;57866;1.474
15426;61029;1.393
13127;5583;1.515
28878;43366;1.536
47886;61200;1.494
30870;49549;1.408
3300;57172;1.482
12989;5580;1.535
25525;48056;1.510
1126;3265;1.521
29073;51942;1.527
12989;5583;1.535
50655;59542;1.445
16265;197731;1.519
31477;57866;1.488
15670;47886;1.458
13127;50554;1.493
23649;60341;1.401
23649;8455;1.446
1136;3265;1.504
15670;24753;1.463
1136;24730;1.518
35332;48539;1.458
41887;57172;1.492
12859;34305;1.514
51646;5390;1.512
15703;60632;1.506
23649;43293;1.472
51942;9143;1.533
1101;57866;1.417
31251;33915;1.436
50266;57872;1.468
15695;29396;1.529
29073;5580;1.532
5583;61349;1.534
29073;5583;1.518
20562;47886;1.443
21392;57043;1.287
25459;28685;1.491
21286;39647;1.510
47869;49981;1.490
20562;24753;1.505
23649;8918;1.478
35467;50673;1.482
20847;21286;1.496
20847;60144;1.444
44953;47601;1.482
21286;34430;1.427
20847;39572;1.456
41887;61161;1.304
50554;5580;1.514
1103;57872;1.375
35332;35467;1.501
24785;43366;1.547
1126;16243;1.516
24875;57866;1.513
50554;5583;1.498
31172;61029;1.468
15426;9193;1.501
61200;9143;1.513
3333;60341;1.508
13169;60341;1.457
15426;41887;1.353
24785;9143;1.521
31477;57872;1.482
24730;25525;1.516
48056;60144;1.454
50655;59554;1.476
13169;286;1.521
21392;61029;1.322
31251;47869;1.493
3333;43293;1.507
34305;39704;1.494
13169;43293;1.504
43293;8455;1.510
24753;48539;1.488
31172;57043;1.451
51430;61029;1.393
1136;47886;1.500
35467;8455;1.483
48635;5390;1.515
199636;31172;1.498
57043;9193;1.465
41887;5580;1.532
49549;61349;1.501
1101;57872;1.215
47886;48056;1.503
197731;57866;1.430
41887;5583;1.519
24730;49981;1.502
3300;61161;1.350
48539;50655;1.471
13127;24785;1.528
41038;50554;1.380
39309;39704;1.499
51430;57043;1.421
21286;44953;1.516
43293;8918;1.511
13169;8954;1.505
30870;58291;1.415
35467;8918;1.497
41095;41887;1.530
34305;5580;1.529
34305;57172;1.501
25459;57043;1.415
30925;58206;1.456
24875;57872;1.496
34305;5583;1.518
24753;35467;1.477
20495;38930;1.519
34430;47869;1.480
24785;25459;1.522
200020;31172;1.518
35415;61200;1.481
197731;5580;1.520
1103;30870;1.485
197731;5583;1.513
15670;50554;1.236
24875;8455;1.518
286;30925;1.531
20847;29073;1.512
15695;58206;1.489
39647;61200;1.501
48635;61349;1.504
15426;35260;1.463
25525;35467;1.455
21392;41887;1.442
20495;51646;1.496
1126;43366;1.540
1126;8954;1.518
39309;57172;1.491
48056;9143;1.518
197731;57872;1.389
1136;24753;1.518
25459;61029;1.316
47869;57866;1.473
20562;50554;1.412
24875;8918;1.520
1136;8954;1.515
35415;39309;1.518
33915;5390;1.490
286;60144;1.518
47601;8455;1.462
25525;48539;1.496
23649;3265;1.476
286;39572;1.522
5580;61349;1.549
15695;59542;1.484
50673;51646;1.511
12871;5580;1.532
30870;34305;1.484
47601;61200;1.415
12871;5583;1.511
48539;5390;1.521
51646;57795;1.471
31172;41887;1.511
20847;51430;1.492
20969;50266;1.510
24875;30870;1.504
47601;8918;1.489
1126;16265;1.530
28878;57795;1.430
35260;57043;1.417
3300;47601;1.430
38930;9143;1.511
200020;3300;1.494
23649;38930;1.472
31172;35260;1.506
31251;47886;1.437
1136;50554;1.472
30870;9193;1.490
24730;57866;1.507
199636;5580;1.528
39572;47869;1.471
1126;25459;1.516
199636;5583;1.516
48056;51430;1.493
30925;5524;1.497
34305;61161;1.444
41887;47601;1.425
16243;31251;1.479
31251;8455;1.378
51430;5524;1.500
15670;24785;1.490
47869;57872;1.494
1101;30870;1.348
21392;35260;1.440
30925;59542;1.469
25459;41887;1.319
23649;51646;1.485
48539;50673;1.520
35260;61029;1.451
20562;3300;1.466
29073;50655;1.512
16243;49549;1.473
49549;49981;1.410
13127;28685;1.530
20495;5580;1.532
29396;31172;1.541
20495;5583;1.514
39309;61161;1.438
15695;59554;1.536
31251;8918;1.468
20562;24785;1.501
49981;60341;1.440
15703;197731;1.493
28685;31251;1.401
47886;48539;1.511
34430;47886;1.458
44953;8954;1.505
3333;38930;1.502
39637;42755;1.525
13169;38930;1.491
24785;57795;1.481
43366;44953;1.531
3265;60144;1.477
42755;47869;1.533
39637;51942;1.508
44953;60341;1.511
57795;8455;1.376
24730;57872;1.486
3265;39572;1.498
20847;60632;1.489
15695;9193;1.494
58291;60341;1.472
47601;48056;1.443
24875;3265;1.520
35415;48056;1.506
3333;51646;1.502
13169;51646;1.482
197731;30870;1.435
48635;49981;1.471
39647;48056;1.499
15703;42755;1.530
30925;59554;1.524
5583;57866;1.519
21286;21392;1.435
50266;8455;1.508
48056;60632;1.491
35332;43366;1.504
57795;8918;1.468
25459;35260;1.476
15703;51942;1.498
286;51430;1.532
15703;5580;1.527
35415;5580;1.528
286;29073;1.534
15703;5583;1.524
23649;8954;1.483
35415;5583;1.522
60144;61200;1.382
20969;41095;1.532
8918;9143;1.523
15703;20495;1.524
34305;47601;1.479
15426;39637;1.482
13127;57043;1.494
1103;197731;1.459
1103;33915;1.464
50266;8918;1.509
31251;50554;0.975
199636;21155;1.512
57872;60144;1.237
28685;49549;1.436
1101;5390;1.489
31477;33915;1.471
39572;47886;1.488
39309;47601;1.480
1126;57795;1.505
1126;12859;1.525
49549;57866;1.399
16243;58291;1.515
51646;8455;1.507
199636;48635;1.434
13127;61029;1.483
5583;57872;1.501
1136;24785;1.518
15670;28685;1.382
51942;9193;1.485
24753;43366;1.535
35260;41887;1.473
33915;60144;1.336
29073;50673;1.515
1103;20847;1.506
31251;3265;1.470
200020;21155;1.511
1103;47869;1.519
33915;39572;1.352
12859;30925;1.499
1103;24730;1.511
43293;8954;1.510
34430;50554;1.236
199636;61349;1.516
35467;39704;1.480
35467;8954;1.478
1126;15426;1.513
41038;5580;1.522
31477;47869;1.517
51646;8918;1.505
42755;5390;1.523
41038;5583;1.506
20562;28685;1.507
15426;39647;1.468
41038;61029;1.379
24875;33915;1.518
286;60632;1.529
1103;12989;1.530
15426;34430;1.400
61200;9193;1.498
12859;21286;1.493
42755;47886;1.513
21392;39637;1.487
1101;20847;1.470
12859;60144;1.460
48635;57866;1.450
24785;9193;1.514
20969;23649;1.472
24730;30870;1.490
12859;39572;1.469
200020;3333;1.509
3265;51430;1.505
41038;57043;1.311
15703;20969;1.503
49549;57872;1.318
200020;61349;1.530
48635;8455;1.438
3300;60341;1.483
43366;5390;1.541
1101;33915;1.447
16243;34305;1.500
197731;33915;1.428
35467;57172;1.447
24875;8954;1.518
57172;60144;1.421
1101;12989;1.523
13127;41887;1.504
3300;43293;1.494
33915;8455;1.474
24875;47869;1.521
5580;57866;1.527
1136;28685;1.531
41887;60341;1.423
20562;3333;1.486
15670;57043;1.202
39309;9143;1.525
47601;48539;1.311
35415;48539;1.509
25525;43366;1.540
31172;39637;1.529
41095;44953;1.530
28685;58291;1.299
48635;8918;1.487
41887;43293;1.486
39647;48539;1.524
15426;44953;1.514
200020;48635;1.482
48539;8455;1.515
47601;8954;1.465
33915;8918;1.497
1101;47869;1.491
39572;50554;1.361
48635;57872;1.354
197731;20847;1.498
29073;35332;1.544
28878;29396;1.509
1101;24730;1.469
197731;47869;1.497
24785;29396;1.520
20562;57043;1.441
21392;39647;1.493
49981;51646;1.471
197731;24730;1.497
1126;12871;1.514
15670;61029;1.157
21392;34430;1.268
1126;1136;1.522
25459;39637;1.496
35415;35467;1.437
12989;31172;1.555
48539;8918;1.528
61029;61200;1.424
48056;9193;1.514
44953;51646;1.504
59554;60144;1.445
24753;25459;1.514
3265;60632;1.508
35332;57795;1.473
50655;58291;1.488
51646;58206;1.458
5580;57872;1.516
1103;47886;1.484
199636;25525;1.496
20562;61029;1.449
41095;5390;1.534
13127;35260;1.519
12871;31172;1.539
33915;51430;1.465
28878;58206;1.474
1103;24753;1.511
29396;48635;1.518
31251;8954;1.484
31172;39647;1.529
28685;34305;1.523
31477;47886;1.522
1136;57043;1.473
31172;44953;1.530
35467;61161;1.193
41038;41887;1.453
31172;34430;1.458
42755;50554;1.411
20969;28878;1.506
21286;41038;1.455
5390;5524;1.512
199636;49981;1.458
5524;61349;1.518
29396;61349;1.548
30870;30925;1.480
21392;44953;1.488
58206;61161;0.923
34305;60341;1.489
38930;9193;1.504
15695;31251;1.480
50655;9143;1.519
24730;33915;1.501
12859;51430;1.503
20847;42755;1.504
12859;29073;1.525
16265;5390;1.529
25459;39647;1.497
34305;43293;1.504
57866;61349;1.523
16265;31172;1.550
1136;61029;1.492
57872;60632;1.407
20847;51942;1.500
1126;29396;1.515
25459;34430;1.386
16243;5524;1.506
35260;39637;1.507
39637;50655;1.507
12859;286;1.536
30870;60144;1.320
24753;57795;1.468
24875;47886;1.504
200020;49981;1.447
39309;60341;1.505
57795;8954;1.484
30870;39572;1.385
24785;58206;1.486
5390;57043;1.483
20562;41887;1.480
39704;5390;1.486
48056;51942;1.474
39309;43293;1.497
20969;35415;1.503
30925;31251;1.454
24730;47869;1.517
50266;8954;1.510
33915;60632;1.487
15703;50655;1.502
1101;47886;1.410
20969;39309;1.508
50266;50554;1.461
197731;47886;1.466
200020;25525;1.484
1101;24753;1.464
51646;59542;1.463
30925;49549;1.482
197731;24753;1.460
15670;41887;1.389
5390;61029;1.485
48539;57172;1.472
3300;38930;1.505
28878;59542;1.469
24785;59542;1.482
30925;5580;1.533
21155;31172;1.536
25459;44953;1.504
15703;24875;1.519
30925;5583;1.519
15695;49549;1.492
51430;5580;1.528
35467;47601;1.322
51430;5583;1.513
20969;61200;1.469
1103;50554;1.384
15670;35260;1.433
34430;57043;1.202
35260;39647;1.509
12859;60632;1.503
3300;51646;1.497
31477;50554;1.482
31251;57043;1.249
199636;57866;1.470
15426;21392;1.445
43293;48635;1.485
25525;57795;1.433
51646;8954;1.508
20562;35260;1.497
57172;60632;1.467
8918;9193;1.514
41887;51646;1.508
42755;8455;1.523
286;42755;1.546
1126;58206;1.503
21392;3300;1.430
29073;31477;1.482
34430;61029;1.157
47869;47886;1.514
20847;20969;1.477
43293;61349;1.531
1101;8455;1.424
286;51942;1.548
51646;59554;1.506
31251;61029;1.290
1101;200020;1.456
51942;61200;1.459
28878;59554;1.523
29073;57172;1.508
29396;49981;1.493
24785;59554;1.533
13127;39637;1.517
42755;8918;1.527
3265;5390;1.518
1136;41887;1.518
24875;50554;1.492
49549;9143;1.501
43366;8455;1.541
35260;44953;1.520
39637;50673;1.503
15670;9143;1.496
1101;8918;1.471
29073;39704;1.510
1136;35260;1.510
58206;9143;1.492
199636;57872;1.344
1126;59542;1.503
30870;51430;1.450
48539;61161;1.201
48635;8954;1.504
1103;24785;1.518
59554;60632;1.502
1101;50554;1.110
20969;48056;1.515
24730;47886;1.516
20562;286;1.534
43366;8918;1.538
30925;58291;1.515
197731;50554;1.380
60632;61029;1.435
35415;43366;1.539
57043;61200;1.374
33915;8954;1.484
59542;8455;1.437
12989;21155;1.533
15703;50673;1.504
12859;3300;1.486
34305;38930;1.519
15695;58291;1.535
39647;43366;1.532
47886;57795;1.438
1136;5524;1.488
200020;57866;1.446
21286;50266;1.497
31251;41887;1.445
21286;3300;1.471
13169;5524;1.486
48539;8954;1.501
13127;39647;1.519
34305;51646;1.510
59542;8918;1.476
1101;3265;1.466
13127;34430;1.457
3265;42755;1.519
16243;30925;1.475
42755;57043;1.410
1126;59554;1.536
39572;57043;1.283
3265;51942;1.495
41095;8455;1.531
12989;61349;1.557
39309;9193;1.520
29073;61161;1.473
15426;15703;1.494
1126;5524;1.512
39309;51646;1.490
24730;24753;1.511
1101;199636;1.401
20847;50655;1.502
47869;50554;1.493
30925;34305;1.494
30870;60632;1.459
1103;28685;1.508
5524;57866;1.484
34430;41887;1.389
16265;21155;1.520
20495;31172;1.530
29396;57866;1.501
16243;21286;1.502
16243;60144;1.445
15695;34305;1.517
15670;39637;1.479
200020;57872;1.454
39704;48635;1.497
41095;8918;1.532
16243;39572;1.459
1101;24785;1.471
15426;41038;1.434
42755;61029;1.402
20847;24875;1.518
48056;50655;1.487
12871;21155;1.509
34430;35260;1.433
39572;61029;1.338
197731;24785;1.494
35332;58206;1.492
12989;48635;1.529
25459;9143;1.512
43293;49981;1.497
38930;48635;1.482
13127;44953;1.507
16265;8455;1.523
31251;35260;1.437
16265;48635;1.517
39704;61349;1.535
61161;61200;1.340
15703;35332;1.538
20562;39637;1.493
16243;286;1.534
44953;5524;1.504
24753;29396;1.517
199636;30870;1.475
12871;48635;1.516
38930;61349;1.539
24730;50554;1.482
35467;60341;1.389
16265;61349;1.552
16265;8918;1.529
41038;44953;1.504
35467;43293;1.499
5524;57872;1.433
25525;29396;1.518
24875;28685;1.528
35332;59542;1.476
24753;3300;1.492
58206;60341;1.262
25525;9143;1.510
12871;61349;1.536
33915;42755;1.506
29396;57872;1.496
21392;3333;1.468
28685;30925;1.512
15670;39647;1.488
33915;51942;1.484
200020;30870;1.474
50655;9193;1.496
24753;58206;1.472
57866;57872;1.406
15670;34430;0.923
23649;31172;1.476
20969;48539;1.508
1136;39637;1.505
39572;41887;1.358
1101;28685;1.386
21392;41038;1.366
28685;60144;1.409
15426;20562;1.479
20562;39647;1.520
25525;58206;1.423
29396;3300;1.517
28685;39572;1.449
286;50655;1.532
31477;5390;1.513
20562;34430;1.428
12859;51942;1.495
39704;8455;1.492
50266;57043;1.464
1103;61029;1.464
20847;50673;1.494
20969;35467;1.451
12859;20495;1.513
21286;41095;1.531
47601;57795;1.221
5390;5580;1.535
12989;49981;1.532
35332;59554;1.493
35415;57795;1.411
5390;5583;1.521
43293;57866;1.507
35332;9143;1.549
1103;57043;1.442
13169;31172;1.487
31172;41038;1.477
12859;3333;1.487
1126;200020;1.522
39647;57795;1.483
59542;61349;1.477
39704;8918;1.512
15670;44953;1.481
29073;47601;1.489
48056;50673;1.518
16243;51430;1.489
50266;61029;1.468
16243;29073;1.508
21155;48635;1.492
23649;5524;1.461
31477;57043;1.461
1136;39647;1.511
50655;60144;1.405
42755;8954;1.505
197731;28685;1.458
21286;3333;1.492
43293;5524;1.500
12859;42755;1.531
43366;50266;1.518
1136;34430;1.485
16243;5580;1.531
12989;25525;1.535
16243;5583;1.519
5524;5580;1.525
1101;8954;1.480
24730;9143;1.524
5524;5583;1.511
20562;44953;1.490
60341;61349;1.528
1101;57043;1.254
21155;61349;1.538
39637;39704;1.483
16265;25525;1.525
16265;3265;1.534
199636;33915;1.460
24875;61029;1.497
28878;31251;1.430
39704;49981;1.489
24785;31251;1.481
28685;29073;1.533
12871;25525;1.521
24753;59542;1.467
31477;61029;1.481
43366;8954;1.533
38930;49981;1.483
34430;39637;1.479
24730;24785;1.519
29396;30870;1.494
43293;57872;1.481
28878;49549;1.477
16265;49981;1.521
24875;57043;1.497
24875;5524;1.509
31251;39637;1.447
15703;39704;1.512
1101;61029;1.222
25525;59542;1.434
13127;21392;1.484
3265;50655;1.510
12871;49981;1.511
39637;57172;1.498
1136;44953;1.517
199636;20847;1.498
3265;8455;1.501
199636;47869;1.515
35467;5524;1.489
12859;20969;1.511
21286;23649;1.432
59542;8954;1.483
15703;31477;1.521
57795;61161;0.930
49549;9193;1.468
16243;60632;1.503
48539;60341;1.466
25459;41038;1.453
1101;1103;1.420
197731;57043;1.362
15670;9193;1.463
286;50673;1.528
35467;38930;1.472
28685;51430;1.461
58206;9193;1.466
20495;21155;1.502
1103;41887;1.486
49549;50554;1.300
15703;57172;1.508
3265;8918;1.517
1126;199636;1.517
47886;58206;1.467
24753;59554;1.507
31477;41887;1.497
24785;49549;1.492
34430;39647;1.488
30870;42755;1.415
58291;9143;1.535
35467;51646;1.486
24753;3333;1.512
1126;31251;1.505
20495;48635;1.517
197731;61029;1.419
31251;39647;1.483
24730;28685;1.519
41095;8954;1.527
30870;51942;1.354
25525;59554;1.519
200020;33915;1.425
31251;34430;1.249
199636;24730;1.504
20847;35332;1.525
41095;50266;1.531
20495;61349;1.537
39704;57866;1.478
15426;50266;1.500
50655;51430;1.477
21155;25525;1.507
48635;50554;1.346
15695;30925;1.525
47601;5524;1.437
47869;57043;1.479
12989;57866;1.528
51646;58291;1.514
29073;60341;1.514
38930;57866;1.449
33915;50655;1.442
29396;3333;1.523
24875;41887;1.513
35260;41038;1.449
39637;61161;1.437
16265;57866;1.521
28878;58291;1.530
16265;8954;1.530
29073;43293;1.502
200020;20847;1.480
21155;49981;1.502
1103;35260;1.498
200020;47869;1.467
200020;24730;1.510
28685;60632;1.472
12871;57866;1.515
50673;61349;1.544
15670;21392;1.268
34430;44953;1.481
20969;9143;1.508
29396;33915;1.490
31477;35260;1.507
50554;61200;1.427
12859;15670;1.465
47869;61029;1.484
21286;35415;1.488
1101;41887;1.432
31251;44953;1.489
1136;5580;1.525
21286;28878;1.498
39572;39637;1.487
197731;41887;1.465
3265;50673;1.520
1136;5583;1.515
15703;61161;1.428
1126;49549;1.503
13127;15703;1.518
199636;47886;1.489
13169;5580;1.521
31251;5524;1.432
21286;39309;1.511
24730;57043;1.481
1101;35260;1.431
20562;21392;1.420
1136;197731;1.489
13169;5583;1.506
25459;9193;1.510
39704;57872;1.453
47886;59542;1.434
20969;43366;1.536
12989;57872;1.521
38930;57872;1.473
50266;5524;1.501
1101;1126;1.501
30925;60144;1.456
21392;50266;1.484
16265;57872;1.512
13127;41038;1.506
24785;58291;1.531
23649;61349;1.492
29396;47869;1.504
50655;60632;1.470
21286;61200;1.466
28878;34305;1.507
35415;58206;1.436
15695;21286;1.507
24875;35260;1.514
15695;60144;1.489
1126;5580;1.530
12871;57872;1.496
24730;61029;1.475
12989;9143;1.536
1126;5583;1.519
15695;39572;1.503
39647;58206;1.457
286;35332;1.558
25525;9193;1.496
12859;50655;1.495
1136;21392;1.487
39704;8954;1.514
39572;39647;1.467
15426;41095;1.528
23649;48635;1.384
20847;31477;1.503
197731;35260;1.455
31172;50266;1.511
199636;24753;1.510
12859;24875;1.516
47886;59554;1.510
51646;5524;1.484
20969;25459;1.440
21155;57866;1.513
44953;5580;1.524
30925;39572;1.467
44953;5583;1.515
1101;1136;1.465
12989;30870;1.530
33915;50673;1.497
5583;57043;1.498
13169;21155;1.502
31477;8455;1.512
20495;49981;1.469
13127;9143;1.515
47601;58206;1.280
24785;34305;1.511
50554;9143;1.501
48539;51646;1.510
200020;47886;1.493
25459;50266;1.508
20847;39704;1.464
200020;24753;1.513
13127;20562;1.500
1126;58291;1.530
3333;48635;1.469
13169;48635;1.438
31477;8918;1.511
15695;29073;1.530
35332;9193;1.535
39637;47601;1.481
42755;44953;1.517
21286;48056;1.502
199636;50554;1.355
39572;44953;1.508
5583;61029;1.500
20495;25525;1.518
12859;15695;1.518
29073;9143;1.528
21392;286;1.522
35415;59542;1.425
3333;61349;1.526
13169;61349;1.514
48635;5524;1.482
21392;41095;1.518
39647;59542;1.482
49549;57043;1.249
21155;57872;1.489
16243;42755;1.515
1103;39637;1.461
20847;57172;1.494
35332;49549;1.498
24730;9193;1.522
3265;35332;1.538
30870;50655;1.478
15426;23649;1.442
15703;47601;1.469
16265;30870;1.517
34305;9143;1.513
29396;47886;1.526
43293;47869;1.517
16243;51942;1.506
16265;286;1.537
31477;39637;1.498
30925;51430;1.498
3265;8954;1.517
197731;9143;1.516
12871;30870;1.503
24730;41887;1.492
20562;41038;1.470
48056;57172;1.474
16243;20495;1.507
23649;49981;1.429
15695;51430;1.507
43366;61200;1.525
15670;15703;1.477
49549;61029;1.310
1126;34305;1.519
1101;39637;1.472
12859;50673;1.515
20847;61161;1.429
31172;41095;1.551
24730;35260;1.513
41887;9143;1.512
3300;3333;1.481
47601;59542;1.232
48635;57043;1.390
24753;31251;1.468
57795;60341;1.420
23649;5580;1.517
23649;5583;1.500
20495;57866;1.496
15670;41038;1.336
43293;5580;1.528
35415;59554;1.519
43293;5583;1.507
29073;38930;1.515
23649;25525;1.438
13127;197731;1.508
28685;5390;1.525
24875;39637;1.513
39647;59554;1.529
24753;49549;1.476
20969;57795;1.476
1103;39647;1.510
33915;5524;1.472
25525;31251;1.435
286;39704;1.531
12871;9143;1.523
1103;44953;1.509
200020;50554;1.459
1103;34430;1.446
31477;39647;1.444
5580;57043;1.519
15670;20562;1.428
48635;61029;1.414
29073;51646;1.506
25525;49549;1.461
31477;3265;1.523
31477;34430;1.488
48539;5524;1.512
28685;42755;1.324
286;31477;1.534
35260;50266;1.499
197731;39637;1.497
58291;9193;1.519
30925;60632;1.488
33915;35332;1.522
1101;39647;1.496
24875;5580;1.520
28685;51942;1.333
24875;5583;1.511
1136;15703;1.516
1101;34430;1.194
13169;25525;1.473
15695;60632;1.513
60341;9143;1.499
286;57172;1.527
47601;59554;1.426
35332;58291;1.452
5580;61029;1.522
20495;57872;1.487
48056;61161;1.419
51942;57795;1.253
35467;5580;1.519
16243;20969;1.476
35467;5583;1.504
199636;24785;1.511
21155;30870;1.495
29396;50554;1.499
24875;39647;1.516
1136;41038;1.496
39637;60341;1.510
25459;41095;1.531
12859;35332;1.529
12989;33915;1.531
197731;200020;1.473
3333;49981;1.482
13169;49981;1.467
21286;48539;1.500
30870;50673;1.483
24875;44953;1.507
58291;61349;1.484
24875;34430;1.484
43293;47886;1.515
28878;3300;1.490
16265;33915;1.526
39637;43293;1.496
21392;23649;1.195
31477;44953;1.516
50673;57866;1.494
13127;50266;1.518
12871;33915;1.507
50655;51942;1.455
1136;20562;1.481
199636;9143;1.513
200020;24785;1.507
20969;9193;1.513
197731;39647;1.487
15703;60341;1.489
1101;44953;1.466
39704;47869;1.499
44953;48635;1.494
197731;34430;1.383
49981;61349;1.520
21286;35467;1.448
3265;39704;1.519
12989;20847;1.533
15703;43293;1.514
12989;47869;1.534
24753;58291;1.492
12989;24730;1.534
15426;35415;1.495
43366;48056;1.524
15426;28878;1.477
16265;20847;1.526
16265;47869;1.527
20495;9143;1.529
31251;41038;1.384
44953;61349;1.530
15703;9143;1.514
15426;39309;1.467
47601;5580;1.515
20847;47601;1.467
23649;57866;1.423
12871;20847;1.501
47601;5583;1.496
12871;47869;1.520
25525;58291;1.499
199636;28685;1.502
12871;24730;1.491
286;61161;1.511
35260;41095;1.531
50673;57872;1.470
41095;61200;1.528
24730;39637;1.500
3265;57172;1.510
15426;61200;1.461
12989;9193;1.535
12871;12989;1.533
57043;57795;1.240
197731;44953;1.497
28878;30925;1.494
31477;8954;1.514
47886;49549;1.465
34430;41038;1.336
16243;50655;1.499
200020;28685;1.493
38930;47869;1.481
1101;5524;1.450
31172;35415;1.523
197731;199636;1.448
41038;50266;1.494
20495;30870;1.464
24753;34305;1.516
3333;57866;1.483
13169;57866;1.453
16265;24730;1.525
31251;5580;1.514
51646;60144;1.458
31251;5583;1.498
35415;9143;1.520
28878;60144;1.474
23649;57872;1.206
16243;24875;1.518
21392;35415;1.375
43293;50554;1.476
21392;28878;1.450
21155;33915;1.510
50266;5580;1.528
41038;9143;1.503
34430;5390;1.483
50266;5583;1.509
33915;39704;1.472
13127;41095;1.529
20969;29396;1.500
15670;50266;1.477
13127;9193;1.515
21392;39309;1.493
50554;9193;1.445
24730;39647;1.499
199636;57043;1.425
31172;61200;1.473
42755;5524;1.515
15426;197731;1.427
21155;3300;1.511
24730;34430;1.473
24785;30925;1.516
30870;35332;1.490
39704;47886;1.520
41887;61349;1.523
21392;61200;1.428
20562;50266;1.506
41095;48056;1.528
12859;39704;1.499
21155;47869;1.516
12989;47886;1.534
286;47601;1.518
21155;24730;1.498
3333;57872;1.456
13169;57872;1.351
51430;61200;1.456
3265;61161;1.424
33915;57172;1.477
29073;9193;1.521
15426;48056;1.490
1103;21392;1.442
3300;48635;1.442
16265;47886;1.519
12989;24753;1.536
199636;61029;1.447
31172;39309;1.529
24785;60144;1.486
43366;5524;1.528
28878;39572;1.485
1103;5390;1.514
39572;41038;1.385
51646;5580;1.525
24785;39572;1.498
12859;31477;1.512
51646;5583;1.506
25525;34305;1.462
12871;47886;1.525
23649;30870;1.386
28685;50655;1.481
41887;48635;1.467
12871;24753;1.517
3300;61349;1.521
44953;49981;1.514
34305;9193;1.514
25459;35415;1.504
28878;3333;1.497
25459;28878;1.488
43366;48539;1.495
39637;51646;1.498
24730;44953;1.483
197731;9193;1.480
12859;57172;1.502
47886;58291;1.511
1101;21392;1.223
1136;50266;1.509
200020;61029;1.427
25459;39309;1.495
15426;3300;1.474
41038;41095;1.526
16243;50673;1.501
38930;47886;1.513
41887;9193;1.513
57872;61161;0.933
30925;51942;1.504
20969;58206;1.423
15695;42755;1.535
1126;30925;1.515
15703;51646;1.514
200020;57043;1.431
25459;61200;1.474
16265;24753;1.530
48635;5580;1.514
15695;51942;1.513
48635;5583;1.513
28685;8455;1.513
21392;48056;1.473
25525;286;1.521
28878;51430;1.504
15695;20495;1.532
28878;29073;1.509
12871;9193;1.523
24785;29073;1.525
1126;21286;1.518
41095;5524;1.523
1126;60144;1.503
33915;61161;1.334
57172;61161;1.368
1126;39572;1.511
197731;21392;1.395
3265;47601;1.468
21286;43366;1.537
20847;60341;1.476
15703;38930;1.520
35260;35415;1.487
20562;41095;1.522
39704;50554;1.454
20969;59542;1.473
28685;8918;1.522
47601;49549;1.279
30925;42755;1.513
35415;49549;1.439
20495;20847;1.509
13127;23649;1.480
20847;43293;1.501
51942;58206;1.384
12989;50554;1.521
35260;39309;1.508
39647;49549;1.490
49981;57866;1.444
5524;57043;1.441
34305;48635;1.496
29396;57043;1.485
48056;60341;1.499
21155;47886;1.495
16265;50554;1.511
31172;48056;1.499
13169;30870;1.443
20495;33915;1.487
12859;61161;1.405
41887;49981;1.456
60341;9193;1.490
21155;24753;1.512
199636;41887;1.480
16265;5524;1.527
12871;50554;1.491
15670;41095;1.518
44953;57866;1.516
34305;61349;1.544
35260;61200;1.436
1103;15703;1.451
24785;51430;1.510
33915;5580;1.531
39309;48635;1.515
199636;35260;1.488
28685;50673;1.522
33915;5583;1.520
30870;39704;1.480
41095;48539;1.547
5524;61029;1.470
31251;50266;1.461
59554;61161;1.377
29396;61029;1.491
51646;60632;1.493
25459;48056;1.507
15426;48539;1.494
39704;5524;1.497
35415;58291;1.508
57043;58206;1.153
21286;25459;1.484
1103;41038;1.477
28878;60632;1.508
3300;49981;1.470
39309;61349;1.540
48539;5580;1.542
200020;41887;1.423
20495;47869;1.517
39647;58291;1.529
20969;59554;1.522
30870;31477;1.455
48539;5583;1.526
20495;24730;1.503
57866;61029;1.413
21155;3333;1.517
199636;9193;1.486
38930;50554;1.474
1126;29073;1.507
49981;57872;1.418
31477;41038;1.495
15695;20969;1.517
61349;8455;1.526
200020;35260;1.456
51430;9143;1.510
30870;3300;1.460
33915;47601;1.431
30870;57172;1.448
44953;57872;1.492
15426;35467;1.441
50655;50673;1.509
34430;50266;1.477
12989;24785;1.533
20495;9193;1.522
39572;5390;1.487
23649;33915;1.446
15703;9193;1.489
1136;41095;1.527
286;60341;1.526
61349;8918;1.530
16243;35332;1.529
51942;59542;1.237
47601;58291;1.351
34430;8455;1.453
28685;3265;1.515
286;43293;1.534
12871;24785;1.526
13127;35415;1.515
13127;28878;1.518
15670;23649;1.255
24785;60632;1.504
24875;41038;1.504
1126;51430;1.513
35260;48056;1.498
1101;15703;1.461
13127;39309;1.519
21392;48539;1.418
21155;50554;1.485
30925;9143;1.504
35332;60144;1.492
15426;3333;1.478
1136;13127;1.519
35332;39572;1.509
34430;8918;1.479
1103;20562;1.434
43293;57043;1.479
50554;57795;0.930
23649;47869;1.491
20562;23649;1.432
23649;24730;1.484
15695;3300;1.511
1101;41038;1.378
3333;33915;1.479
13169;33915;1.471
197731;41038;1.428
31172;35467;1.483
13127;61200;1.515
57043;59542;1.258
61161;9143;1.484
3265;5524;1.494
16265;24785;1.518
31251;41095;1.520
35415;9193;1.463
1103;8455;1.425
24753;30925;1.517
21392;35467;1.363
12989;28685;1.555
31172;5390;1.538
3300;57866;1.466
51942;59554;1.424
31172;48539;1.463
1101;20562;1.354
41038;9193;1.489
29396;41887;1.490
34305;49981;1.497
39572;50266;1.490
43293;61029;1.470
12859;47601;1.474
30870;61161;1.170
20847;38930;1.510
41038;61200;1.396
21286;57795;1.405
25525;30925;1.507
20495;47886;1.522
41887;57866;1.411
15695;50655;1.512
12871;28685;1.528
29396;35260;1.505
13169;20847;1.493
1136;23649;1.491
3333;47869;1.516
1103;8918;1.497
13169;47869;1.504
28685;35332;1.453
13169;24730;1.505
24753;60144;1.472
20495;24753;1.517
20847;51646;1.505
3265;60341;1.503
1126;60632;1.517
39309;49981;1.452
34430;41095;1.518
1101;5580;1.507
13127;13169;1.512
25459;48539;1.455
1103;286;1.536
1101;5583;1.489
15695;24875;1.526
199636;39637;1.458
3265;43293;1.520
21155;24785;1.504
57043;59554;1.436
48056;51646;1.478
12871;200020;1.516
15670;35415;1.433
15670;28878;1.471
3300;57872;1.400
42755;50266;1.506
59554;8455;1.511
30925;50655;1.501
16265;28685;1.549
197731;20562;1.448
15426;16243;1.446
15670;39309;1.489
13127;48056;1.507
25459;35467;1.443
41887;57872;1.447
42755;5580;1.544
28685;8954;1.505
42755;5583;1.526
20562;35415;1.484
20562;28878;1.479
24753;39572;1.493
57872;60341;1.393
59554;8918;1.509
35260;5390;1.506
24785;3300;1.513
15670;61200;1.407
23649;47886;1.449
35332;51430;1.499
20562;39309;1.519
12989;197731;1.529
16243;39704;1.475
25525;60144;1.423
47869;5390;1.511
30870;47601;1.344
199636;39647;1.502
23649;24753;1.467
25525;39572;1.459
30870;3333;1.494
3333;5390;1.516
12989;61029;1.528
35260;48539;1.497
199636;34430;1.433
34305;57866;1.497
43366;5580;1.553
286;38930;1.531
43366;5583;1.538
39572;41095;1.525
16243;31477;1.503
21155;28685;1.531
39704;57043;1.457
20562;61200;1.489
29073;31172;1.539
33915;60341;1.426
35467;48635;1.427
1136;35415;1.510
12989;57043;1.527
20495;50554;1.487
1136;28878;1.514
38930;57043;1.459
200020;39637;1.510
33915;43293;1.499
1126;286;1.536
1103;3265;1.505
286;51646;1.534
16243;57172;1.498
16265;57043;1.513
39309;57866;1.489
41095;43366;1.557
15695;50673;1.515
1136;39309;1.510
3333;47886;1.505
51646;51942;1.499
13169;47886;1.484
35260;35467;1.429
15426;43366;1.530
28685;31477;1.525
24730;41038;1.500
35467;61349;1.510
12871;57043;1.494
13169;24753;1.495
28878;51942;1.492
1103;50266;1.509
39704;61029;1.472
43366;57795;1.501
12859;60341;1.501
24753;51430;1.501
41038;48056;1.485
24753;29073;1.513
12871;199636;1.509
58206;61349;1.500
199636;44953;1.509
38930;61029;1.467
12859;43293;1.515
31477;50266;1.505
1136;61200;1.503
15695;3333;1.518
20969;31251;1.475
34305;57872;1.472
16265;61029;1.520
35332;60632;1.512
57172;60341;1.475
25525;29073;1.520
61349;8954;1.527
39572;8455;1.462
15670;48056;1.457
47886;60144;1.466
12871;61029;1.491
30925;50673;1.495
28685;39704;1.512
29396;39637;1.511
41095;5580;1.536
15426;16265;1.522
31477;5524;1.482
61029;8455;1.461
41095;5583;1.531
200020;39647;1.507
5390;9143;1.507
28878;42755;1.531
39309;57872;1.483
24785;42755;1.528
200020;44953;1.515
200020;34430;1.425
20562;48056;1.504
15426;25459;1.338
23649;50554;1.226
39572;8918;1.490
24785;51942;1.513
3265;38930;1.522
44953;47869;1.525
24875;50266;1.504
20495;24785;1.527
34430;8954;1.465
5390;61200;1.508
1136;13169;1.500
39704;41887;1.462
61029;8918;1.488
21392;43366;1.515
51430;9193;1.504
13127;48539;1.512
28685;57172;1.472
16243;61161;1.443
16243;9143;1.513
12989;41887;1.532
34430;35415;1.433
25525;51430;1.491
16265;5580;1.531
3265;51646;1.511
16265;5583;1.530
24753;60632;1.489
59554;60341;1.503
1101;50266;1.466
31251;35415;1.416
20969;49549;1.451
34430;39309;1.489
12989;35260;1.531
197731;50266;1.479
29396;39647;1.493
12871;41887;1.502
31172;8455;1.509
21155;57043;1.487
57866;9143;1.506
1136;48056;1.510
31251;39309;1.484
59542;61029;1.252
29396;34430;1.493
3333;50554;1.451
13169;50554;1.365
39704;5580;1.533
13127;35467;1.507
39704;5583;1.519
1103;41095;1.524
31172;43366;1.511
50554;58206;1.299
21286;29396;1.513
34430;61200;1.407
1103;8954;1.509
50655;57172;1.464
30925;9193;1.518
31477;41095;1.532
31172;8918;1.510
30925;35332;1.529
31251;61200;1.430
1126;42755;1.528
60341;61029;1.396
21392;25459;1.442
24785;3333;1.523
21155;61029;1.499
5524;9143;1.518
60144;9143;1.492
20495;28685;1.529
35467;49981;1.433
38930;41887;1.471
15695;35332;1.543
1126;51942;1.524
23649;24785;1.487
16265;41887;1.527
1103;13127;1.509
61161;9193;1.406
25459;43366;1.531
33915;38930;1.459
48539;48635;1.481
50554;59542;1.151
21286;58206;1.419
1126;20495;1.513
30870;60341;1.445
47869;50266;1.519
16265;35260;1.523
3300;33915;1.477
41038;48539;1.469
25525;60632;1.483
29396;44953;1.521
28685;61161;1.285
47886;51430;1.497
30870;43293;1.489
12871;35260;1.519
16243;47601;1.475
48539;61349;1.485
24875;41095;1.531
33915;51646;1.484
60632;61200;1.469
41095;57795;1.520
15426;57795;1.431
59554;8954;1.518
15670;48539;1.347
44953;47886;1.513
199636;21392;1.433
35260;8455;1.499
13169;24785;1.492
20969;58291;1.508
1103;23649;1.440
3300;47869;1.516
21155;41887;1.509
1101;41095;1.515
47869;8455;1.511
197731;41095;1.526
24730;50266;1.499
34430;48056;1.457
12859;51646;1.508
9143;9193;1.521
3265;5580;1.533
47601;60144;1.280
20562;48539;1.501
35415;60144;1.436
3265;5583;1.519
20495;57043;1.474
50655;61161;1.343
35415;39572;1.459
23649;28685;1.420
31251;48056;1.459
35260;8918;1.508
41887;47869;1.475
39647;60144;1.456
50554;59554;1.438
35260;43366;1.541
15670;35467;1.313
200020;21392;1.457
47869;8918;1.524
1101;13127;1.486
31172;3265;1.534
12859;38930;1.505
29073;61349;1.543
1136;9143;1.529
35467;57866;1.432
47886;60632;1.493
1126;20969;1.522
20495;61029;1.493
20562;35467;1.472
51942;58291;1.337
21286;59542;1.412
13127;16243;1.520
42755;61200;1.476
13169;9143;1.512
39572;61200;1.427
1136;48539;1.528
28685;47601;1.357
21392;57795;1.212
20969;34305;1.490
3333;8455;1.482
13169;28685;1.478
15695;31477;1.530
21155;35260;1.516
28878;50655;1.494
35332;42755;1.458
24785;50655;1.515
29073;48635;1.516
50673;61029;1.489
20847;5390;1.472
43293;44953;1.496
35332;51942;1.450
1126;9143;1.526
1101;23649;1.261
3333;8918;1.498
197731;23649;1.408
1136;35467;1.500
43366;58206;1.514
24785;24875;1.509
57043;58291;1.408
1126;15670;1.496
44953;50554;1.488
31172;57795;1.456
50673;57043;1.443
35467;57872;1.351
15695;39704;1.524
39572;8954;1.479
15703;31172;1.532
30925;31477;1.499
1103;28878;1.455
34305;47869;1.508
48539;49981;1.485
61029;8954;1.464
21286;59554;1.489
12989;39637;1.532
3300;47886;1.484
