24550;45650;1.387
17501;59370;1.288
24550;59370;1.611
45170;45494;1.639
45845;55915;1.225
45157;45451;1.491
4007;45650;0.924
4007;59370;1.376
133185;24550;1.314
133185;45494;1.372
45494;45845;1.514
45451;4613;1.251
45650;45845;1.225
4007;55427;0.924
45274;45845;1.537
133185;55915;0.924
45494;45650;1.423
45170;4613;1.246
4613;55427;1.243
45494;59370;1.696
45650;59370;1.376
45274;45650;1.278
45157;45494;1.675
45274;59370;1.261
17501;55427;1.278
24550;55427;1.387
45494;55427;1.423
23752;24550;1.726
23752;45451;1.394
17501;45274;0.924
24550;45274;1.552
45157;55915;1.505
45274;55427;1.278
133185;4613;0.924
45494;4613;1.451
4007;45274;1.278
17501;23752;1.564
23752;55915;1.499
45170;45845;1.543
45274;4613;1.238
45451;55915;1.099
23752;4613;1.548
45170;45650;1.283
133185;45170;0.935
133185;45845;1.225
133185;45157;1.305
23752;45494;1.822
45650;55427;0.924
45170;59370;1.293
45650;4613;1.243
133185;45650;0.924
45451;45494;1.523
45170;55427;1.283
133185;59370;1.280
133185;4007;0.924
45157;45845;1.598
45157;45170;1.535
45845;59370;1.564
45157;45650;1.505
45845;55427;1.225
45157;59370;1.713
23752;4007;1.499
55427;55915;0.924
45170;45274;0.935
133185;55427;0.924
17501;45451;1.234
24550;45451;1.484
133185;45274;0.924
23752;45157;1.747
23752;45170;1.574
23752;45845;1.653
4007;45451;1.099
133185;23752;1.335
23752;45650;1.499
45451;45845;1.337
23752;59370;1.736
45157;55427;1.505
4007;55915;0.924
45157;45274;1.527
55915;59370;1.376
45451;45650;1.099
17501;24550;1.560
4007;4613;1.243
23752;55427;1.499
17501;45494;1.634
45451;59370;1.475
45157;4613;1.367
24550;45494;1.516
4613;55915;1.243
45274;45451;1.235
4007;45494;1.423
24550;4613;1.314
17501;55915;1.278
45451;55427;1.099
24550;55915;1.387
45494;55915;1.423
55427;59370;1.376
17501;4613;1.238
45274;55915;1.278
45845;4613;1.375
23752;45274;1.564
45274;45494;1.634
45170;45451;1.244
45650;55915;0.924
24550;4007;1.387
133185;45451;0.924
45170;55915;1.283
17501;45157;1.527
17501;45170;0.935
17501;45845;1.537
24550;45845;1.472
24550;45170;1.564
24550;45157;1.561
17501;4007;1.278
133185;17501;0.924
4613;59370;1.462
4007;45845;1.225
4007;45170;1.283
4007;45157;1.505
17501;45650;1.278
