11556;262248;1.371
11556;26426;1.708
11556;52468;1.506
26105;52245;1.586
26426;52468;1.560
21599;27796;1.393
14709;262248;1.533
262218;52245;1.635
14709;28005;1.571
52302;52468;1.719
262248;52245;1.588
26105;52302;1.741
262218;52302;2.015
52245;52302;1.965
27796;28005;1.681
21599;26105;0.932
262248;52302;1.739
14709;26426;1.560
14709;52468;1.490
11556;27796;1.520
26426;27796;1.694
21599;52245;1.588
28005;52468;1.447
11556;26105;1.372
27796;52468;1.278
21599;52302;1.742
26105;262248;0.927
26105;28005;1.636
11556;262218;1.708
21599;262248;0.932
262218;28005;1.680
262248;28005;1.638
14709;262218;1.560
14709;27796;1.698
11556;52245;1.838
26426;52245;1.636
14709;26105;1.530
26105;26426;1.399
26105;52468;1.187
11556;52302;1.894
11556;21599;1.376
262218;26426;1.368
26426;52302;2.015
262218;52468;1.560
52245;52468;1.393
262248;26426;1.401
262248;52468;1.185
21599;28005;1.638
14709;52245;1.530
28005;52245;1.407
26105;262218;1.399
26105;27796;1.414
21599;52468;1.192
27796;52245;1.628
11556;14709;1.777
14709;52302;1.931
14709;21599;1.534
262218;262248;1.400
21599;262218;1.401
262218;27796;1.694
28005;52302;2.009
11556;28005;1.888
26426;28005;1.680
262248;27796;1.388
27796;52302;1.901
21599;26426;1.401
