3132;6147;1.335
12252;6147;1.418
27843;3132;1.369
262182;6147;1.113
22411;262182;1.268
19180;262182;1.385
262182;3132;1.285
22411;6147;1.298
22411;3132;1.372
27843;6147;1.260
22411;262253;1.329
19180;262253;1.379
12252;28032;1.487
22411;28032;1.484
12252;27843;1.438
12252;22411;1.455
262253;6147;1.245
262182;28032;1.426
22411;27843;1.342
262253;3132;1.358
262182;27843;1.198
262182;262253;1.172
262253;27843;1.194
19180;6147;1.403
12252;262182;1.385
12252;19180;1.473
19180;3132;1.421
19180;27843;1.390
19180;22411;1.397
27843;28032;1.455
12252;3132;1.398
28032;6147;1.454
262253;28032;1.443
12252;262253;1.431
28032;3132;1.465
19180;28032;1.491
