3132;6147;1.564
12252;6147;1.775
27843;3132;1.638
262182;6147;1.145
22411;262182;1.269
19180;262182;1.516
262182;3132;1.388
22411;6147;1.408
22411;3132;1.498
27843;6147;1.405
22411;262253;1.440
19180;262253;1.519
12252;28032;1.932
22411;28032;1.813
12252;27843;1.841
12252;22411;1.836
262253;6147;1.345
262182;28032;1.600
22411;27843;1.498
262253;3132;1.582
262182;27843;1.253
262182;262253;1.179
262253;27843;1.266
19180;6147;1.641
12252;262182;1.620
12252;19180;1.955
19180;3132;1.717
19180;27843;1.594
19180;22411;1.564
27843;28032;1.744
12252;3132;1.731
28032;6147;1.739
262253;28032;1.669
12252;262253;1.782
28032;3132;1.838
19180;28032;1.889
