17787;38264;1.101
17787;23750;1.099
38616;45669;0.994
24435;9387;1.099
23966;38710;1.099
17557;17787;1.500
17787;23966;1.099
38264;38616;1.101
23674;38193;1.452
23750;24435;1.099
23966;9260;1.111
23750;38616;1.099
23674;45669;0.993
17557;23750;1.500
17557;23966;1.500
45595;45669;1.003
132165;23674;1.003
38264;9541;1.101
23674;38710;0.993
23750;9387;0.923
38193;45595;1.471
17557;9387;1.500
38264;45669;1.101
23750;38193;1.438
17557;24435;1.500
38193;9260;1.470
17557;38616;1.500
45595;9260;1.145
38710;45669;0.993
23750;45669;1.099
38710;9260;1.140
38616;9387;1.099
38264;38710;1.101
17787;9260;1.140
132165;38264;1.120
24435;45595;1.003
23674;9387;1.099
45669;9387;1.099
17787;24435;0.993
132165;23750;1.118
23750;38710;1.099
17787;38616;0.994
9260;9387;1.111
132165;23966;1.118
17557;38193;1.533
132165;17557;1.486
24435;9541;0.993
23966;45595;1.118
132165;17787;1.003
132165;9260;1.145
17787;38193;1.452
38616;45595;1.004
17557;38710;1.500
17787;45669;0.993
23966;9387;0.923
23674;45595;1.003
23750;9541;1.099
38193;38264;1.439
17787;38710;0.993
17557;45669;1.500
17557;9541;1.500
132165;24435;1.003
132165;38616;1.004
38616;9541;0.994
38264;9260;1.111
38264;45595;1.120
24435;38264;1.101
23674;9541;0.993
45669;9541;0.993
38193;9387;1.438
45595;9387;1.118
38710;45595;1.003
23750;45595;1.118
9260;9541;1.140
38710;9387;1.099
17787;9387;1.099
132165;38193;1.471
23966;38264;0.926
132165;45669;1.003
132165;38710;1.003
132165;9387;1.118
38193;38616;1.452
24435;9260;1.140
23966;9541;1.099
23674;38264;1.101
17787;45595;1.003
23674;23750;1.099
23674;23966;1.099
24435;38616;0.994
17557;45595;1.486
38193;9541;1.452
23750;9260;1.111
38193;45669;1.452
45595;9541;1.003
23750;38264;0.926
38710;9541;0.993
38264;9387;0.926
23966;24435;1.099
17787;9541;0.993
17557;9260;1.502
23966;38616;1.099
38193;38710;1.452
23750;23966;0.923
24435;38193;1.452
17787;23674;0.993
38616;9260;1.140
24435;45669;0.993
23674;9260;1.140
45669;9260;1.140
17557;38264;1.500
23674;24435;0.993
132165;45595;0.933
38616;38710;0.994
24435;38710;0.993
23966;38193;1.438
17557;23674;1.500
23674;38616;0.994
9387;9541;1.099
132165;9541;1.003
23966;45669;1.099
