17787;38264;1.101
17787;23750;1.099
38616;45669;0.994
24435;9387;1.099
23966;38710;1.099
17557;17787;2.290
17787;23966;1.099
38264;38616;1.102
23674;38193;2.078
23750;24435;1.099
23966;9260;1.113
23750;38616;1.099
23674;45669;0.993
17557;23750;2.261
17557;23966;2.261
45595;45669;1.003
132165;23674;1.003
38264;9541;1.101
23674;38710;0.993
23750;9387;0.923
38193;45595;2.129
17557;9387;2.261
38264;45669;1.101
23750;38193;2.036
17557;24435;2.290
38193;9260;2.132
17557;38616;2.291
45595;9260;1.146
38710;45669;0.993
23750;45669;1.099
38710;9260;1.161
38616;9387;1.099
38264;38710;1.101
17787;9260;1.161
132165;38264;1.121
24435;45595;1.003
23674;9387;1.099
45669;9387;1.099
17787;24435;0.993
132165;23750;1.118
23750;38710;1.099
17787;38616;0.994
9260;9387;1.113
132165;23966;1.118
17557;38193;2.443
132165;17557;2.231
24435;9541;0.994
23966;45595;1.118
132165;17787;1.003
132165;9260;1.146
17787;38193;2.078
38616;45595;1.004
17557;38710;2.290
17787;45669;0.993
23966;9387;0.923
23674;45595;1.003
23750;9541;1.099
38193;38264;2.037
17787;38710;0.993
17557;45669;2.290
17557;9541;2.291
132165;24435;1.003
132165;38616;1.004
38616;9541;0.994
38264;9260;1.113
38264;45595;1.120
24435;38264;1.101
23674;9541;0.994
45669;9541;0.994
38193;9387;2.036
45595;9387;1.118
38710;45595;1.003
23750;45595;1.118
9260;9541;1.161
38710;9387;1.099
17787;9387;1.099
132165;38193;2.130
23966;38264;0.926
132165;45669;1.003
132165;38710;1.003
132165;9387;1.118
38193;38616;2.078
24435;9260;1.161
23966;9541;1.099
23674;38264;1.101
17787;45595;1.003
23674;23750;1.099
23674;23966;1.099
24435;38616;0.994
17557;45595;2.231
38193;9541;2.078
23750;9260;1.113
38193;45669;2.078
45595;9541;1.003
23750;38264;0.926
38710;9541;0.994
38264;9387;0.926
23966;24435;1.099
17787;9541;0.994
17557;9260;2.306
23966;38616;1.099
38193;38710;2.078
23750;23966;0.923
24435;38193;2.078
17787;23674;0.993
38616;9260;1.161
24435;45669;0.993
23674;9260;1.161
45669;9260;1.161
17557;38264;2.262
23674;24435;0.993
132165;45595;0.933
38616;38710;0.994
24435;38710;0.993
23966;38193;2.036
17557;23674;2.290
23674;38616;0.994
9387;9541;1.099
132165;9541;1.003
23966;45669;1.099
