10396;30526;1.431
10396;36423;1.422
11367;21559;1.316
11992;14979;1.360
14638;30526;1.260
10396;18895;1.426
11367;40414;1.394
10396;11992;1.418
14638;18895;1.385
11992;30526;1.267
11992;36423;1.193
10396;11367;1.379
10396;40414;1.426
11992;14638;1.130
18895;21559;1.417
11992;18895;1.366
14638;40414;1.385
10396;21559;1.369
21559;40414;1.417
18895;40414;1.341
14638;21559;1.316
14979;30526;1.300
14979;36423;1.293
11367;14979;1.350
14979;18895;1.456
11992;21559;1.378
36423;40414;1.409
11992;40414;1.366
30526;36423;1.118
11367;30526;1.260
10396;14979;1.466
11367;36423;1.177
11367;14638;0.924
14979;40414;1.456
14638;14979;1.350
11367;18895;1.394
11367;11992;1.131
14979;21559;1.437
10396;14638;1.379
30526;40414;1.423
14638;36423;1.177
21559;30526;1.387
18895;30526;1.423
21559;36423;1.379
18895;36423;1.409
