31042;44143;2.536
15982;41937;1.812
28964;42186;1.229
8400;8771;2.390
50091;57207;1.297
8771;9125;1.329
57427;8534;1.349
15982;29170;1.467
52116;8400;2.427
15958;44143;2.247
44143;60137;1.627
13091;8661;1.357
57427;6700;1.723
42186;57427;1.378
15982;21215;1.409
13092;8534;1.362
13091;41897;1.523
57207;8534;1.296
44143;8771;1.590
15958;31042;2.652
60137;8400;2.427
41937;8661;1.827
31042;50091;2.491
29170;52116;1.328
21215;60137;1.307
28964;9125;1.245
15982;52116;1.324
13092;6700;1.905
29170;33983;1.327
15958;6700;2.308
6700;9125;1.860
57207;6700;1.689
41897;8534;1.541
21215;8534;1.199
15958;8400;2.626
15982;9125;1.406
28964;8771;1.268
15958;50091;2.050
13091;41937;1.834
15958;28964;2.080
6700;8771;1.782
41897;6700;1.890
21215;6700;1.800
29170;57207;1.327
15982;8771;1.407
15982;57207;1.324
13091;29170;1.208
57427;60137;1.406
50091;9125;1.381
42186;9125;0.966
31042;8661;2.459
44143;57427;1.680
33983;60137;0.908
29170;9125;1.448
57427;8400;2.443
28964;41897;1.530
57207;60137;0.908
50091;8771;1.221
41897;41937;1.867
13091;21215;1.354
33983;8534;1.296
31042;60137;2.475
21215;57427;1.400
13092;60137;1.327
52116;60137;0.909
13092;8400;2.474
13091;52116;1.277
33983;6700;1.689
15982;33983;1.324
57207;8400;2.427
28964;41937;1.686
29170;50091;1.023
15958;60137;2.080
8400;8661;2.407
13091;8534;1.296
41897;8400;2.406
28964;29170;1.327
21215;8400;2.415
29170;44143;1.732
13092;15982;1.481
33983;42186;1.229
15982;44143;1.697
13091;57207;1.277
13091;6700;1.650
41937;8534;1.828
13091;15958;2.083
41937;52116;1.686
33983;57427;1.406
42186;8771;1.316
21215;42186;1.322
57207;57427;1.406
44143;8661;1.638
31042;42186;2.523
29170;31042;2.505
13092;42186;1.164
29170;8771;1.273
15982;31042;2.456
28964;52116;0.909
31042;57427;2.486
13092;57427;1.380
52116;9125;1.245
52116;57427;1.406
33983;8400;2.427
15958;42186;2.145
13091;33983;1.277
50091;60137;1.297
42186;52116;1.230
41937;57207;1.686
28964;8661;1.311
15982;50091;1.449
6700;8661;1.802
52116;8771;1.268
31042;8534;2.437
15982;28964;1.324
15958;57427;2.058
15982;8661;1.371
60137;9125;1.245
41897;52116;1.531
13091;44143;1.716
13091;8400;2.469
15958;9125;2.151
60137;8771;1.268
50091;8661;1.329
15958;15982;2.160
8534;9125;1.348
41937;6700;2.025
41937;8400;2.554
33983;41897;1.530
15958;8771;2.015
13091;31042;2.504
41937;50091;1.840
8661;9125;1.327
8534;8771;1.015
8400;8534;2.399
41897;57207;1.530
28964;33983;0.908
21215;41897;1.537
50091;57427;1.115
41937;44143;1.748
29170;60137;1.327
13092;41897;1.564
57427;9125;1.406
15982;60137;1.324
13091;50091;1.186
33983;41937;1.686
13091;28964;1.277
28964;57207;0.908
28964;44143;1.627
57427;8771;1.336
44143;8534;1.576
31042;6700;2.626
31042;8400;2.657
21215;41937;1.816
13092;9125;1.191
42186;57207;1.229
13092;41937;1.742
57207;9125;1.245
42186;8661;1.298
42186;44143;1.416
33983;9125;1.245
44143;6700;1.997
41897;50091;1.566
29170;8661;1.410
28964;31042;2.476
21215;29170;1.363
13092;8771;1.343
13091;13092;1.417
28964;8534;1.296
13092;29170;1.432
57207;8771;1.268
41897;9125;1.477
21215;9125;1.353
6700;8534;1.780
44143;52116;1.628
41897;44143;1.728
29170;42186;1.440
15982;8534;1.384
28964;6700;1.689
41897;8771;1.568
31042;41897;2.476
28964;50091;1.297
21215;8771;1.212
13092;21215;1.372
8661;8771;1.313
52116;8661;1.312
29170;57427;1.196
15982;57427;1.517
13091;60137;1.277
21215;52116;1.308
50091;8534;1.235
42186;50091;1.353
13092;52116;1.328
15958;41897;2.230
44143;57207;1.627
31042;41937;2.616
60137;8661;1.311
50091;6700;1.665
44143;8400;2.491
21215;57207;1.307
15958;8661;2.147
33983;8771;1.268
15958;41937;2.345
8534;8661;1.292
41937;60137;1.686
13092;15958;2.178
33983;52116;0.909
15982;42186;1.402
28964;8400;2.427
15958;29170;2.061
13091;9125;1.374
6700;8400;2.577
15982;6700;1.761
44143;50091;1.663
15982;8400;2.388
13091;57427;1.309
42186;8534;1.321
31042;52116;2.476
13091;8771;1.286
57427;8661;1.447
41937;9125;1.659
29170;41897;1.627
21215;33983;1.307
15958;21215;2.147
29170;8534;1.304
13092;33983;1.327
33983;57207;0.908
42186;6700;1.852
50091;8400;2.439
41937;8771;1.820
15958;52116;2.081
29170;6700;1.688
13092;8661;1.424
13091;15982;1.349
41937;42186;1.653
41897;60137;1.530
57207;8661;1.311
31042;57207;2.475
29170;41937;1.866
21215;44143;1.441
13092;57207;1.327
52116;8534;1.297
52116;57207;0.909
13092;44143;1.537
41937;57427;1.858
41897;8661;1.482
31042;9125;2.536
21215;8661;1.241
13091;42186;1.366
52116;6700;1.690
28964;60137;0.908
15958;57207;2.080
28964;57427;1.406
21215;31042;2.393
13092;31042;2.524
60137;8534;1.296
44143;9125;1.441
33983;50091;1.297
31042;8771;2.441
42186;60137;1.229
31042;33983;2.475
15982;41897;1.391
15958;8534;2.043
60137;6700;1.689
50091;52116;1.298
33983;44143;1.627
21215;50091;1.285
42186;8400;2.470
41897;42186;1.467
21215;28964;1.307
13092;50091;1.358
13092;28964;1.327
29170;8400;2.451
15958;33983;2.080
8400;9125;2.473
41897;57427;1.586
33983;8661;1.311
