146142271  0
1230701974  1
739418386  2
173192297  3
41206808  4
13084745  5
5672446  6
3002476  7
1818192  8
1206189  9
793654  10
570493  11
407988  12
294593  13
206990  14
167264  15
128233  16
95091  17
77488  18
63104  19
49630  20
32673  21
31839  22
26190  23
22933  24
20114  25
11163  26
4439  27
4085  28
3596  29
873  30
311  31
1264  32
1930  33
1770  34
1560  35
939  36
1275  37
1227  38
2189  39
1196  40
825  41
861  42
459  43
154  44
66  45
31  46
13  47
7  48
338  49
323  50
674  51
246  52
58  53
19  54
10  55
6  56
322  57
427  58
60  59
18  60
4  61
1178  62
373  63
77  64
35  65
9  66
10  67
3  68
1  69
5  71
3  72
1  74
1  75
3  76
1  77
1  80
1  81
378  82
315  83
98  84
23  85
8  86
4  87
3  89
2  90
2  91
1  92
1  94
1  96
1  97
1  99
1  100
