35753;39228;1.724
28938;35753;1.712
34397;35819;1.938
17927;35819;1.974
25019;8895;2.086
31416;48695;1.039
39432;47794;1.777
25019;41176;1.430
17927;39386;2.503
25019;41426;1.533
39386;47794;2.530
25233;35819;1.940
25019;34397;1.401
34426;39432;1.629
39386;8895;2.606
25233;39386;2.459
17927;25019;1.559
35819;39386;2.527
31416;8895;1.987
41176;8895;2.041
31416;39432;1.674
34426;39228;0.941
28938;35819;1.937
39228;39386;2.465
34397;39386;2.464
28938;8895;2.020
17927;41176;1.254
48237;48695;1.830
25233;8895;2.023
28938;39386;2.458
17927;41426;1.348
31416;39228;1.269
17927;34397;1.225
48695;8895;1.963
25233;41176;0.975
35819;41176;1.954
29684;48237;1.939
29684;8895;2.022
25233;41426;1.105
35819;41426;2.052
35753;47794;1.723
31416;35753;1.502
29684;48695;1.231
25233;34397;0.941
41176;41426;1.149
31416;34426;1.266
34426;47794;1.670
39228;41176;0.975
34397;41176;0.974
25019;48237;1.987
39228;41426;1.116
34397;41426;1.112
28938;41176;0.974
34426;35753;1.722
31416;47794;1.539
25019;48695;1.321
35753;35819;2.081
28938;41426;1.100
28938;34397;0.937
47794;48237;1.872
35753;39386;2.576
29684;39432;1.629
25019;29684;1.402
25019;25233;1.391
47794;48695;1.488
39432;41176;1.650
41426;48237;2.022
35819;8895;2.213
31416;35819;1.908
29684;31416;1.266
39432;41426;1.732
39386;41176;2.478
34397;8895;2.021
47794;8895;2.030
41426;48695;1.383
25019;39432;1.704
39228;48237;1.941
34397;48237;1.939
29684;39228;0.941
17927;48237;1.926
39386;41426;2.518
39228;48695;1.234
34397;48695;1.231
17927;48695;1.254
34426;35819;1.938
25019;31416;1.376
25233;48237;1.934
35819;48237;2.223
29684;34426;0.937
17927;31416;1.188
41176;48237;1.961
34426;8895;2.021
34426;39386;2.464
25019;39228;1.403
25233;48695;1.220
17927;29684;1.225
35819;48695;1.880
17927;25233;1.217
41176;48695;1.266
35753;8895;2.102
31416;39386;2.485
29684;47794;1.670
17927;8895;2.061
39386;48237;2.597
25019;34426;1.401
17927;39432;1.840
28938;48237;1.932
39386;48695;2.469
35753;41176;1.746
29684;35753;1.722
28938;48695;1.218
25233;39432;1.631
35819;39432;2.118
25019;47794;1.754
35753;41426;1.828
34426;41176;0.974
25019;28938;1.390
39432;8895;2.119
17927;39228;1.229
39432;48237;1.997
34426;41426;1.112
28938;29684;0.937
25233;31416;1.256
17927;28938;1.213
25019;35753;1.780
25233;29684;0.942
39432;48695;1.640
31416;41176;1.299
39228;39432;1.631
34397;39432;1.629
25233;39228;0.942
35819;39228;1.941
34397;34426;0.937
31416;41426;1.400
17927;34426;1.225
28938;39432;1.629
31416;34397;1.266
41426;47794;1.799
35753;48237;1.927
25233;34426;0.941
29684;35819;1.938
28938;31416;1.253
34397;39228;0.941
17927;47794;1.644
35753;48695;1.563
29684;39386;2.464
28938;39228;0.941
25233;47794;1.661
39386;39432;2.569
35819;47794;2.005
34397;35753;1.722
17927;35753;1.588
25233;28938;0.928
25019;35819;2.020
41176;47794;1.696
28938;34426;0.937
25019;39386;2.493
25233;35753;1.715
48237;8895;2.103
39228;47794;1.672
35753;39432;1.830
34397;47794;1.670
34426;48237;1.939
39228;8895;2.024
41426;8895;2.100
28938;47794;1.658
29684;41176;0.974
34426;48695;1.231
29684;41426;1.112
31416;48237;1.839
29684;34397;0.937
