1653;20514;1.487
25473;42303;1.469
197617;31677;1.439
30880;49079;1.491
197116;51815;1.308
42695;8674;1.517
35706;50168;1.487
21250;33907;1.263
20861;42303;1.452
20514;44581;1.528
1880;50066;1.418
25473;50821;1.488
197617;57084;1.421
31677;50066;1.334
20514;25473;1.326
201456;48803;1.182
29602;31507;0.937
197595;49079;1.462
20861;50821;1.473
34610;51815;1.456
13214;33885;1.073
25146;44838;1.323
20861;61146;1.338
13189;41401;1.494
41340;8473;1.498
197617;50168;1.463
12597;44581;1.537
12381;44838;1.304
35742;50066;1.438
25466;42708;1.525
201456;41340;1.039
13214;34610;1.451
30880;42695;1.471
16117;35742;1.428
29518;49079;1.490
16150;31507;1.518
42708;44581;1.530
13189;41175;1.493
47698;50171;1.272
2839;42695;1.399
30880;42303;1.508
197595;42695;1.428
16117;35706;1.485
42303;50171;1.430
41175;44838;1.378
2874;50171;1.475
15782;41401;1.454
13214;34385;1.362
57084;8473;1.494
30880;50821;1.512
29217;48803;1.420
2839;42303;1.441
197595;42303;1.418
1299;44838;1.542
25473;47698;1.428
197595;197617;1.412
30880;61146;1.423
197617;198840;1.329
198840;44838;1.291
15782;41175;1.386
35706;48803;1.486
33885;34244;1.429
20861;47698;1.326
197595;50821;1.452
44581;51815;1.503
16253;198840;1.442
29468;35742;1.445
21195;44581;1.513
29217;29468;1.441
197595;61146;1.257
1257;41340;1.523
3301;44838;1.353
25466;50066;1.420
198840;25146;1.243
29468;35706;1.493
12552;3301;1.504
12552;13189;1.533
35706;41340;1.485
197617;48803;1.441
12597;16150;1.539
29602;43948;1.409
2874;29518;1.505
197116;34244;1.386
1880;41281;1.501
201456;42695;1.411
1880;197617;1.488
31677;41281;1.471
13214;39651;1.507
12552;197541;1.528
29518;61146;1.431
39651;41943;1.482
30880;47698;1.441
201456;42303;1.440
197617;41340;1.421
12597;16117;1.413
1257;49079;1.521
1880;201456;1.423
1653;44581;1.500
13214;39301;1.439
43948;44838;1.394
35742;41281;1.504
16150;43948;1.511
25473;8674;1.542
201456;50821;1.458
25146;35742;1.353
197595;47698;1.361
16150;29602;1.518
1257;1653;1.527
12552;57084;1.491
12381;35742;1.479
29468;8674;1.516
2874;44581;1.514
25146;35706;1.449
1880;2874;1.487
12597;42318;1.415
34385;49079;1.478
20514;20861;1.417
12381;35706;1.516
12381;197595;1.019
41281;44581;1.519
29217;42695;1.457
12552;50168;1.512
41943;50171;1.200
39301;8674;1.515
21250;31677;1.394
1880;2839;1.385
13189;197617;1.518
16253;44581;1.523
35706;42695;1.505
29217;42303;1.489
16117;197116;1.283
13214;21250;1.364
31507;42318;1.287
16253;25473;1.501
1299;35742;1.541
21250;57084;1.378
15782;31507;1.456
1257;25473;1.545
49079;50066;1.457
197617;6782;1.426
1880;43948;1.454
13189;201456;1.490
1257;50821;1.554
35706;42303;1.532
2839;50168;1.362
31677;43948;1.410
13189;44838;1.487
1299;35706;1.543
25466;41281;1.445
201456;47698;1.319
1257;61146;1.527
29602;41401;1.175
197617;42695;1.363
35706;50821;1.528
21250;50168;1.425
3301;35742;1.365
21195;42318;1.428
197617;42303;1.316
13189;25146;1.471
25466;34610;1.510
39301;57084;1.446
3301;35706;1.452
29602;41175;1.394
197595;20861;1.353
20514;50171;1.424
42303;8473;1.537
197617;50821;1.375
13214;50066;0.928
34385;61146;1.389
33907;44838;1.283
25146;51815;1.325
197116;25466;1.435
16150;41401;1.522
1299;197595;1.563
35742;39651;1.497
197116;8674;1.493
12381;51815;1.295
197116;29468;1.340
12552;48803;1.495
42318;44838;1.305
197116;21195;1.428
39301;50168;1.470
25466;34385;1.389
197541;44838;1.504
41340;44838;1.122
15782;25146;1.452
12597;33885;1.373
197595;20514;1.342
35742;39301;1.491
16253;8473;1.514
16150;41175;1.510
1257;47698;1.518
197116;33907;1.246
25473;49079;1.484
12552;41340;1.491
35706;47698;1.495
20514;3301;1.422
39651;8674;1.528
31507;33885;1.102
1299;51815;1.542
20514;29518;1.501
47698;8473;1.503
42303;42318;1.437
2874;42318;1.469
21250;48803;1.400
21195;2874;1.503
2874;8674;1.531
16253;197617;1.502
20514;30880;1.496
2839;41340;1.252
197617;47698;1.331
39651;43948;1.515
1880;29217;1.436
3301;51815;1.354
25466;39651;1.517
21195;2839;1.432
21250;41340;1.369
21250;29468;1.426
21195;33885;1.427
29217;50168;1.366
12597;30880;1.491
13189;35742;1.496
1257;3301;1.515
39301;48803;1.450
25466;39301;1.475
29518;50171;1.422
34244;44838;1.435
20861;44581;1.472
1257;198840;1.516
13189;35706;1.508
2839;49079;1.452
16253;20861;1.467
20861;25473;1.416
13214;41281;1.454
25473;61146;1.424
1880;41943;1.356
1257;20861;1.515
12552;42695;1.483
43948;51815;1.391
39301;41340;1.446
31677;41943;1.398
25146;34244;1.328
25146;31677;1.398
12381;34244;1.464
33907;35742;1.437
12381;16253;1.433
43948;6782;1.383
1653;50171;1.381
12552;42303;1.513
21195;29518;1.362
16253;20514;1.502
197541;35742;1.507
35742;41943;1.353
33907;35706;1.487
1257;20514;1.546
12552;50821;1.514
21195;30880;1.489
197617;8473;1.537
42303;6782;1.430
2874;33885;1.476
16117;21195;1.431
30880;44581;1.508
197541;35706;1.513
12552;61146;1.495
21250;42695;1.290
1880;197116;1.350
1299;34244;1.539
50066;57084;1.131
41281;50171;1.479
1299;16253;1.546
25466;29217;1.485
197595;44581;1.528
12597;42708;1.544
41943;42318;1.180
201456;49079;1.459
39651;41401;1.513
29602;8674;1.508
2839;50821;1.462
21250;42303;1.343
197595;25473;1.334
16253;6782;1.471
16117;197541;1.504
16253;50171;1.471
1299;6782;1.536
2839;61146;1.254
1653;29518;1.471
50066;50168;1.391
31677;8674;1.517
29217;41340;1.422
21250;50821;1.385
33885;57084;1.100
3301;34244;1.335
49079;6782;1.447
39651;41175;1.514
31507;42708;1.520
1653;30880;1.469
13214;43948;1.383
39301;42695;1.445
29518;44581;1.515
1880;31507;1.417
16150;198840;1.501
47698;6782;1.265
16150;25146;1.521
25466;41943;1.434
197116;31677;1.394
12552;47698;1.479
39301;42303;1.470
12381;13214;1.275
50168;8674;1.503
34385;50171;1.380
2874;30880;1.509
13214;1880;1.415
42695;43948;1.278
34610;8674;1.523
33907;51815;1.265
197116;57084;1.302
34244;35742;1.370
197541;201456;1.511
39301;50821;1.484
29217;49079;1.445
21195;42708;1.527
13189;197116;1.472
201456;44581;1.508
16253;29518;1.479
16117;51815;1.151
20514;42318;1.420
197541;51815;1.506
41340;51815;1.140
201456;25473;1.455
12597;50066;1.403
34244;35706;1.452
2839;47698;1.291
15782;6782;1.443
35706;49079;1.503
34610;57084;1.460
197116;50168;1.247
16253;30880;1.477
25146;25466;1.434
201456;61146;1.179
21250;47698;1.248
12381;25466;1.453
42708;50066;1.519
25473;2874;1.522
25146;29468;1.354
16150;8473;1.539
1299;13214;1.541
41401;44838;1.027
12381;21195;1.478
12381;1880;1.454
34610;50168;1.450
31507;50066;1.127
1880;25146;1.356
197617;49079;1.499
25473;2839;1.417
34385;8473;1.509
2839;3301;1.259
25146;33907;1.250
1653;42708;1.525
29468;51815;1.244
1653;6782;1.380
12381;33907;1.335
1257;44581;1.535
33885;48803;1.105
39301;47698;1.380
1299;25466;1.539
29217;50821;1.501
21195;50066;1.410
198840;35742;1.431
42303;42708;1.547
2874;42708;1.536
1299;29468;1.543
1880;29602;1.417
1299;21195;1.542
29217;61146;1.420
44581;57084;1.507
13214;29217;1.424
41340;8674;1.510
198840;35706;1.484
13214;15782;1.434
43948;8473;1.509
35706;61146;1.485
34385;44581;1.508
34244;51815;1.427
197116;48803;1.284
1299;33907;1.537
35742;43948;1.468
25473;50171;1.418
197541;198840;1.486
44581;50168;1.500
20514;33885;1.399
29518;42318;1.430
197617;25473;1.464
15782;44838;1.439
33907;34244;1.421
33885;33907;1.256
20861;50171;1.253
1257;201456;1.527
34610;48803;1.446
197617;61146;1.441
197116;41340;1.257
16253;197116;1.459
16117;34244;1.425
16117;31677;1.380
12597;41281;1.511
57084;8674;1.510
197541;34244;1.504
16117;16253;1.372
13214;41943;1.306
197116;2874;1.469
47698;50066;1.271
29217;47698;1.428
29518;3301;1.437
1299;8473;1.547
42303;50066;1.419
34610;41340;1.448
2874;50066;1.472
1653;42318;1.362
12597;34610;1.514
41175;51815;1.376
31507;41281;1.472
197116;2839;1.225
49079;8473;1.520
25473;29518;1.500
30880;50171;1.434
20861;29518;1.442
1880;197541;1.501
25466;43948;1.383
20861;8473;1.489
201456;20861;1.370
198840;51815;1.274
198840;201456;1.321
13189;13214;1.479
12597;34385;1.455
33885;42695;1.398
31507;34610;1.446
29468;34244;1.445
29468;31677;1.410
50066;50821;1.425
25466;29602;1.439
1880;41401;1.432
41281;42318;1.479
20861;30880;1.452
197595;50171;1.336
31677;41401;1.393
16150;6782;1.502
50066;61146;1.127
44581;48803;1.499
21250;3301;1.403
13214;198840;1.248
44838;51815;1.153
33885;42303;1.429
12552;49079;1.520
16253;42318;1.459
16150;197617;1.530
41943;42708;1.505
197595;6782;1.330
31507;34385;1.389
201456;20514;1.458
1880;41175;1.448
1257;42318;1.506
16117;6782;1.292
35742;41401;1.446
34385;6782;1.377
31677;41175;1.403
21195;34610;1.497
197116;42695;1.394
15782;8473;1.538
29518;33885;1.424
25473;44581;1.526
16150;201456;1.523
13214;31507;1.117
13189;21195;1.504
197116;42303;1.437
48803;51815;1.153
35742;41175;1.462
34610;42695;1.488
21195;34385;1.349
12597;39651;1.541
34385;42318;1.385
21250;49079;1.473
197595;29518;1.468
197116;50821;1.459
15782;35742;1.506
13189;197541;1.520
12381;31677;1.451
34610;42303;1.522
201456;50171;1.342
1653;33885;1.398
25146;57084;1.323
197595;30880;1.468
1653;8473;1.511
15782;35706;1.537
12381;57084;1.304
12552;44581;1.522
12597;39301;1.491
41281;8473;1.523
41401;51815;1.207
34610;50821;1.522
2874;41281;1.523
1653;34610;1.475
16117;25466;1.438
12552;25473;1.543
31507;39651;1.508
20514;42708;1.547
197541;25466;1.506
16117;29468;1.094
41943;50066;1.311
197541;29468;1.511
29602;44838;1.110
25146;50168;1.345
197617;20861;1.450
197541;21195;1.501
39301;49079;1.495
25466;41401;1.440
20514;21250;1.473
31507;39301;1.450
29518;30880;1.486
2874;34610;1.500
1299;31677;1.542
2839;44581;1.488
1653;34385;1.440
13214;25146;1.306
42695;44838;1.390
16117;33907;1.279
15782;197595;1.437
13214;1653;1.383
198840;34244;1.414
198840;31677;1.334
197541;33907;1.486
21195;39651;1.511
16253;33885;1.375
1299;57084;1.542
12597;198840;1.369
25466;41175;1.386
201456;29518;1.438
197617;20514;1.467
21250;25473;1.470
197116;47698;1.283
16150;44838;1.522
13189;51815;1.486
1257;50171;1.516
12597;21250;1.447
42303;8674;1.540
2874;34385;1.495
21195;39301;1.461
201456;30880;1.458
21250;61146;1.400
1299;50168;1.538
35706;50171;1.476
3301;57084;1.353
13214;29602;1.122
44581;50821;1.534
34610;47698;1.470
20861;6782;1.249
197541;197617;1.533
12597;29217;1.482
33885;50168;1.382
20514;50066;1.428
16253;8674;1.533
12381;1653;1.430
15782;51815;1.440
12597;15782;1.458
39301;44581;1.514
29468;33907;1.338
197617;50171;1.429
1653;39651;1.511
42303;43948;1.366
25473;42318;1.417
42318;51815;1.311
25146;48803;1.306
41401;6782;1.350
12381;48803;1.278
39301;61146;1.450
20861;42318;1.218
16253;197541;1.527
1257;29518;1.530
47698;8674;1.502
29518;42708;1.526
21195;21250;1.344
1880;44838;1.419
43948;57084;1.394
2874;39651;1.515
31677;44838;1.371
12597;41943;1.413
1257;30880;1.530
25146;41340;1.312
12381;29468;1.335
2874;39301;1.518
43948;50168;1.433
197595;8473;1.529
44581;47698;1.496
29602;35742;1.427
16117;8473;1.493
1299;48803;1.542
31507;41943;1.305
197617;29518;1.407
41281;6782;1.478
30880;42318;1.440
29217;44581;1.480
198840;3301;1.284
29602;35706;1.485
1653;21250;1.444
25466;31507;1.438
12552;20861;1.505
2839;42318;1.232
13214;41401;1.182
1299;41340;1.541
13189;34244;1.497
13189;31677;1.496
35706;44581;1.511
3301;48803;1.337
198840;25466;1.358
197595;42318;1.314
13189;16253;1.501
16150;35742;1.532
13214;201456;1.165
198840;29468;1.348
41281;42708;1.529
29518;50066;1.407
25466;8473;1.516
198840;21195;1.335
13189;6782;1.472
33885;41340;1.130
1257;197617;1.547
20514;41281;1.522
16150;35706;1.534
13214;41175;1.367
25473;33885;1.392
16253;42708;1.531
12552;20514;1.544
197617;44581;1.538
198840;33907;1.031
15782;34244;1.495
1257;42708;1.534
20861;33885;1.333
197617;8674;1.540
15782;16253;1.508
25146;42695;1.387
2874;29217;1.473
197541;6782;1.488
16253;21250;1.475
12381;42695;1.445
20514;34610;1.514
43948;48803;1.409
20861;34610;1.457
1653;50066;1.387
12552;197595;1.532
33907;57084;1.283
3301;33907;1.286
197541;31677;1.512
13214;3301;1.339
25146;42303;1.440
39651;44838;1.512
33885;49079;1.448
12381;42303;1.439
16117;57084;1.138
12597;8473;1.542
197541;57084;1.504
41340;57084;1.122
34385;42708;1.521
25146;50821;1.462
201456;42318;1.299
1880;35742;1.433
16150;197116;1.523
1257;16150;1.543
20514;34385;1.479
12552;50171;1.505
33907;50168;1.380
31677;35742;1.457
29602;51815;1.155
20861;34385;1.409
41281;50066;1.454
2874;41943;1.451
1880;35706;1.488
16117;50168;1.384
1299;42695;1.538
30880;33885;1.444
197541;50168;1.493
41340;50168;1.365
31677;35706;1.491
201456;3301;1.374
197116;49079;1.412
1257;16117;1.527
44581;6782;1.458
25473;30880;1.495
16253;50066;1.378
12597;197617;1.438
12381;3301;1.361
2839;33885;1.268
1299;42303;1.564
2839;50171;1.249
197595;33885;1.165
16150;51815;1.518
21195;41281;1.459
34610;49079;1.496
3301;42695;1.406
29468;57084;1.209
1299;50821;1.565
21250;50171;1.377
197595;34610;1.481
12597;201456;1.435
1880;3301;1.368
41401;8473;1.499
29518;41281;1.446
29217;42318;1.260
12552;29518;1.491
33885;50821;1.442
3301;42303;1.450
12381;13189;1.504
20514;39651;1.535
29468;50168;1.413
25146;47698;1.290
13189;25466;1.498
34385;50066;1.366
33885;61146;1.102
12597;43948;1.455
12381;47698;1.386
12552;30880;1.520
35706;42318;1.477
13189;29468;1.492
12597;29602;1.412
29518;34610;1.498
16150;8674;1.537
25146;3301;1.026
20514;39301;1.503
34244;57084;1.435
33907;48803;1.280
31507;3301;1.336
42708;43948;1.524
39301;50171;1.396
2839;29518;1.435
197116;25473;1.413
1653;41281;1.505
16117;48803;0.914
13189;33907;1.467
41943;6782;1.191
31507;43948;1.409
25466;6782;1.441
201456;33885;1.184
197617;42318;1.436
197541;48803;1.504
1880;51815;1.420
15782;25466;1.432
41340;48803;1.127
34385;8674;1.512
2839;30880;1.425
197116;61146;1.283
1299;13189;1.548
31677;51815;1.342
29518;34385;1.354
2874;31507;1.472
15782;29468;1.473
34244;50168;1.410
15782;21195;1.417
44581;49079;1.520
33907;41340;1.267
25473;42708;1.546
1299;47698;1.536
43948;50821;1.402
13214;44838;1.121
12552;6782;1.505
20861;42708;1.509
16117;41340;1.125
34610;61146;1.446
29602;34244;1.424
29602;31677;1.378
197541;41340;1.502
33885;47698;1.308
15782;33907;1.369
21195;43948;1.339
12381;50168;1.408
41175;57084;1.378
20861;21250;1.407
13189;8473;1.528
16253;41281;1.503
43948;8674;1.518
29468;48803;1.094
12597;6782;1.420
21250;44581;1.509
16150;34244;1.530
16150;31677;1.519
1257;33885;1.527
41175;50168;1.427
29217;50171;1.395
20514;29217;1.468
198840;57084;1.291
16150;16253;1.526
16253;34610;1.490
16117;49079;1.461
50821;6782;1.444
29518;39651;1.513
197541;8473;1.530
1257;34610;1.530
35706;6782;1.475
30880;42708;1.524
29468;41340;1.212
12597;41401;1.432
44838;57084;0.909
34385;41281;1.446
25473;50066;1.423
198840;50168;1.381
1653;43948;1.454
43948;47698;1.288
29518;39301;1.454
2839;42708;1.512
34244;48803;1.426
197595;42708;1.538
16253;34385;1.474
12552;16150;1.531
44581;61146;1.499
20861;50066;1.342
1299;8674;1.546
33907;42695;1.295
1257;34385;1.524
197617;33885;1.427
12597;41175;1.448
44838;50168;1.396
3301;50168;1.362
20514;41943;1.402
34385;34610;1.492
31507;41401;1.196
2874;43948;1.494
197595;21250;1.418
16117;42695;1.406
49079;8674;1.523
197541;42695;1.500
41340;42695;1.382
33907;42303;1.343
2874;29602;1.472
39651;51815;1.508
34244;41340;1.423
29468;49079;1.475
29217;29518;1.480
12552;16117;1.495
48803;57084;1.140
1880;34244;1.422
44581;8473;1.528
20861;8674;1.503
1653;39301;1.481
16117;42303;1.443
33907;50821;1.377
31677;34244;1.443
197541;42303;1.533
41340;42303;1.422
31507;41175;1.395
29217;30880;1.480
16150;197541;1.534
16117;50821;1.455
50821;51815;1.427
197541;50821;1.535
12381;41340;1.296
48803;50168;1.384
41340;50821;1.438
41175;48803;1.395
30880;50066;1.436
16117;61146;0.909
13214;35742;1.437
41401;57084;1.027
21195;29217;1.473
12552;42318;1.505
1257;197116;1.505
35742;44838;1.440
197116;20861;1.212
16253;39651;1.527
201456;42708;1.522
29468;42695;1.431
15782;8674;1.543
1257;39651;1.538
197595;50066;1.258
13214;35706;1.487
198840;48803;1.295
50066;50171;1.296
41175;41340;1.368
13214;197617;1.415
41401;50168;1.408
197617;30880;1.506
16253;39301;1.513
29468;42303;1.462
25146;49079;1.436
1257;39301;1.531
197116;20514;1.417
12381;49079;1.463
44838;48803;1.140
29217;3301;1.269
29468;50821;1.472
16117;197595;1.257
29602;33907;1.282
21195;41943;1.424
198840;41340;1.283
41943;8473;1.485
34385;39651;1.513
33907;47698;1.068
21250;42318;1.389
20514;31507;1.429
16150;25466;1.526
13189;57084;1.487
29468;61146;1.094
25473;41281;1.521
34244;42695;1.446
1653;8674;1.517
1653;29217;1.442
16150;29468;1.522
20514;6782;1.420
16150;21195;1.514
16117;47698;1.271
41281;8674;1.524
29518;41943;1.431
20861;41281;1.484
197541;47698;1.492
41340;47698;1.281
3301;41340;1.342
34385;39301;1.428
29217;42708;1.522
2874;41401;1.482
15782;31677;1.454
12552;8473;1.527
34244;42303;1.489
13189;50168;1.483
25473;34610;1.513
12597;31507;1.413
25466;44838;1.422
16150;33907;1.502
1299;49079;1.540
201456;50066;1.175
197116;50171;1.265
15782;57084;1.439
12597;197116;1.410
41943;43948;1.392
35706;42708;1.524
34244;50821;1.479
1257;21250;1.526
197617;2874;1.528
39301;42318;1.431
2874;41175;1.493
42318;57084;1.305
1653;41943;1.346
25473;34385;1.476
25146;25473;1.396
13214;51815;0.997
34610;50171;1.454
16253;29217;1.482
15782;50168;1.476
12381;25473;1.341
12552;33885;1.494
41401;48803;1.198
41175;42695;1.279
3301;49079;1.449
197617;2839;1.438
12381;50821;1.467
29468;47698;1.336
197617;42708;1.546
1880;25466;1.477
30880;41281;1.503
25146;61146;1.305
50821;8473;1.537
12381;61146;1.277
57084;61146;1.138
42318;50168;1.249
1880;21195;1.467
41175;42303;1.364
35706;8473;1.501
42695;51815;1.387
198840;42695;1.271
197595;41281;1.500
41281;41943;1.477
41175;50821;1.404
30880;34610;1.474
21195;31507;1.431
197116;29518;1.430
1257;50066;1.528
33907;6782;1.240
12597;25146;1.413
41175;61146;1.394
198840;42303;1.335
16253;41943;1.461
1299;25473;1.563
31507;44838;1.138
2839;34610;1.455
21250;33885;1.384
20514;43948;1.470
43948;49079;1.474
34244;47698;1.427
20861;43948;1.411
13189;48803;1.484
35706;50066;1.487
33885;44581;1.503
20514;29602;1.428
198840;50821;1.373
1299;61146;1.542
30880;34385;1.478
25473;39651;1.535
198840;61146;1.294
44581;50171;1.458
20861;39651;1.487
2839;34385;1.389
44838;50821;1.442
3301;50821;1.469
197595;34385;1.430
13189;41340;1.481
25473;39301;1.502
197617;50066;1.417
15782;48803;1.456
34385;41943;1.389
3301;61146;1.336
197116;44581;1.487
1653;31507;1.390
20861;39301;1.435
201456;41281;1.479
197595;8674;1.532
42318;48803;1.287
16150;2874;1.541
41175;47698;1.251
25466;35742;1.494
21195;25146;1.424
16117;8674;1.508
21250;29518;1.345
34610;44581;1.509
15782;41340;1.438
48803;50821;1.455
41401;42695;1.397
201456;34610;1.460
25466;35706;1.516
21250;30880;1.469
197595;43948;1.429
16150;2839;1.517
13214;34244;1.423
13189;49079;1.514
30880;39651;1.515
198840;47698;1.068
43948;61146;1.409
41401;42303;1.444
35742;51815;1.441
2839;39651;1.498
16253;31507;1.372
197595;39651;1.534
1257;197541;1.530
30880;39301;1.491
29602;57084;1.110
25466;8674;1.515
21195;29602;1.431
201456;34385;1.395
44838;47698;1.300
41401;50821;1.458
3301;47698;1.326
29518;43948;1.365
20514;8473;1.538
1257;41281;1.537
42303;44838;1.423
2839;39301;1.436
20514;41401;1.441
1653;25146;1.346
33907;49079;1.435
29518;29602;1.431
25473;29217;1.466
197595;39301;1.475
12552;42708;1.537
29217;33885;1.428
13189;42695;1.494
29602;50168;1.384
1880;197595;1.452
12381;20861;1.369
35706;41281;1.520
20861;29217;1.256
197541;49079;1.509
41340;49079;1.445
31507;35742;1.428
29217;34610;1.474
16150;57084;1.522
20514;41175;1.463
13189;42303;1.519
1653;198840;1.398
31507;35706;1.485
13189;50821;1.526
12597;8674;1.539
33885;42318;1.282
21195;3301;1.430
197617;41281;1.480
197116;201456;1.298
1653;29602;1.385
15782;42695;1.382
12381;20514;1.351
16150;50168;1.524
29217;34385;1.462
25473;41943;1.396
13189;61146;1.483
1257;8473;1.539
2839;6782;1.242
25466;51815;1.429
21250;42708;1.520
201456;39651;1.512
1299;20861;1.533
42318;42695;1.397
20861;41943;1.060
16253;2874;1.494
15782;42303;1.355
41401;47698;1.337
1299;2874;1.546
197617;34610;1.521
12597;197541;1.529
13214;197116;1.288
41281;43948;1.455
201456;39301;1.455
1880;31677;1.454
15782;50821;1.401
197116;42318;0.951
16253;2839;1.452
16117;44581;1.499
12552;50066;1.488
13189;197595;1.500
1299;2839;1.541
33907;8473;1.501
30880;3301;1.456
25146;50171;1.200
197595;29217;1.448
1880;57084;1.419
16253;43948;1.475
16117;25473;1.424
1299;20514;1.563
42318;50821;1.460
33907;61146;1.279
197541;25473;1.529
31677;57084;1.371
21195;41401;1.428
20861;2874;1.460
197617;34385;1.361
16253;29602;1.373
1257;43948;1.523
39301;42708;1.525
29602;48803;0.941
42318;61146;1.287
34610;42318;1.438
197541;61146;1.504
41401;8674;1.514
41340;61146;1.124
13214;25466;1.418
29518;41401;1.434
13189;47698;1.471
34244;49079;1.475
30880;41943;1.440
29217;39651;1.499
2839;50066;1.253
20861;2839;1.263
21195;41175;1.340
13214;21195;1.408
50171;6782;0.948
29602;41340;1.123
21250;50066;1.368
201456;21250;1.397
41943;44838;1.323
35706;39651;1.517
34385;43948;1.323
197595;41943;1.325
16150;48803;1.518
15782;2874;1.532
29518;41175;1.366
29468;44581;1.510
29217;39301;1.486
1299;50171;1.537
25146;29518;1.431
15782;47698;1.364
1653;41401;1.412
35706;39301;1.518
33885;50171;1.295
15782;2839;1.452
20861;31507;1.338
201456;29217;1.433
197116;198840;1.265
197617;39651;1.543
16150;41340;1.522
49079;51815;1.463
42318;47698;1.288
41175;49079;1.471
39301;50066;1.439
1653;41175;1.442
1653;2874;1.460
25466;34244;1.486
197617;39301;1.469
197116;33885;1.279
41281;41401;1.471
198840;49079;1.435
13189;8674;1.527
1299;29518;1.542
1880;48803;1.417
1653;2839;1.219
34244;61146;1.425
25146;44581;1.465
20514;44838;1.435
201456;41943;1.350
16253;41401;1.396
12552;41281;1.492
31677;48803;1.380
12381;44581;1.527
39651;57084;1.512
30880;31507;1.424
44838;49079;1.462
43948;50171;1.387
29602;42695;1.406
16253;197595;1.425
1257;6782;1.516
1257;29217;1.523
20514;25146;1.402
197541;8674;1.521
1880;29468;1.442
16253;41175;1.472
12552;34610;1.527
1257;15782;1.549
197595;31507;1.257
12597;44838;1.413
29602;42303;1.444
50821;57084;1.442
41175;44581;1.508
39651;50168;1.512
2839;41281;1.482
197617;21250;1.338
35742;6782;1.411
34385;41401;1.401
29602;50821;1.455
42708;44838;1.523
29217;50066;1.426
21250;41281;1.445
1880;33907;1.408
16150;42695;1.512
1299;44581;1.545
25473;43948;1.467
12552;34385;1.483
48803;49079;1.461
31677;33907;1.290
2839;8473;1.499
25473;29602;1.423
198840;44581;1.492
197116;30880;1.438
16117;20861;1.338
29518;31507;1.431
25473;3301;1.416
197617;29217;1.488
197541;20861;1.491
1257;41943;1.514
198840;25473;1.394
16150;42303;1.530
1257;12597;1.546
34385;41175;1.307
20861;29602;1.340
1653;197617;1.480
21250;34610;1.488
35706;41943;1.449
3301;44581;1.468
29468;3301;1.377
16150;50821;1.535
50168;51815;1.399
44581;8674;1.525
41401;49079;1.469
1653;201456;1.402
16117;20514;1.429
12381;16150;1.537
39301;41281;1.496
21195;44838;1.421
197541;20514;1.530
201456;31507;1.180
44838;61146;1.138
21250;34385;1.291
197617;41943;1.437
33885;42708;1.520
1880;42695;1.451
30880;43948;1.473
29602;47698;1.272
12381;16117;1.277
12552;39651;1.525
39651;48803;1.508
31677;42695;1.409
13214;197541;1.504
50171;8473;1.502
43948;44581;1.511
33907;50171;1.248
197595;2874;1.508
48803;6782;1.293
2839;43948;1.403
25466;29468;1.455
1880;42303;1.489
20514;35742;1.491
16117;2874;1.472
13214;31677;1.329
1299;16150;1.547
31677;42303;1.440
16117;50171;1.297
13214;16253;1.375
12552;39301;1.515
48803;61146;0.914
197595;29602;1.263
197541;50171;1.488
41340;50171;1.301
39651;41340;1.508
25146;42318;1.180
197595;2839;1.314
197116;42708;1.503
1653;44838;1.389
13214;57084;1.121
20514;35706;1.530
16150;47698;1.503
12381;42318;1.330
29518;8473;1.512
25466;33907;1.366
16117;2839;1.254
41943;8674;1.496
1257;31507;1.527
12597;35742;1.508
1299;16117;1.542
25473;41401;1.437
21250;39651;1.514
29217;41281;1.506
15782;49079;1.507
41401;61146;1.197
34610;42708;1.524
2874;44838;1.479
42695;57084;1.390
25466;2874;1.514
20861;41401;1.360
197116;3301;1.215
12597;35706;1.533
12552;8674;1.533
12597;1299;1.563
42318;49079;1.414
41281;44838;1.461
33885;6782;1.293
21250;39301;1.432
25473;41175;1.461
51815;8473;1.499
29468;50171;1.351
197116;197617;1.433
12552;21250;1.483
25466;2839;1.437
16117;29518;1.431
1299;42318;1.536
42695;50168;1.429
20861;41175;1.388
197541;29518;1.509
16253;44838;1.386
13189;44581;1.524
21250;8473;1.507
201456;43948;1.414
1299;201456;1.543
13189;25473;1.520
39301;39651;1.518
201456;29602;1.179
16117;30880;1.424
12552;29217;1.517
197116;50066;1.293
16253;25146;1.461
3301;42318;1.221
21195;35742;1.471
12597;2874;1.530
12552;15782;1.519
50821;8674;1.546
30880;41401;1.461
1257;25146;1.514
42708;8473;1.539
2874;3301;1.455
198840;6782;1.232
12381;198840;1.316
39651;42695;1.514
35706;8674;1.530
34244;50171;1.392
198840;20861;1.290
33907;44581;1.492
15782;25473;1.481
21195;35706;1.506
34610;50066;1.452
197595;41401;1.319
12597;2839;1.417
42318;44581;1.487
35742;8473;1.498
29468;29518;1.452
39651;42303;1.543
30880;41175;1.472
2839;29217;1.398
25146;33885;1.295
197541;44581;1.524
15782;61146;1.456
41340;44581;1.504
13214;48803;1.119
12381;33885;1.197
12381;50171;1.342
29468;30880;1.447
29217;43948;1.459
12552;41943;1.503
39651;50821;1.540
198840;20514;1.402
12597;51815;1.416
197595;41175;1.421
1257;29602;1.527
35706;43948;1.507
1880;50168;1.383
1653;35742;1.432
42695;48803;1.406
13214;29468;1.220
42708;51815;1.519
35742;57084;1.440
31677;50168;1.445
41175;50171;1.361
31507;51815;1.151
2839;41943;1.213
1653;35706;1.487
1299;33885;1.542
2874;35742;1.461
42318;6782;1.265
197617;43948;1.362
13214;33907;1.236
35742;50168;1.429
34244;6782;1.391
21250;41943;1.389
25473;31507;1.424
201456;41401;1.217
198840;50171;1.240
197617;29602;1.442
1299;198840;1.536
44581;50066;1.499
29518;6782;1.421
12381;29518;1.481
2874;35706;1.493
25146;30880;1.440
33885;34610;1.456
21195;51815;1.411
16253;35742;1.479
12381;30880;1.470
48803;8473;1.493
44838;50171;1.335
3301;50171;1.245
16117;16150;1.518
39651;47698;1.504
29602;49079;1.460
201456;41175;1.397
201456;6782;1.340
197116;41281;1.478
34244;44581;1.470
25466;31677;1.451
16253;35706;1.495
12381;6782;1.336
51815;6782;1.317
42695;49079;1.473
39301;41943;1.425
33885;34385;1.386
29602;3301;1.338
12552;31507;1.495
25466;57084;1.422
34610;41281;1.519
21250;6782;1.373
197116;34610;1.437
31677;3301;1.408
20861;44838;1.352
20514;8674;1.542
198840;29518;1.344
16150;49079;1.529
13214;42695;1.379
48803;50171;1.298
1299;30880;1.546
1257;41401;1.528
13189;20861;1.480
13189;2874;1.489
1653;197116;1.360
33907;42318;1.254
25466;50168;1.461
198840;30880;1.442
1653;51815;1.399
33885;8473;1.500
13214;42303;1.417
35706;41401;1.494
2839;31507;1.254
197116;34385;1.383
1880;41340;1.406
12597;34244;1.494
42708;6782;1.504
35742;48803;1.429
20861;25146;1.060
16117;42318;1.287
12597;16253;1.491
31677;41340;1.363
197541;42318;1.483
13189;2839;1.437
1257;41175;1.520
47698;51815;1.293
41340;42318;1.260
16150;197595;1.538
41401;50171;1.352
25146;6782;1.191
13189;20514;1.521
42303;51815;1.424
2874;51815;1.476
197541;2874;1.523
15782;20861;1.463
6782;8473;1.501
35706;41175;1.506
25146;42708;1.505
197617;41401;1.442
12381;42708;1.536
35742;41340;1.436
33885;39651;1.511
31507;34244;1.425
31507;31677;1.380
29602;61146;0.937
1257;8674;1.536
30880;44838;1.449
42695;50821;1.404
29217;41943;1.328
197541;2839;1.489
198840;8473;1.498
1880;49079;1.466
42695;61146;1.406
15782;20514;1.484
33885;39301;1.446
31677;49079;1.487
197617;41175;1.364
197595;44838;1.282
16150;25473;1.544
29468;42318;1.341
13189;50171;1.473
21195;34244;1.454
197116;39651;1.498
16150;61146;1.518
33907;8674;1.502
61146;8473;1.493
12552;43948;1.483
1299;42708;1.544
197595;25146;1.325
12381;197617;1.433
50171;51815;1.320
49079;57084;1.462
25466;48803;1.438
12552;29602;1.495
44838;8473;1.494
29518;44838;1.419
197116;39301;1.429
34610;39651;1.521
15782;50171;1.446
12381;201456;1.329
25146;50066;1.311
49079;50168;1.405
34244;42318;1.387
3301;42708;1.507
12597;13214;1.401
25466;41340;1.421
42695;47698;1.284
34610;39301;1.505
16117;33885;1.102
42318;50171;1.266
2839;29602;1.246
20861;35742;1.369
197541;33885;1.506
13214;8473;1.495
1880;25473;1.492
42318;8473;1.500
35742;42695;1.464
21250;43948;1.288
201456;44838;1.160
1880;50821;1.498
1653;34244;1.435
13189;29518;1.503
34244;8473;1.495
12552;1257;1.539
41401;44581;1.509
31677;50821;1.432
20514;21195;1.495
12552;1299;1.546
20861;35706;1.455
1880;61146;1.416
29217;31507;1.420
13189;30880;1.496
35742;42303;1.499
31677;61146;1.379
197116;21250;1.386
2874;34244;1.463
2874;31677;1.488
201456;25146;1.350
12597;25466;1.466
41943;51815;1.325
13214;50168;1.388
1299;50066;1.541
35742;50821;1.496
197541;197595;1.525
12597;29468;1.438
201456;8473;1.504
15782;29518;1.406
12597;21195;1.482
42303;57084;1.423
41175;42318;1.377
1299;197617;1.563
12381;8473;1.528
39301;43948;1.447
33885;50066;1.082
29468;33885;1.204
39651;49079;1.526
30880;35742;1.482
197116;29217;1.251
12552;2874;1.531
12597;33907;1.373
197617;31507;1.441
198840;42318;1.271
1257;44838;1.526
30880;35706;1.511
197595;35742;1.475
1880;8473;1.512
12552;41401;1.496
197541;30880;1.515
1880;47698;1.418
12552;2839;1.511
25466;42695;1.384
50168;57084;1.396
31677;47698;1.339
197595;35706;1.517
31507;33907;1.279
21195;25466;1.427
15782;44581;1.541
12552;41175;1.484
25466;42303;1.411
197116;41943;1.170
20514;51815;1.437
34385;44838;1.379
29518;35742;1.477
2839;41401;1.309
25146;8473;1.485
25146;41281;1.477
20861;51815;1.353
35742;47698;1.443
31507;8473;1.493
16150;20861;1.523
43948;50066;1.386
25466;50821;1.455
21250;41401;1.402
16253;1880;1.483
61146;6782;1.292
34610;41943;1.447
29518;35706;1.509
1299;1880;1.540
2839;8674;1.502
21195;33907;1.337
1653;197541;1.511
2839;41175;1.384
25146;34610;1.447
21250;29217;1.460
12552;12597;1.534
29217;29602;1.419
12381;34610;1.485
44838;6782;1.332
197617;25146;1.437
39651;61146;1.508
16150;20514;1.544
21250;41175;1.296
13214;41340;1.108
13189;16150;1.532
33907;42708;1.508
1653;25466;1.474
29602;50171;1.302
1299;41281;1.543
25146;34385;1.389
41401;42318;1.334
1653;21195;1.467
16117;42708;1.520
1257;197595;1.545
12381;34385;1.447
50821;61146;1.455
39301;41401;1.458
197541;42708;1.528
13214;6782;1.283
41340;42708;1.518
33885;41281;1.463
198840;33885;1.252
1880;20861;1.374
13189;16117;1.483
16117;21250;1.400
1299;34610;1.545
2874;29468;1.480
15782;16150;1.534
25466;47698;1.357
39301;41175;1.431
16150;50171;1.502
51815;57084;1.153
15782;1880;1.494
13214;49079;1.456
50171;8674;1.499
3301;33885;1.325
3301;6782;1.241
1257;35742;1.530
2874;33907;1.476
1880;20514;1.493
1299;34385;1.539
3301;34610;1.457
15782;16117;1.456
13189;42318;1.473
29518;51815;1.409
16253;21195;1.478
34244;8674;1.514
29468;42708;1.526
1257;35706;1.533
49079;50821;1.516
29518;8674;1.519
25146;39651;1.482
33907;50066;1.242
25473;44838;1.431
12381;39651;1.534
8473;8674;1.538
20514;34244;1.476
20514;31677;1.477
49079;61146;1.461
20861;34244;1.333
3301;34385;1.402
1880;6782;1.411
1653;1880;1.432
16117;50066;1.127
34385;35742;1.460
29217;41401;1.437
197541;50066;1.504
41340;50066;1.120
25146;39301;1.425
15782;42318;1.452
12597;197595;1.307
16150;29518;1.514
15782;201456;1.456
12381;39301;1.474
197116;197541;1.482
20514;2874;1.523
34385;35706;1.502
12597;31677;1.461
51815;8674;1.510
34244;42708;1.517
1257;1299;1.542
29217;41175;1.450
16253;3301;1.464
13214;25473;1.422
33885;43948;1.401
29602;44581;1.500
13214;50821;1.422
21250;8674;1.510
21250;31507;1.400
12597;57084;1.413
12552;44838;1.491
1299;39651;1.547
31507;6782;1.292
20514;2839;1.422
13214;61146;1.117
12381;197116;1.325
42695;44581;1.509
41281;51815;1.456
42708;57084;1.523
29468;50066;1.226
1299;39301;1.542
12597;50168;1.454
12552;25146;1.503
42708;8674;1.532
41175;8473;1.509
3301;39651;1.483
31507;57084;1.138
197116;43948;1.398
16253;51815;1.378
16150;44581;1.537
12381;21250;1.437
2839;44838;1.272
1257;2874;1.539
197116;29602;1.287
1257;51815;1.529
42708;50168;1.510
41175;42708;1.522
13189;33885;1.484
35742;8674;1.517
29217;8473;1.494
3301;39301;1.440
21195;31677;1.421
34610;43948;1.490
31507;50168;1.384
25146;29217;1.328
1257;2839;1.518
35742;49079;1.489
34244;50066;1.425
21195;57084;1.421
29518;34244;1.460
198840;42708;1.510
13214;47698;1.266
50168;50821;1.482
21250;25146;1.389
34385;51815;1.368
33907;41281;1.436
1299;21250;1.539
15782;33885;1.449
16117;41281;1.472
25473;35742;1.489
21195;50168;1.454
197541;41281;1.516
15782;198840;1.363
12381;50066;1.281
1299;197116;1.535
50066;6782;1.289
39301;44838;1.446
1880;44581;1.503
33907;34610;1.465
25146;41943;0.925
31677;44581;1.504
20514;25466;1.487
16150;1880;1.532
1299;29217;1.538
39651;50171;1.484
25473;35706;1.529
1653;31677;1.428
20514;29468;1.450
16117;34610;1.446
12597;48803;1.414
1299;15782;1.564
21250;29602;1.400
21195;6782;1.417
197541;34610;1.524
20861;21195;1.436
41175;50066;1.370
1653;57084;1.389
16117;1880;1.417
33907;34385;1.273
197617;3301;1.449
42708;48803;1.520
48803;8674;1.509
20514;33907;1.410
47698;57084;1.300
3301;8473;1.488
25466;49079;1.481
16117;34385;1.389
12597;41340;1.411
31507;48803;0.914
29468;41281;1.484
197541;34385;1.506
29602;42318;1.291
2874;57084;1.479
198840;50066;1.255
197116;41401;1.331
35742;61146;1.428
1299;41943;1.533
15782;30880;1.510
30880;6782;1.432
16253;34244;1.481
16253;31677;1.463
47698;50168;1.389
41401;42708;1.526
44838;50066;1.131
33885;41943;1.295
3301;50066;1.343
29468;34610;1.460
16253;1653;1.474
13214;20861;1.338
1257;34244;1.527
42303;50168;1.466
34610;41401;1.467
31507;41340;1.125
29217;44838;1.431
2874;50168;1.481
2839;35742;1.406
197116;41175;1.376
1299;1653;1.545
12552;201456;1.497
21195;48803;1.431
42695;6782;1.380
16150;42318;1.523
35706;44838;1.489
34244;41281;1.495
2839;35706;1.476
33885;8674;1.508
197595;21195;1.463
34610;41175;1.488
33907;39651;1.498
29468;34385;1.415
41175;6782;1.361
25473;51815;1.433
25146;31507;1.305
13214;20514;1.427
21195;29468;1.452
16117;39651;1.508
50171;57084;1.335
48803;50066;1.129
197541;39651;1.519
34244;34610;1.472
25466;25473;1.485
13189;42708;1.528
12381;41281;1.503
33907;39301;1.384
31507;49079;1.461
29217;6782;1.394
197617;44838;1.421
6782;8674;1.498
12597;1880;1.495
39651;44581;1.494
25466;61146;1.438
16117;39301;1.450
197541;39301;1.519
13214;197595;1.251
13189;21250;1.481
12597;42695;1.454
1653;48803;1.392
41401;50066;1.190
34244;34385;1.447
198840;8674;1.500
15782;1653;1.489
41175;41281;1.455
201456;35742;1.448
29518;33907;1.337
2839;2874;1.452
1880;42318;1.352
15782;42708;1.549
12597;42303;1.443
47698;48803;1.272
16150;3301;1.523
31677;42318;1.396
29602;33885;1.102
42303;48803;1.443
2874;48803;1.472
31507;42695;1.406
29468;39651;1.513
201456;35706;1.492
1653;29468;1.414
12597;50821;1.470
12381;197541;1.524
42318;42708;1.504
30880;51815;1.443
61146;8674;1.508
198840;41281;1.438
1257;13214;1.528
42695;50171;1.384
41943;57084;1.323
31507;42303;1.443
2839;51815;1.284
44838;8674;1.510
42708;50821;1.547
29468;39301;1.471
197595;51815;1.277
2874;41340;1.476
197541;21250;1.503
1653;33907;1.379
3301;41281;1.482
16150;33885;1.518
13189;50066;1.480
12552;198840;1.479
31507;50821;1.455
198840;34610;1.468
21195;42695;1.338
197116;31507;1.283
50066;8473;1.496
41943;50168;1.345
31507;61146;0.909
34244;39651;1.488
29217;35742;1.396
25146;43948;1.392
16253;25466;1.498
16117;29217;1.420
13214;8674;1.508
12381;43948;1.445
25146;29602;1.307
21195;42303;1.401
197541;29217;1.513
16253;29468;1.386
1257;25466;1.526
42318;8674;1.494
198840;34385;1.267
35706;35742;1.447
29217;35706;1.469
21195;8473;1.511
15782;50066;1.434
12597;13189;1.516
1257;21195;1.527
34244;39301;1.481
25473;34244;1.475
21195;50821;1.414
42303;49079;1.501
29602;30880;1.424
15782;197617;1.351
12597;47698;1.398
25473;6782;1.414
20861;31677;1.408
16253;33907;1.447
42318;50066;1.296
33907;41943;1.250
1299;197541;1.544
20514;57084;1.435
20861;57084;1.352
201456;8674;1.511
201456;51815;1.190
197617;35742;1.498
42708;47698;1.512
29468;6782;1.349
16117;41943;1.305
1299;43948;1.538
197541;41943;1.481
1880;50171;1.413
12381;8674;1.530
41340;41943;1.312
13214;44581;1.499
1299;29602;1.542
31677;50171;1.411
31507;47698;1.271
16150;30880;1.529
30880;8473;1.525
197617;35706;1.532
39651;42318;1.498
20514;50168;1.455
197116;25146;1.170
1299;3301;1.534
42303;42695;1.367
2874;42695;1.492
13189;1880;1.491
1880;8674;1.500
3301;43948;1.407
198840;39651;1.498
42695;8473;1.508
41943;48803;1.306
35742;50171;1.412
30880;34244;1.476
30880;31677;1.481
2874;42303;1.529
21250;2874;1.493
47698;50821;1.374
21195;47698;1.339
20861;3301;1.107
42303;50821;1.377
2874;50821;1.527
2839;34244;1.394
198840;39301;1.388
47698;61146;1.271
29468;41943;1.355
197595;34244;1.458
197595;31677;1.437
13189;41281;1.520
29217;51815;1.432
21250;2839;1.390
42303;61146;1.443
25146;8674;1.496
1880;29518;1.465
31507;8674;1.508
29602;42708;1.520
25146;41401;1.332
21250;44838;1.378
197595;57084;1.282
16150;1653;1.524
35706;51815;1.488
1880;30880;1.462
12381;29217;1.456
13189;34610;1.508
15782;3301;1.462
12381;15782;1.455
29518;31677;1.420
25146;41175;1.361
16117;1653;1.390
15782;41281;1.483
16117;31507;0.909
34244;41943;1.328
16150;42708;1.535
50168;61146;1.383
29518;57084;1.419
20514;48803;1.430
197617;51815;1.422
20861;48803;1.338
198840;21250;1.254
13189;34385;1.488
25466;50171;1.444
15782;34610;1.524
1299;41401;1.542
12381;12552;1.535
12552;13214;1.488
42303;47698;1.335
2874;47698;1.481
25473;29468;1.447
201456;34244;1.440
201456;31677;1.385
12381;41943;1.340
29518;50168;1.456
20861;25466;1.447
12381;12597;1.332
33885;41401;1.172
20514;41340;1.432
1653;3301;1.356
20861;29468;1.377
198840;29217;1.410
1299;41175;1.538
29602;50066;1.133
15782;34385;1.389
35742;44581;1.478
25473;33907;1.404
41943;42695;1.387
29468;31507;1.094
13189;43948;1.494
41175;41943;1.361
33885;41175;1.388
13214;42318;1.291
12552;35742;1.514
20861;33907;1.294
1880;42708;1.495
1653;50168;1.426
13189;3301;1.475
41943;42303;1.440
25466;29518;1.433
31677;42708;1.522
12552;197617;1.513
12552;35706;1.527
13189;39651;1.531
20514;49079;1.485
16150;50066;1.517
41281;57084;1.461
198840;41943;1.243
41943;50821;1.462
12597;1653;1.489
29217;34244;1.376
1257;31677;1.529
25473;8473;1.538
1257;16253;1.538
41943;61146;1.305
33907;43948;1.297
16253;57084;1.386
13189;39301;1.518
197541;3301;1.484
3301;41943;1.026
197595;25466;1.446
1257;57084;1.526
41281;50168;1.491
21250;35742;1.464
16117;43948;1.409
12597;49079;1.475
29468;8473;1.496
197595;29468;1.318
197541;43948;1.501
15782;39651;1.545
12552;1880;1.516
51815;61146;1.151
41340;43948;1.386
16117;29602;0.937
30880;33907;1.438
29518;48803;1.431
197541;29602;1.505
16253;50168;1.472
49079;50171;1.448
21250;35706;1.504
20514;42695;1.469
12381;31507;1.277
42708;49079;1.521
25466;44581;1.512
21195;41340;1.414
2839;33907;1.254
15782;39301;1.476
39301;8473;1.528
197617;34244;1.489
197595;33907;1.312
34385;57084;1.379
20514;42303;1.470
29518;41340;1.413
20514;50821;1.490
41943;47698;1.290
41175;8674;1.515
29468;43948;1.434
34385;50168;1.434
29602;41281;1.472
20514;61146;1.429
16117;198840;1.294
12552;51815;1.489
29468;29602;1.094
13214;50171;1.290
1299;31507;1.542
21195;49079;1.489
201456;25466;1.437
41401;41943;1.338
29217;8674;1.515
201456;29468;1.242
198840;31507;1.294
198840;2874;1.476
13189;29217;1.501
12597;25473;1.350
201456;21195;1.436
1653;41340;1.385
29602;6782;1.297
197595;3301;1.353
15782;21250;1.369
13189;15782;1.525
29602;34610;1.448
41281;48803;1.472
39651;42708;1.535
16117;3301;1.336
12597;61146;1.413
15782;197116;1.450
12381;25146;1.340
35742;42318;1.407
31677;6782;1.409
198840;2839;1.294
16150;41281;1.530
31507;44581;1.499
201456;33907;1.310
34244;43948;1.452
197116;8473;1.499
16253;48803;1.372
33907;41401;1.323
42708;61146;1.520
21250;51815;1.375
15782;29217;1.498
1257;48803;1.527
29602;34385;1.389
41281;41340;1.463
16117;41401;1.196
197541;41401;1.505
16150;34610;1.534
13189;41943;1.471
41340;41401;1.184
20514;47698;1.433
1653;49079;1.495
13214;29518;1.406
50168;6782;1.379
33907;41175;1.265
33885;44838;1.100
29518;42695;1.366
25466;3301;1.443
16253;41340;1.386
34610;6782;1.453
12381;29602;1.282
197595;201456;1.307
13214;30880;1.436
1257;29468;1.530
13189;1653;1.439
1299;25146;1.533
50168;50171;1.381
47698;49079;1.448
21195;25473;1.494
16117;41175;1.395
39651;8473;1.532
25473;31677;1.475
197541;41175;1.500
13214;2874;1.471
12381;1257;1.543
34385;48803;1.389
29518;42303;1.407
2874;49079;1.512
16150;34385;1.507
12381;1299;1.562
39301;51815;1.446
21195;61146;1.431
15782;41943;1.452
41175;43948;1.286
25473;57084;1.431
41281;49079;1.505
29518;50821;1.415
29217;33907;1.419
2874;8473;1.515
1257;33907;1.517
39651;50066;1.507
3301;8674;1.499
197116;44838;1.302
13214;2839;1.247
1653;42695;1.450
29468;41401;1.255
25466;42318;1.437
1880;33885;1.420
34385;41340;1.369
197617;25466;1.407
16253;49079;1.504
31677;33885;1.365
29602;39651;1.508
25473;50168;1.454
198840;43948;1.275
197617;29468;1.460
12597;3301;1.434
201456;2874;1.482
197617;21195;1.401
1880;34610;1.455
1653;42303;1.481
34610;44838;1.460
198840;29602;1.299
12552;34244;1.512
12552;31677;1.492
31677;34610;1.488
20861;50168;1.362
1653;197595;1.425
12552;16253;1.512
12381;2874;1.513
39301;6782;1.394
29468;41175;1.421
1653;25473;1.485
29602;39301;1.450
1653;50821;1.493
41281;42695;1.455
201456;2839;1.305
197617;33907;1.339
1653;61146;1.390
42303;44581;1.538
1880;34385;1.452
16150;39651;1.538
12381;2839;1.329
34244;41401;1.440
13189;31507;1.483
31677;34385;1.388
16253;42695;1.475
41281;42303;1.482
30880;57084;1.449
2839;31677;1.386
13214;42708;1.518
1257;42695;1.522
41340;6782;1.298
29518;47698;1.343
2874;61146;1.472
16150;39301;1.513
41281;50821;1.474
2839;57084;1.272
21250;34244;1.449
16253;42303;1.502
34244;41175;1.448
12381;41401;1.334
1257;42303;1.547
41281;61146;1.472
30880;50168;1.457
12597;20861;1.433
25146;2874;1.451
197595;198840;1.285
16253;50821;1.499
42695;42708;1.524
1257;1880;1.519
44581;44838;1.507
16253;61146;1.372
34385;42695;1.321
33885;35742;1.439
197595;50168;1.399
13214;16150;1.517
12381;41175;1.438
25473;48803;1.425
197116;6782;1.258
41175;41401;1.386
25146;2839;1.213
197541;31507;1.504
1653;47698;1.399
57084;6782;1.332
41401;43948;1.402
41943;49079;1.436
25466;33885;1.426
1880;39651;1.513
12597;20514;1.357
34385;42303;1.363
33885;35706;1.488
50171;50821;1.446
39651;41281;1.520
31677;39651;1.511
29602;8473;1.493
16150;21250;1.507
12552;197116;1.504
13214;16117;1.117
50171;61146;1.297
34385;50821;1.390
25473;41340;1.428
198840;41401;1.325
197116;35742;1.406
1880;39301;1.480
1880;198840;1.414
16117;197617;1.441
31677;8473;1.499
31677;39301;1.469
20861;41340;1.336
41281;47698;1.438
39651;6782;1.483
201456;57084;1.160
3301;41401;1.360
197116;35706;1.477
197116;197595;1.309
16150;29217;1.527
16117;44838;1.138
198840;41175;1.243
16117;201456;1.180
1257;13189;1.535
34610;35742;1.469
16253;47698;1.460
12552;1653;1.522
50066;8674;1.509
29602;41943;1.307
2874;6782;1.474
12597;50171;1.424
42695;50066;1.381
13189;29602;1.483
30880;48803;1.424
201456;50168;1.387
12552;25466;1.483
50168;8473;1.510
34610;8473;1.522
34610;35706;1.507
3301;41175;1.382
16117;25146;1.305
12552;29468;1.503
50066;51815;1.010
41943;44581;1.465
197541;25146;1.481
15782;197541;1.536
12552;21195;1.485
42708;50171;1.504
2839;48803;1.256
21195;8674;1.521
20861;49079;1.446
197595;48803;1.258
25466;30880;1.486
1880;21250;1.445
31507;50171;1.297
29217;31677;1.454
15782;43948;1.382
30880;41340;1.435
16150;41943;1.521
15782;29602;1.456
12552;33907;1.480
35742;42708;1.522
34385;47698;1.243
1653;20861;1.368
33885;51815;1.120
29468;44838;1.209
29217;57084;1.431
13189;198840;1.474
42318;43948;1.402
2839;29468;1.315
197617;201456;1.440
197595;41340;1.273
21250;25466;1.364
25473;42695;1.466
12597;29518;1.485
35706;57084;1.489
16253;201456;1.398
30880;8674;1.516
21195;50171;1.417
20861;42695;1.410
1257;50168;1.514
