45166;9989;1.495
10102;23855;1.504
17819;24247;1.459
10024;58436;1.441
58436;58738;1.401
4765;4773;1.445
4657;56308;1.532
58738;9989;1.457
17645;24482;1.486
132047;9874;1.418
10024;10102;1.503
10024;7700;1.407
17547;9226;1.477
4628;9911;1.108
10024;18106;1.484
133170;4765;1.144
24247;4628;1.338
10024;7473;1.532
3758;9874;1.468
17819;18113;1.439
45414;4657;1.531
24319;9989;1.484
133170;24247;1.346
132047;9255;1.420
4844;56308;1.502
132132;9989;1.500
17645;17819;1.458
4628;58621;1.470
17819;4765;1.443
38861;4628;1.524
3758;9255;1.482
4844;9911;1.428
23855;4844;1.463
3758;38621;1.514
18113;45470;1.235
133170;18113;1.150
132132;24247;1.468
10024;23936;1.389
17547;45414;1.480
58621;7700;1.467
38001;9989;1.493
3758;56308;1.523
3758;38001;1.522
10091;4773;1.457
17547;38861;1.534
10102;17645;1.492
132142;9911;1.437
56308;58738;1.469
18113;45166;1.447
4844;58738;1.423
10102;58436;1.497
58621;7473;1.533
23936;45414;1.424
23936;4773;1.479
23936;38861;1.532
10102;9911;1.484
56308;9874;1.483
10102;18106;1.517
132132;3758;1.522
18106;38621;1.517
17645;9911;1.299
17547;4657;1.532
24247;7700;1.346
18113;24482;1.478
56308;9255;1.491
18106;56308;1.524
18106;38001;1.512
24247;7473;1.526
23855;9226;1.450
7473;9226;1.522
23855;45470;1.452
18113;4773;1.449
4628;4765;0.965
17547;58621;1.475
38861;7700;1.522
132047;132142;1.483
38621;4844;1.495
18106;9874;1.471
23855;45166;1.485
10024;24319;1.440
38861;7473;1.538
24482;58621;1.523
10102;23936;1.501
23936;58621;1.486
133170;17819;1.453
133170;17547;1.461
18106;9255;1.489
132047;9911;1.408
18106;58738;1.466
4773;4844;1.497
24482;9989;1.511
133170;4844;1.428
4765;56308;1.468
45414;4773;1.444
38621;45470;1.470
3758;9911;1.462
23855;24482;1.493
17645;4844;1.405
58436;9892;1.436
4657;9892;1.535
38001;58738;1.430
132142;4765;1.409
17819;4844;1.481
38621;45166;1.489
4765;9892;1.432
58436;9506;1.481
4657;9506;1.529
24247;58738;1.265
10102;4765;1.469
4628;58436;1.381
38621;9226;1.461
23855;4657;1.532
17547;23855;1.481
4765;9506;1.393
10102;24319;1.493
17645;4765;1.285
38001;45414;1.447
38001;38861;1.535
24482;3758;1.522
17819;45470;1.485
9506;9989;1.496
4773;9226;1.453
133170;9226;1.232
56308;9911;1.476
10091;38621;1.442
4657;58738;1.525
24247;45414;1.397
24247;38861;1.526
17547;4773;1.503
132132;133170;1.452
17819;45166;1.500
10091;56308;1.481
10091;38001;1.457
7700;9874;1.209
132047;38621;1.472
45470;7700;1.231
17819;9226;1.480
133170;45470;1.231
10091;9892;1.472
45470;7473;1.544
132047;4765;1.399
132047;56308;1.504
132047;38001;1.442
7700;9255;1.227
4628;4844;1.419
132132;18113;1.448
133170;45166;1.456
24319;3758;1.490
23936;9892;1.438
18106;9911;1.482
3758;4765;1.465
17819;24482;1.478
10091;9506;1.412
17547;17645;1.483
45166;9874;1.459
132142;56308;1.518
58436;58621;1.466
17547;58436;1.469
38621;4657;1.536
10091;58738;1.277
23936;9506;1.479
58738;9874;1.207
3758;58738;1.476
45166;9255;1.478
24482;58436;1.512
23936;58436;1.439
18113;9892;1.442
133170;24482;1.482
58738;9255;1.284
24319;9874;1.359
133170;4657;1.524
132132;9874;1.457
132142;4844;1.504
18113;9506;1.391
4773;56308;1.516
132132;24482;1.509
9874;9989;1.441
4628;9226;1.310
24319;9255;1.355
3758;38861;1.534
23855;4773;1.480
10102;4844;1.502
17819;4657;1.530
132132;9255;1.457
45166;4765;1.452
17547;23936;1.486
45414;9892;1.433
56308;58621;1.502
38001;9874;1.450
4844;58621;1.494
132132;17819;1.488
132132;17547;1.488
4844;9226;1.459
45414;9506;1.427
45470;56308;1.459
58436;7700;1.409
38001;9255;1.446
10091;4628;1.280
4657;7700;1.524
18106;45414;1.495
18106;38861;1.528
18106;4765;1.468
58436;7473;1.532
45414;56308;1.490
4657;7473;1.533
7700;9911;1.142
132142;9226;1.465
4765;7700;1.144
4765;58738;1.155
23936;4628;1.392
4765;7473;1.519
10024;9989;1.483
132047;4844;1.463
10102;9226;1.503
24319;45470;1.381
45166;56308;1.502
45470;58738;1.226
3758;4844;1.519
132142;133170;1.425
17547;24319;1.482
45166;9911;1.464
38861;56308;1.530
17645;9226;1.386
38621;4773;1.486
4628;4657;1.525
18113;4628;1.174
10024;24247;1.453
17547;9892;1.500
24319;45166;1.483
58738;9911;1.214
23936;24319;1.438
18106;58621;1.525
17547;9506;1.500
24482;9874;1.476
10024;18113;1.399
132142;38621;1.502
133170;4773;1.438
45470;9989;1.486
24319;9911;1.303
58621;9989;1.500
38001;58621;1.490
24319;24482;1.488
10024;3758;1.507
38861;58738;1.521
132132;9911;1.451
24482;9255;1.497
132132;45470;1.482
132142;38001;1.504
45414;4628;1.245
132047;9226;1.431
17819;4773;1.500
23936;7700;1.392
132142;4657;1.533
24247;58621;1.495
3758;9226;1.493
132132;45166;1.491
23936;7473;1.533
45166;4844;1.489
17547;18106;1.520
132047;58738;1.411
10024;132132;1.484
24247;9989;1.481
10102;4657;1.535
38001;9911;1.433
10102;24247;1.476
18113;7700;1.150
9506;9874;1.406
17645;4657;1.526
132142;58738;1.425
10091;45414;1.118
9226;9892;1.476
24482;4765;1.474
56308;58436;1.496
10091;38861;1.522
4657;58621;1.533
18106;23855;1.508
4844;58436;1.465
38861;9989;1.536
3758;45414;1.458
18113;7473;1.519
10102;132047;1.497
23855;9892;1.480
18106;4844;1.513
10102;18113;1.448
7473;9892;1.536
9226;9506;1.407
9255;9989;1.461
132047;38861;1.529
10091;132132;1.457
10024;133170;1.407
10024;17819;1.473
17547;4628;1.457
23855;9506;1.467
10024;17547;1.482
7473;9506;1.522
56308;9226;1.492
24247;3758;1.501
45414;7700;1.278
4773;58738;1.449
4628;4773;1.445
132047;4657;1.529
17645;38621;1.462
45414;7473;1.529
24319;4765;1.290
10091;58621;1.472
132132;4765;1.442
3758;4657;1.533
9892;9989;1.496
10091;133170;1.225
3758;58621;1.521
17645;56308;1.490
17645;38001;1.431
24482;9911;1.487
24247;24319;1.376
18106;9226;1.496
18106;58436;1.502
38001;4765;1.423
38621;9892;1.471
45414;58738;1.299
132142;4773;1.514
38001;58436;1.450
17645;58738;1.289
17547;7700;1.461
38621;9506;1.489
10102;4773;1.514
4773;9892;1.509
45166;58738;1.446
17547;7473;1.531
24247;58436;1.449
133170;9892;1.446
45166;4657;1.534
23855;4628;1.373
10091;7700;1.225
17645;4773;1.466
10024;45470;1.423
10091;23855;1.436
9506;9911;1.387
24482;4844;1.504
10091;7473;1.524
4773;9506;1.497
18113;38621;1.431
133170;9506;1.342
17819;9892;1.511
18106;23936;1.504
10024;45166;1.439
132047;23855;1.468
18113;56308;1.469
18113;38001;1.431
4765;58621;1.471
4657;58436;1.533
45166;45414;1.462
17819;9506;1.493
18106;4657;1.535
38861;45414;1.525
10024;9874;1.418
132047;4773;1.489
45470;58621;1.498
10024;24482;1.488
7700;9226;1.232
10024;9255;1.436
3758;4773;1.521
24319;4844;1.409
17547;24247;1.483
18113;58738;0.946
132132;4844;1.419
132047;45414;1.367
23855;38621;1.483
10091;17645;1.359
10102;45470;1.485
23936;24247;1.450
38621;4628;1.428
23855;7700;1.405
18106;24319;1.488
10091;58436;1.431
132142;45414;1.469
23855;56308;1.492
23855;38001;1.462
132142;38861;1.534
3758;58436;1.509
23855;7473;1.529
45166;9226;1.479
10091;10102;1.485
45470;9874;1.298
132047;17645;1.409
10102;45166;1.511
58621;9874;1.471
38861;58621;1.535
4628;9892;1.432
10091;18106;1.477
38001;4844;1.473
58738;9226;1.317
133170;4628;1.158
45470;9255;1.354
132142;17645;1.464
9874;9911;1.236
24482;45470;1.511
58621;9255;1.485
58436;9989;1.463
4628;9506;1.396
4657;9989;1.537
132047;58621;1.499
24319;9226;1.389
10102;24482;1.528
4844;9892;1.504
23855;58738;1.400
45166;4773;1.511
17819;4628;1.445
24482;45166;1.517
24247;9874;1.372
132132;9226;1.478
4765;9989;1.449
38621;56308;1.510
132142;58621;1.516
10091;23936;1.435
4844;9506;1.483
24247;9255;1.397
132142;9892;1.501
10102;17819;1.512
38861;9874;1.516
10102;17547;1.514
24482;4657;1.538
132047;23936;1.457
58621;58738;1.472
38001;9226;1.462
18106;4773;1.516
10102;9892;1.509
9255;9874;1.292
132142;9506;1.491
132132;132142;1.511
38861;9255;1.527
17819;38621;1.494
38621;58738;1.430
10024;9911;1.425
17645;9892;1.481
4765;58436;1.379
10102;9506;1.512
4773;7700;1.438
133170;7700;0.924
4773;58621;1.509
24319;56308;1.491
17819;56308;1.506
17645;45414;1.368
17819;38001;1.489
17645;38861;1.527
4773;7473;1.534
10091;9989;1.458
17645;9506;1.438
133170;7473;1.515
45470;58436;1.443
133170;38621;1.409
10091;24319;1.369
24319;4657;1.528
23936;9989;1.484
132132;4657;1.533
132142;23855;1.502
133170;56308;1.469
133170;38001;1.435
45470;9911;1.305
132047;9892;1.465
132047;24319;1.412
17819;58738;1.439
132132;38621;1.499
58621;9911;1.474
45414;58621;1.470
3758;9892;1.515
18113;9989;1.457
132047;9506;1.481
132132;56308;1.513
132132;38001;1.470
17645;58621;1.496
38861;58436;1.533
38001;4657;1.534
24482;9226;1.497
10091;3758;1.471
7473;7700;1.515
3758;9506;1.486
133170;58738;1.143
132142;4628;1.409
45166;58621;1.481
17547;18113;1.461
24247;9911;1.371
23936;3758;1.511
10024;132142;1.481
17547;45470;1.494
132047;58436;1.459
10102;4628;1.474
18113;45414;1.301
10024;4765;1.388
18113;38861;1.521
45414;9989;1.440
38861;9911;1.522
24482;4773;1.516
23936;45470;1.436
132047;18106;1.498
17645;4628;1.288
17547;45166;1.482
132142;58436;1.495
18113;3758;1.476
9255;9911;1.177
56308;9892;1.504
23936;45166;1.451
132142;18106;1.492
10091;132142;1.412
56308;9506;1.504
4844;7700;1.428
17645;23855;1.420
17547;24482;1.510
4844;7473;1.533
45470;4765;1.154
38621;7700;1.409
18113;58621;1.473
24319;4773;1.468
23855;45414;1.423
132047;4628;1.400
9892;9911;1.453
4773;58436;1.478
23936;24482;1.502
132142;7700;1.425
23855;38861;1.532
18106;9892;1.507
132132;4773;1.499
38621;7473;1.533
24319;38621;1.465
17547;17819;1.476
3758;4628;1.465
132142;23936;1.492
17547;9989;1.492
18106;24247;1.488
18106;9506;1.513
24319;38001;1.436
24247;4765;1.332
17645;7700;1.302
38001;4773;1.492
17645;7473;1.525
17819;7700;1.453
38621;45414;1.370
58436;9874;1.406
4657;9874;1.523
45414;58436;1.380
38621;38861;1.534
38861;4765;1.523
17819;7473;1.529
23855;58621;1.491
17645;58436;1.442
4765;9874;1.254
24319;58738;1.293
58436;9255;1.420
4657;9255;1.524
18113;23855;1.401
17547;3758;1.523
45166;58436;1.461
17645;18106;1.488
38001;45470;1.469
10024;4844;1.469
45166;4628;1.453
132142;24319;1.467
4765;9255;1.198
10102;132132;1.508
3758;7700;1.469
38001;45166;1.451
24247;45470;1.396
9226;9989;1.469
17819;45414;1.462
3758;7473;1.531
38621;58621;1.503
17819;38861;1.529
7700;9892;1.446
24247;45166;1.475
23855;9989;1.484
7473;9989;1.536
18106;4628;1.469
132132;58738;1.448
17645;23936;1.433
4628;7700;1.158
45470;4844;1.461
10091;9874;1.217
10102;133170;1.476
7700;9506;1.342
133170;45414;1.278
133170;38861;1.522
4628;7473;1.520
10024;9226;1.438
45166;9892;1.454
24247;24482;1.491
23936;9874;1.427
10091;24247;1.391
10091;9255;1.286
18113;58436;1.402
56308;7700;1.469
133170;17645;1.302
58738;9892;1.442
17819;58621;1.504
132132;38861;1.537
45166;9506;1.498
56308;7473;1.532
23936;9255;1.428
132047;24247;1.449
24247;4844;1.462
10024;10091;1.428
23855;3758;1.501
10091;18113;1.280
58738;9506;1.391
18113;9874;1.210
24319;9892;1.483
58436;9911;1.406
132132;9892;1.506
4657;9911;1.525
17645;24319;1.239
38861;4844;1.536
132142;7473;1.532
133170;58621;1.467
45470;9226;1.380
38621;9989;1.482
58621;9226;1.488
18113;9255;1.285
10102;7700;1.476
24319;9506;1.432
4765;9911;1.098
132132;9506;1.495
10102;7473;1.537
23855;58436;1.447
18113;23936;1.400
38001;9892;1.460
4773;9989;1.476
18106;18113;1.466
45414;9874;1.244
133170;9989;1.449
10024;4657;1.533
24247;9226;1.411
18106;45470;1.488
38001;9506;1.494
17819;23855;1.468
45414;9255;1.315
24482;4628;1.474
10024;38621;1.477
17819;9989;1.489
18106;45166;1.519
38861;9226;1.529
10024;38001;1.429
10024;56308;1.490
38621;58436;1.461
132047;7700;1.409
10091;9911;1.258
133170;23855;1.405
4628;56308;1.468
132047;7473;1.529
23855;23936;1.455
45470;4657;1.547
18113;24319;1.293
133170;3758;1.469
24319;45414;1.374
23936;9911;1.414
24319;38861;1.527
18106;24482;1.516
4657;4765;1.525
17547;9874;1.462
132132;23855;1.477
24319;4628;1.295
10024;58738;1.399
132132;4628;1.443
24482;9892;1.524
17547;9255;1.476
18113;9911;1.215
17819;58436;1.488
10102;38621;1.504
24247;4657;1.531
24482;9506;1.514
4628;9989;1.449
10102;38001;1.507
17819;18106;1.498
10102;56308;1.513
38001;4628;1.424
132132;45414;1.467
24319;58621;1.497
45166;7700;1.456
38861;4657;1.533
23855;24319;1.425
133170;58436;1.409
45166;7473;1.535
24482;38621;1.510
58738;7700;1.143
4844;9989;1.494
45414;9911;1.265
10024;4773;1.498
133170;18106;1.482
10091;45470;1.320
132142;24247;1.470
132132;17645;1.438
58738;7473;1.519
9506;9892;1.493
24482;56308;1.520
24482;38001;1.507
132047;18113;1.412
3758;45470;1.501
23936;56308;1.496
10102;58738;1.447
10091;4765;1.277
9226;9874;1.347
18106;7700;1.482
17819;23936;1.487
132142;9989;1.510
132132;7700;1.452
10091;45166;1.469
18106;7473;1.531
132142;18113;1.425
3758;45166;1.524
23936;4765;1.391
23855;9874;1.424
132132;7473;1.535
7473;9874;1.521
9226;9255;1.285
132132;58621;1.498
10102;9989;1.508
133170;23936;1.392
23855;9255;1.419
7473;9255;1.525
45470;4773;1.495
17645;9989;1.483
38001;7700;1.435
10091;24482;1.479
18113;4765;1.157
38001;7473;1.535
132047;132132;1.470
17547;9911;1.471
4657;4844;1.532
132047;24482;1.514
132132;23936;1.482
132142;3758;1.509
10091;17819;1.455
10091;17547;1.468
17819;24319;1.456
4765;4844;1.417
24247;4773;1.459
10102;3758;1.528
132047;17819;1.497
132047;9989;1.491
132047;17547;1.502
45414;4765;1.242
132047;133170;1.409
17645;3758;1.494
17645;24247;1.377
38861;4773;1.532
38621;9874;1.423
3758;9989;1.519
133170;24319;1.307
9874;9892;1.453
132142;17819;1.497
132142;17547;1.510
17819;3758;1.514
4628;58738;1.172
38621;9255;1.441
58436;9226;1.441
24319;58436;1.445
17645;18113;1.292
4657;9226;1.528
4773;9874;1.450
133170;9874;1.209
132132;24319;1.441
24482;7700;1.482
4765;9226;1.310
10091;4844;1.438
24482;7473;1.539
9226;9911;1.292
10024;45414;1.436
10102;132142;1.512
132047;3758;1.500
4773;9255;1.444
10024;38861;1.531
17547;38621;1.506
133170;9255;1.227
45166;45470;1.473
17819;9874;1.443
23936;4844;1.472
23855;9911;1.395
7473;9911;1.522
38861;45470;1.543
56308;9989;1.513
23936;38621;1.458
17547;56308;1.497
17547;38001;1.492
17547;4765;1.458
10024;9892;1.428
17819;9255;1.474
10024;17645;1.436
38861;45166;1.535
23936;38001;1.425
132132;58436;1.477
24319;7700;1.307
18113;4844;1.423
10024;9506;1.478
18113;24247;1.267
132047;45470;1.445
9911;9989;1.456
24319;7473;1.526
132132;18106;1.517
10024;58621;1.485
17547;58738;1.461
10091;9226;1.328
18106;9989;1.512
132047;45166;1.488
132142;45470;1.445
10102;45414;1.486
24482;58738;1.477
23936;58738;1.397
10102;38861;1.533
45470;9892;1.457
23936;9226;1.430
58621;9892;1.495
132142;45166;1.513
45414;4844;1.453
4628;9874;1.255
38621;9911;1.420
45470;9506;1.429
58621;9506;1.504
23855;24247;1.447
4628;9255;1.198
18113;9226;1.317
24482;45414;1.480
24482;38861;1.531
24247;9892;1.485
132142;24482;1.514
23855;4765;1.369
18106;3758;1.512
4844;9874;1.442
4773;9911;1.443
133170;9911;1.142
10102;58621;1.513
24247;9506;1.461
10024;23855;1.457
10024;132047;1.467
4844;9255;1.434
38861;9892;1.534
10024;4628;1.388
132142;9874;1.395
17819;9911;1.461
38001;38621;1.484
10091;4657;1.523
9255;9892;1.469
45414;9226;1.364
38861;9506;1.531
10102;9874;1.478
17547;4844;1.481
132142;9255;1.446
45414;45470;1.328
38001;56308;1.507
23936;4657;1.533
24247;38621;1.471
9255;9506;1.420
17645;45470;1.374
7700;9989;1.449
17645;9874;1.353
10091;132047;1.400
10102;9255;1.489
24247;56308;1.500
24247;38001;1.460
17645;45166;1.481
45470;4628;1.176
17645;9255;1.344
18113;4657;1.525
4657;4773;1.533
38621;4765;1.427
