39574;50128;1.187
34820;51653;1.445
29405;50128;1.828
25373;29405;1.827
197284;48326;1.685
197284;2607;2.065
12905;16160;2.126
39574;56926;1.291
38949;42841;2.011
29405;56926;1.714
2607;29208;2.526
201603;31117;1.581
201603;25373;0.944
16160;44185;1.656
42841;6855;2.055
34820;38949;1.761
201603;29405;1.826
29208;35328;2.561
25496;34820;1.347
20581;29208;2.415
201924;51947;1.338
16160;6855;1.938
15962;39574;1.278
12905;201603;1.803
42841;48326;1.793
35328;51653;1.661
25496;29208;2.391
48326;50128;1.278
16160;35328;1.833
48326;56926;1.223
25373;39574;1.187
31117;56356;1.619
29405;8778;1.729
2607;51947;1.674
197284;56356;1.723
35328;44185;1.678
201924;34820;1.271
2607;6855;1.952
201603;39574;1.172
16160;20581;1.712
51947;6855;1.531
44185;51947;1.454
38949;56356;1.904
20581;51947;1.173
201924;29208;2.464
15962;42841;1.921
50128;56356;1.187
2607;34820;1.694
25373;42841;1.840
31117;48326;1.571
29405;39574;1.737
29208;51947;2.390
201924;8778;1.655
16160;38949;2.161
31117;42005;1.649
20581;34820;1.286
201603;42841;1.835
197284;42005;1.796
38949;48326;1.874
25496;8778;1.589
16160;51947;1.673
15962;2607;1.882
42005;51653;1.366
197284;25496;1.808
38949;42005;1.904
34820;51947;1.344
42841;44185;1.812
29405;31117;1.888
29208;34820;2.510
39574;42841;1.801
29405;42841;2.031
197284;8778;1.938
15962;56356;1.278
42005;6855;1.752
42005;44185;1.504
35328;6855;1.858
35328;38949;2.053
16160;34820;1.826
12905;50128;1.811
25373;56356;1.187
12905;56926;1.838
39574;6855;1.670
35328;51947;1.563
16160;29208;2.668
56356;8778;1.580
197284;51653;1.877
201603;56356;1.172
201603;2607;1.604
15962;48326;1.399
197284;44185;1.979
15962;42005;1.596
12905;25373;1.810
25373;6855;1.672
25373;48326;1.278
12905;29405;2.033
42841;51653;1.921
39574;56356;0.924
29405;56356;1.737
15962;25496;1.444
25496;50128;1.202
25373;42005;1.314
25496;56926;1.316
20581;6855;1.670
201603;48326;1.265
25373;25496;1.202
197284;35328;1.935
201603;42005;1.302
56926;6855;1.733
201603;25496;1.202
48326;56356;1.120
42005;51947;1.360
39574;48326;1.120
29405;48326;1.681
201924;50128;1.325
197284;20581;1.723
12905;39574;1.886
201924;56926;1.146
15962;8778;1.788
39574;42005;1.340
29405;42005;1.791
31117;51653;1.564
6855;8778;1.868
2607;50128;1.607
15962;44185;1.639
38949;51653;2.006
2607;56926;1.628
197284;38949;1.933
12905;31117;2.050
31117;44185;1.770
201924;25373;1.324
12905;42841;2.084
50128;51653;1.431
44185;50128;1.335
20581;50128;1.187
197284;51947;1.808
48326;8778;1.558
44185;56926;1.471
29208;8778;2.563
20581;56926;1.291
38949;44185;1.939
25496;39574;1.175
197284;201924;1.799
2607;31117;1.901
31117;35328;1.692
29405;6855;2.016
29208;50128;2.498
201603;8778;1.561
51653;51947;1.519
29208;56926;2.443
2607;29405;2.054
42841;51947;1.866
20581;31117;1.619
197284;34820;1.672
12905;6855;2.114
38949;8778;2.095
20581;25373;1.187
51653;6855;1.850
25496;31117;1.630
20581;29405;1.737
201924;39574;1.325
197284;29208;2.614
16160;56926;1.768
50128;8778;1.563
34820;50128;1.297
25496;42841;1.868
15962;51653;1.719
34820;56926;1.201
25496;29405;1.772
12905;56356;1.886
29208;29405;2.572
25373;51653;1.431
15962;38949;2.027
2607;39574;1.678
44185;8778;1.746
31117;38949;2.083
25496;6855;1.534
201924;31117;1.692
16160;25373;1.561
51947;56926;1.315
25373;38949;1.908
201924;42841;1.881
201603;51653;1.420
35328;56926;1.543
31117;51947;1.629
25373;44185;1.336
20581;39574;0.924
201924;29405;1.825
16160;2607;1.974
12905;48326;1.811
201603;38949;1.904
197284;6855;2.067
15962;35328;1.716
38949;51947;1.909
201603;44185;1.324
12905;42005;1.851
39574;51653;1.460
29405;51653;1.861
29208;39574;2.415
2607;42841;1.982
25496;56356;1.175
50128;51947;1.200
25373;35328;1.482
12905;25496;1.889
31117;34820;1.634
15962;20581;1.278
15962;29208;2.464
56356;6855;1.670
29405;38949;2.100
20581;42841;1.801
16160;50128;1.562
16160;39574;1.712
16160;201924;1.808
39574;44185;1.472
29405;44185;1.959
201603;35328;1.473
34820;39574;1.286
25373;29208;2.498
29208;31117;2.568
201924;56356;1.325
48326;51653;1.401
29208;42841;2.595
25496;48326;1.286
201924;6855;1.772
31117;8778;1.770
25373;2607;1.606
201603;29208;2.495
201603;20581;1.172
29405;35328;1.831
25496;42005;1.360
16160;31117;1.864
42005;56926;1.084
34820;8778;1.618
16160;42841;2.102
15962;51947;1.444
35328;50128;1.482
35328;39574;1.546
2607;56356;1.678
16160;29405;2.165
34820;42841;1.823
25373;51947;1.199
201924;48326;1.291
44185;56356;1.472
20581;56356;0.924
201924;42005;1.133
201603;51947;1.199
15962;34820;1.571
42841;8778;2.060
201924;25496;1.341
197284;201603;1.824
15962;6855;1.746
35328;42841;2.036
29208;56356;2.415
2607;48326;1.699
25373;34820;1.297
16160;8778;1.926
16160;197284;2.174
15962;201924;1.580
2607;42005;1.611
44185;48326;1.522
39574;51947;1.173
29405;51947;1.772
20581;48326;1.120
16160;56356;1.712
35328;8778;1.613
201603;34820;1.282
15962;16160;1.828
51653;56926;1.390
42841;50128;1.840
34820;56356;1.286
20581;42005;1.340
42841;56926;1.848
42005;50128;1.314
29208;6855;2.420
29208;48326;2.435
2607;8778;1.931
20581;25496;1.175
12905;51653;1.975
51947;8778;1.587
29405;34820;1.757
29208;42005;2.459
20581;2607;1.678
51947;56356;1.173
48326;51947;1.284
201603;6855;1.672
16160;48326;1.789
12905;201924;1.872
12905;38949;2.038
12905;44185;1.969
34820;48326;1.183
16160;42005;1.779
12905;2607;2.116
25373;8778;1.563
42005;42841;1.861
34820;42005;1.244
16160;25496;1.674
31117;50128;1.585
201603;201924;1.311
197284;50128;1.829
31117;56926;1.601
2607;44185;1.655
20581;8778;1.580
197284;56926;1.775
12905;35328;1.858
25496;51653;1.519
38949;50128;1.909
35328;48326;1.493
38949;56926;1.906
20581;44185;1.472
44185;6855;1.738
42005;8778;1.614
25496;38949;1.910
16160;201603;1.548
12905;20581;1.886
12905;29208;2.738
50128;56926;1.288
2607;35328;1.894
25496;44185;1.456
197284;31117;1.971
56356;56926;1.291
197284;25373;1.829
48326;6855;1.708
39574;8778;1.580
201924;51653;1.453
197284;29405;2.006
20581;35328;1.546
42005;56356;1.340
12905;15962;2.036
25496;35328;1.565
201924;38949;1.947
12905;197284;2.031
35328;56356;1.546
201924;44185;1.517
34820;44185;1.518
2607;51653;1.717
12905;51947;1.887
38949;6855;2.103
15962;50128;1.486
15962;56926;1.556
50128;6855;1.673
44185;51653;1.644
31117;39574;1.619
2607;38949;2.085
20581;51653;1.460
197284;39574;1.723
42005;48326;1.289
25373;50128;0.944
201924;35328;1.630
34820;35328;1.553
25373;56926;1.287
201924;2607;1.563
15962;197284;1.900
38949;39574;1.904
31117;6855;1.919
20581;38949;1.904
12905;34820;1.748
56926;8778;1.542
29208;51653;2.495
201603;50128;0.944
15962;31117;1.813
12905;8778;1.956
35328;42005;1.583
34820;6855;1.745
25496;2607;1.674
201924;20581;1.325
201603;56926;1.271
15962;25373;1.485
15962;201603;1.473
51653;8778;1.703
15962;29405;1.909
51653;56356;1.460
31117;42841;2.007
29208;38949;2.692
25496;51947;0.950
25373;31117;1.585
197284;42841;2.077
16160;51653;1.849
42841;56356;1.801
29208;44185;2.482
