4621;7693;1.609
45629;9737;2.192
38082;45430;2.316
17887;38794;1.703
45629;55738;2.164
45629;55423;2.075
4621;7654;1.408
45629;55465;2.142
38566;7636;1.374
38888;45328;0.925
38794;9931;1.867
4621;7616;1.481
38794;55554;1.606
45265;7568;2.034
4776;55554;1.137
45796;9737;1.802
7616;7693;1.205
131447;17425;1.251
24187;38794;1.896
7616;7654;0.969
132876;38566;1.301
38081;9891;1.501
55554;7470;1.221
23884;38794;1.620
45265;45667;0.945
4621;4651;2.431
38081;9587;1.754
4621;4652;1.540
45265;45629;2.165
132876;24475;1.444
24187;45265;1.571
38566;45796;1.540
38566;45758;2.409
23884;4621;1.633
38081;45667;0.927
38794;7470;1.642
38081;45629;2.156
4618;4750;1.659
24475;7693;1.425
10089;45265;2.002
24475;7654;0.974
4618;7636;1.352
38040;4776;2.268
24475;7616;1.176
38040;55423;2.276
24475;4776;1.265
38040;55465;2.269
7470;9737;1.458
7568;9931;2.217
17887;55554;1.152
23884;9931;1.786
55423;9891;1.494
38794;4741;1.675
38082;7636;2.195
132876;4750;1.718
45142;9891;1.496
24187;55554;1.572
45455;4776;1.140
55423;9587;1.647
4652;55738;1.247
4652;55423;1.162
131447;45667;1.200
4652;55465;1.232
45629;9891;2.260
131447;45629;2.150
38888;45796;1.669
38081;4621;1.489
45328;4651;2.410
38040;9737;2.304
45328;4652;1.132
23884;55554;1.221
45142;9587;1.636
38888;45758;2.397
24475;9737;1.429
45796;9891;1.857
45629;9587;2.266
45328;4618;1.420
45328;45796;1.592
45430;45667;1.667
45328;45758;2.338
17887;38566;1.370
45430;45629;2.187
17425;45413;1.061
45796;9587;1.812
17425;45455;1.222
23884;7470;1.219
17425;45142;1.062
17425;45458;0.924
45455;9737;1.379
38081;9931;1.639
131447;7693;1.384
24187;38566;1.454
131447;7654;0.971
132876;17425;1.431
131447;7616;1.136
45265;45430;1.674
4776;7568;2.017
17887;24475;1.234
4651;7568;2.564
23884;38566;1.621
45430;7636;1.650
4621;4776;1.412
45758;45796;2.532
24187;24475;1.555
45142;55554;1.149
38888;4750;1.501
38081;45430;1.665
23884;4741;1.268
45413;45667;1.159
38888;7636;0.924
45413;45629;2.142
131447;4651;2.412
131447;4652;1.181
23884;24475;1.518
7470;9891;1.717
45458;45796;1.483
45142;4621;1.314
38081;38888;1.063
10089;38794;2.200
131447;4618;1.437
45458;45758;2.344
24475;38888;1.264
45328;55738;1.062
45328;55423;1.103
45328;55465;0.928
132876;7568;1.970
45629;4621;2.248
4618;55738;1.487
4618;55423;1.263
4618;55465;1.355
10089;17887;1.994
7470;9587;1.930
4621;9737;1.568
55465;7568;2.017
55738;7568;2.007
55423;9931;1.646
45796;4621;1.764
45667;55738;1.297
45667;55423;1.198
24475;45667;1.234
45667;55465;1.068
24475;45629;2.140
7616;9737;1.378
38040;45413;2.278
45142;9931;1.459
38040;9891;2.376
38040;45455;2.276
131447;45430;1.621
38040;45142;2.278
24475;9891;1.535
45667;4750;1.501
38040;45458;2.225
45629;9931;2.349
45458;4651;2.366
45328;7693;1.368
38081;4741;1.223
45667;7636;1.065
45458;4652;0.924
10089;4651;2.617
45328;7654;0.356
10089;4652;1.972
45328;7616;1.103
38040;9587;2.444
45328;4776;0.925
24475;9587;1.698
45458;4618;1.261
132876;45667;1.507
131447;38888;1.181
45796;9931;1.795
38082;4750;2.328
10089;4618;2.079
132876;45629;2.145
38566;7568;1.925
45455;9891;1.495
38082;45328;2.185
55423;7470;1.439
17425;45265;1.313
45455;55554;1.193
45455;9587;1.647
38566;55738;1.372
38566;55423;1.293
24187;7693;1.592
45142;7470;1.298
38566;55465;1.376
24187;7654;1.396
55554;7636;1.137
38794;45667;1.702
10089;55554;2.041
45328;9737;1.250
24187;7616;1.411
4652;7693;1.414
38794;45629;2.361
4652;7654;0.971
4652;7616;1.162
4652;4776;1.232
45413;45430;1.559
45758;4651;2.669
45758;4652;2.398
38794;7636;1.634
131447;4776;1.182
45142;4741;1.252
7470;9931;1.786
45430;4750;1.836
24187;4651;2.446
45758;4618;2.459
38040;4621;2.313
24187;4652;1.532
4621;9891;1.707
24475;4621;1.563
45629;4741;2.171
4618;7568;2.120
38040;38794;2.354
24187;4618;1.612
10089;38566;1.998
7616;9891;1.494
4621;9587;1.853
24475;45430;1.597
45796;4741;1.712
4652;9737;1.407
45413;7693;1.368
38888;55738;1.285
38888;55423;1.139
37930;4651;2.405
45413;7654;0.356
38888;55465;0.927
17425;4651;2.434
37930;4652;1.228
17425;4652;1.247
45455;4621;1.482
45413;7616;1.103
38082;7568;2.524
37930;38888;1.063
7616;9587;1.647
38040;9931;2.410
24475;9931;1.694
10089;24475;1.982
45458;7693;1.204
38040;45265;2.234
131447;9737;1.391
37930;4618;1.326
17425;4618;1.487
10089;7693;2.081
45458;7654;0.076
38081;7470;1.364
10089;7654;1.895
45458;7616;0.924
17887;45667;0.929
45458;4776;0.925
10089;7616;1.946
10089;4776;1.997
132876;45430;1.475
17887;45629;2.158
37930;45667;0.927
4621;55738;1.568
4621;55423;1.481
4621;55465;1.412
38082;45796;2.347
37930;45629;2.156
38082;45758;2.604
45413;4651;2.410
45455;9931;1.647
45413;4652;1.132
132876;38888;1.496
45413;4618;1.420
23884;45667;1.367
23884;45629;2.295
23884;7636;1.298
45328;9891;1.496
17425;38794;1.645
45758;55738;2.426
45758;55423;2.423
45758;55465;2.398
38794;45430;1.946
38040;7470;2.316
45458;9737;1.166
10089;9737;2.073
17425;17887;1.296
45328;9587;1.636
38040;55554;2.274
9737;9891;1.661
45430;7568;2.019
45265;45328;1.163
45458;55738;0.924
45458;55423;0.924
38794;38888;1.634
45458;55465;0.927
45758;7693;2.456
7693;9737;1.540
38566;45413;1.263
17887;7693;1.375
45758;7654;2.358
38566;45455;1.294
17887;7654;0.971
38566;45142;1.263
45758;7616;2.423
38888;7568;2.016
38566;45458;1.117
45758;4776;2.397
45455;7470;1.439
17887;7616;1.197
38081;45328;1.157
38040;4741;2.303
4651;55738;2.434
4651;55423;2.383
24475;4741;1.344
4651;55465;2.375
4621;9931;1.757
38082;55738;2.234
38082;55423;2.206
38082;55465;2.196
24187;4776;1.545
45629;7470;2.295
45142;45667;1.159
4652;9891;1.539
45142;45629;2.142
4741;7693;1.321
4741;7654;1.029
7616;9931;1.646
38040;38566;2.267
45796;7470;1.846
4741;7616;1.227
37930;7693;1.374
38794;4750;1.903
10089;17425;1.930
17425;7693;1.455
4652;9587;1.655
37930;7654;0.968
17887;4651;2.406
131447;9891;1.341
17425;7654;0.970
17887;4652;1.228
9891;9931;1.886
45455;4741;1.227
37930;7616;1.195
17425;7616;1.222
37930;4776;1.064
17425;4776;1.285
4750;7693;1.635
45758;9737;2.420
17887;4618;1.326
4750;7654;1.372
131447;9587;1.655
17887;45430;1.666
4750;7616;1.492
17425;55554;1.288
55465;55554;1.140
37930;45430;1.665
24187;9737;1.695
45667;7568;2.027
45328;4621;1.314
131447;45328;1.115
38888;45413;0.924
38888;45455;1.139
45629;55554;2.165
45265;7693;1.391
38888;45142;0.925
4621;7470;1.605
38888;45458;0.924
45265;7654;0.973
17887;38888;1.064
45265;7616;1.214
45328;45413;0.356
45413;4776;0.925
45328;45455;1.103
23884;45430;1.869
45328;45458;0.356
24187;38888;1.545
45458;9891;1.341
10089;9891;2.093
55423;7636;1.139
45328;9931;1.459
4651;4652;2.406
45265;45796;1.674
17425;38566;1.372
23884;38888;1.298
45265;45758;2.396
4621;4741;1.592
45458;9587;1.532
45265;4651;2.411
45142;7636;0.925
10089;9587;2.101
24187;45667;1.563
55554;7568;2.045
45265;4652;1.245
7693;9891;1.637
24187;45629;2.184
9737;9931;1.754
45455;45667;1.199
45265;4618;1.343
23884;4750;1.715
38081;45796;1.664
45455;45629;2.075
45413;9737;1.250
7568;7636;2.016
38081;45758;2.389
7693;9587;1.846
17425;24475;1.228
38566;45265;1.380
131447;4621;1.505
10089;45667;1.995
10089;45629;2.471
38794;7568;2.222
24475;7470;1.518
45142;45430;1.559
4652;9931;1.706
45758;9891;2.486
131447;9931;1.678
17887;4776;1.064
24187;9891;1.756
24475;45328;1.097
131447;45796;1.645
4652;55554;1.213
45758;9587;2.519
131447;45758;2.400
38081;4750;1.500
45458;4621;1.386
45328;4741;1.252
10089;4621;2.088
38081;7636;1.063
45796;55738;1.553
45796;55423;1.584
24187;9587;1.727
45796;55465;1.671
4741;4776;1.201
45430;45796;1.719
38888;45265;1.081
38566;4651;2.407
38566;4652;1.268
7470;7636;1.298
45430;45758;2.492
132876;45328;1.383
38566;4618;1.562
17887;9737;1.168
45458;9931;1.517
10089;9931;2.066
24475;37930;1.234
4776;7693;1.324
4750;4776;1.502
131447;7470;1.459
4651;7693;2.422
4776;7654;0.971
4651;7654;2.379
23884;7568;2.143
4776;7616;1.139
4651;7616;2.383
4651;4776;2.373
24187;45430;1.628
38040;7636;2.268
131447;24187;1.545
45413;9891;1.496
7693;9931;1.780
4741;9737;1.410
4652;4741;1.308
45265;4776;1.082
38794;45328;1.549
45413;45796;1.592
37930;9737;1.167
17425;9737;1.500
45413;45758;2.338
45413;9587;1.635
10089;45430;2.090
131447;4741;1.309
45758;4621;2.458
4750;9737;1.661
45142;4750;1.496
38566;38794;1.772
132876;7693;1.623
45455;7636;1.139
132876;7654;1.295
24187;4621;1.661
4618;4651;2.426
131447;37930;1.197
4618;4652;1.446
45629;4750;2.260
45328;55554;1.149
132876;7616;1.414
10089;38888;1.997
55465;7693;1.327
55738;7693;1.455
4618;55554;1.415
55465;7654;0.974
45629;7636;2.141
55738;7654;0.970
38081;38082;2.204
24475;38081;1.234
24475;38040;2.269
24475;38082;2.216
55465;7616;1.142
45265;9737;1.181
55738;7616;1.222
45796;4750;1.863
24475;45796;1.617
45667;55554;1.153
45758;9931;2.557
24475;45758;2.399
45796;7636;1.669
37930;4621;1.489
17425;4621;1.568
131447;23884;1.459
24187;9931;1.871
132876;4651;2.426
132876;4652;1.402
45458;4741;1.030
10089;4741;2.067
45328;7470;1.298
132876;4618;1.668
132876;45796;1.572
45413;55738;1.061
45413;55423;1.103
38566;7693;1.525
45413;55465;0.927
132876;45758;2.449
38566;7654;1.152
17887;45328;1.160
17887;9891;1.503
38566;7616;1.293
55738;9737;1.500
38566;4776;1.374
38082;45413;2.185
37930;45328;1.157
4621;7636;1.412
38082;45455;2.206
131447;38081;1.197
131447;38040;2.303
45413;4621;1.313
131447;38082;2.226
38082;45142;2.185
45265;55738;1.313
45265;55423;1.214
38082;45458;2.124
45265;55465;1.084
17425;45667;1.297
17425;45629;2.164
17887;9587;1.755
7616;7636;1.139
4750;55738;1.587
4750;55423;1.492
4750;55465;1.503
45629;45667;2.157
55423;7568;1.974
4741;9891;1.613
38566;55554;1.384
23884;45328;1.298
38794;45796;1.934
24187;7470;1.756
38081;55738;1.295
38081;55423;1.195
38794;45758;2.453
38081;55465;1.066
24475;55738;1.228
24475;55423;1.176
24475;55465;1.266
37930;9891;1.501
17425;9891;1.589
4652;7470;1.463
45413;9931;1.458
45142;7568;1.990
4741;9587;1.813
38566;9737;1.550
4750;9891;1.342
132876;24187;1.505
37930;9587;1.754
38888;4651;2.373
17425;9587;1.709
45758;4741;2.442
38888;4652;1.231
38040;4750;2.376
4618;7693;1.377
38888;4618;1.352
24187;4741;1.579
4750;9587;1.892
24475;4750;1.535
4618;7654;1.296
45265;9891;1.510
4618;7616;1.263
24475;7636;1.264
4618;4776;1.352
38040;38888;2.268
131447;132876;1.459
131447;55738;1.251
131447;55423;1.136
45142;45328;0.356
131447;55465;1.184
132876;37930;1.505
45265;9587;1.762
38082;7693;2.250
38888;55554;1.137
38082;7654;2.145
37930;4741;1.223
45413;7470;1.298
17887;4621;1.491
17425;4741;1.369
45455;4750;1.492
38082;7616;2.206
55554;55738;1.288
38040;45667;2.229
38040;45629;2.558
45430;55738;1.599
45430;55423;1.564
38082;38794;2.379
4776;9737;1.219
45458;7470;1.219
45430;55465;1.652
4651;9737;2.416
37930;38081;0.924
37930;38040;2.229
10089;7470;2.131
17887;45796;1.665
132876;4776;1.496
45667;4651;2.405
37930;38082;2.204
45667;4652;1.230
17887;45758;2.390
37930;45796;1.664
55738;9891;1.589
132876;23884;1.721
4618;9737;1.498
38081;7568;2.026
37930;45758;2.389
4621;55554;1.536
45667;4618;1.328
17887;9931;1.639
38082;4651;2.636
45413;4741;1.252
38082;4652;2.211
7470;7568;2.143
55738;9587;1.709
17425;45430;1.599
38082;45265;2.213
23884;45796;1.846
38082;4618;2.302
23884;45758;2.426
132876;38081;1.505
132876;38040;2.296
132876;38082;2.256
45758;55554;2.385
132876;9737;1.655
4741;9931;1.715
131447;7636;1.181
17425;38888;1.285
4621;4750;1.708
45430;7693;1.765
38566;9891;1.612
45265;45413;1.162
55465;9737;1.221
45430;7654;1.472
45265;45455;1.215
37930;9931;1.639
45265;4621;1.498
17425;9931;1.518
45430;7616;1.564
45265;45458;0.944
38040;7568;2.519
17887;24187;1.562
45458;55554;0.925
24187;45328;1.479
38888;7693;1.324
38566;9587;1.557
4750;9931;1.884
38888;7654;0.971
45758;7470;2.426
17887;7470;1.365
38888;7616;1.139
38081;45413;1.157
38888;4776;0.925
38081;45455;1.196
38081;45142;1.157
37930;55738;1.295
37930;55423;1.195
38081;45458;0.924
37930;55465;1.066
4651;55554;2.409
38082;55554;2.131
45265;9931;1.653
45142;45796;1.592
10089;45328;1.946
45455;7568;1.975
45430;4651;2.480
23884;24187;1.756
45430;4652;1.569
45142;45758;2.338
17887;37930;0.927
4741;7470;1.268
45629;7568;2.389
45430;4618;1.806
55423;55738;1.222
55423;55465;1.142
4741;55738;1.369
4741;55423;1.227
37930;7470;1.364
17887;4741;1.224
4741;55465;1.204
17425;7470;1.532
4776;9891;1.505
4651;9891;2.494
38040;45430;2.389
45796;7568;2.054
132876;55738;1.431
132876;55423;1.414
132876;55465;1.497
4618;9891;1.661
4750;7470;1.715
45667;7693;1.376
23884;37930;1.365
17887;23884;1.365
45667;7654;0.970
131447;45413;1.114
4776;9587;1.745
131447;45455;1.137
4651;9587;2.505
45328;4750;1.496
45667;7616;1.198
131447;45142;1.115
45667;4776;1.066
38082;38566;2.220
131447;45458;0.924
55738;9931;1.518
45328;7636;0.925
4618;9587;1.888
7636;7693;1.324
45265;7470;1.381
38566;4621;1.543
7636;7654;0.971
45430;45455;1.564
38082;4776;2.195
4621;7568;2.082
38794;55738;1.645
38794;55423;1.708
45430;45458;1.444
38794;55465;1.637
17887;38081;0.927
17887;38040;2.229
132876;9891;1.703
17887;38082;2.205
4776;55738;1.285
4776;55423;1.139
4776;55465;0.928
55465;9891;1.506
4651;4741;2.428
24187;38040;2.332
24187;38081;1.561
55554;7693;1.297
24187;38082;2.298
132876;9587;1.637
55554;7654;0.925
45667;9737;1.167
24187;45796;1.664
38566;9931;1.764
55554;7616;1.193
45265;4741;1.241
24187;45758;2.490
24187;7636;1.545
55465;9587;1.746
4652;4750;1.537
23884;38081;1.365
23884;38040;2.316
23884;38082;2.306
45455;45796;1.584
4652;7636;1.231
7654;7693;1.219
45455;45758;2.423
38082;9737;2.255
7636;9737;1.219
38566;45667;1.371
45413;45455;1.103
131447;4750;1.340
10089;45796;2.088
38794;7693;1.718
38566;45629;2.127
45413;45458;0.355
38794;7654;1.570
10089;45758;2.640
38081;45265;0.945
38794;7616;1.708
4618;4621;1.594
45430;4776;1.651
24475;7568;2.011
55554;9737;1.350
38888;9891;1.504
17887;55423;1.197
17887;55738;1.296
17887;55465;1.066
24475;45413;1.097
4776;9931;1.575
24475;45455;1.176
4651;9931;2.531
38794;4651;2.457
38794;4652;1.742
24475;45142;1.097
24475;45458;0.947
45413;7636;0.924
4618;9931;1.759
24187;55738;1.566
24187;55423;1.411
24187;55465;1.546
132876;4621;1.621
45458;4750;1.338
38794;4618;1.807
10089;4750;2.092
45458;7636;0.924
10089;7636;1.997
131447;45265;1.207
10089;24187;2.106
45796;55554;1.676
45430;9737;1.771
38888;45667;1.065
23884;55738;1.532
23884;55423;1.439
23884;55465;1.301
38888;45629;2.141
38566;4741;1.467
132876;45413;1.382
132876;45455;1.414
24187;37930;1.561
132876;45142;1.383
132876;45458;1.264
45328;45667;1.159
38888;9737;1.219
45328;45629;2.142
132876;9931;1.811
23884;7693;1.502
45667;9891;1.501
23884;7654;1.219
55465;9931;1.576
4776;7470;1.298
23884;7616;1.439
10089;37930;1.993
17425;45328;1.062
4651;7470;2.428
131447;7568;1.955
45667;9587;1.755
38794;45413;1.549
38794;45455;1.708
38082;9891;2.328
7636;9891;1.504
38794;45142;1.549
38794;45458;1.565
38566;45430;1.466
10089;131447;1.941
45142;55738;1.062
45142;55423;1.103
45142;55465;0.928
38082;9587;2.409
7636;9587;1.744
45758;4750;2.485
10089;23884;2.131
23884;4651;2.428
38888;4621;1.412
23884;4652;1.463
9587;9737;1.835
45758;7636;2.397
17887;7636;1.064
24187;4750;1.766
55554;9891;1.536
23884;4618;1.577
38081;38794;1.701
132876;7470;1.722
4618;4741;1.436
38566;38888;1.374
24475;38794;1.713
45458;45667;0.927
55465;7470;1.301
45458;45629;2.070
55738;7470;1.532
55554;9587;1.751
10089;38081;1.993
10089;38040;2.526
10089;38082;2.599
4741;7636;1.201
38888;9931;1.574
37930;4750;1.500
17425;4750;1.587
37930;7636;1.063
17425;7636;1.285
24475;45265;1.236
38794;4776;1.634
132876;4741;1.578
45430;9891;1.822
38040;45328;2.278
4750;7636;1.501
45667;4621;1.490
38081;4651;2.405
38888;45430;1.650
38081;4652;1.228
17887;45413;1.160
17887;45455;1.198
45413;55554;1.149
131447;38794;1.727
17887;45142;1.160
37930;45413;1.157
17887;45458;0.926
45430;9587;1.711
45328;7568;1.990
38566;7470;1.621
37930;45455;1.196
38081;4618;1.326
37930;45142;1.157
37930;45458;0.924
45413;4750;1.495
45328;45430;1.559
38082;4621;2.297
132876;45265;1.515
45265;7636;1.082
131447;17887;1.200
7654;9737;1.207
45265;55554;1.169
17425;45796;1.553
38888;9587;1.744
17425;45758;2.426
55423;7693;1.205
38794;9737;1.756
45667;9931;1.640
23884;45413;1.298
55423;7654;0.969
45629;45796;2.237
23884;45455;1.439
4750;55554;1.534
23884;45142;1.298
55423;7616;0.924
45629;45758;2.650
45455;55738;1.222
45455;55423;0.925
23884;45458;1.219
45455;55465;1.142
45142;7693;1.368
38081;55554;1.151
24475;55554;1.254
45142;7654;0.356
38082;9931;2.420
10089;55423;1.946
10089;55738;1.930
7636;9931;1.574
45142;7616;1.103
10089;55465;1.998
38794;45265;1.711
24187;7568;2.017
9587;9891;1.876
7568;7693;2.110
4652;7568;1.986
7568;7654;1.934
38888;4741;1.201
7568;7616;1.974
23884;4776;1.298
55554;9931;1.680
4618;7470;1.578
17425;24187;1.566
45142;4651;2.410
45142;4652;1.132
45430;4621;1.750
45142;45413;0.356
38081;38566;1.369
45629;4651;2.549
45142;45455;1.103
10089;132876;2.029
24475;38566;1.326
45629;4652;2.141
45142;4618;1.420
45142;45458;0.356
131447;55554;1.219
45629;4618;2.225
17887;4750;1.500
38040;38081;2.229
45796;4651;2.499
38082;7470;2.298
38040;38082;2.561
45796;4652;1.601
38040;45796;2.349
37930;38794;1.701
38040;45758;2.583
7568;9737;2.088
23884;9737;1.458
17425;37930;1.295
45796;4618;1.782
45430;55554;1.663
45413;7568;1.989
45430;9931;1.942
45667;4741;1.225
38081;7693;1.374
38082;38888;2.195
38081;7654;0.968
4741;4750;1.611
38081;7616;1.195
45458;7568;1.908
38081;4776;1.064
7654;9891;1.372
10089;7568;2.243
17887;45265;0.943
7470;7693;1.502
7470;7654;1.219
38082;4741;2.202
37930;45265;0.945
131447;38566;1.326
7470;7616;1.439
38794;9891;1.903
38082;45667;2.205
17425;23884;1.532
38082;45629;2.431
132876;38794;1.809
7654;9587;1.560
38794;9587;2.021
132876;17887;1.506
4651;4750;2.494
23884;45265;1.382
131447;24475;1.213
4776;7636;0.925
4651;7636;2.373
38040;7693;2.317
45265;4750;1.510
38040;7654;2.237
45430;7470;1.869
38081;9737;1.167
17425;38081;1.295
17425;38040;2.290
38040;7616;2.276
24187;45413;1.479
17425;38082;2.234
24187;45455;1.411
38040;55738;2.290
24187;45142;1.479
9587;9931;2.030
24187;45458;1.372
38888;7470;1.298
45455;45458;0.925
37930;55554;1.151
45455;7693;1.205
10089;45413;1.946
10089;45455;1.946
45758;7568;2.601
45455;7654;0.969
38566;45328;1.263
17887;7568;2.026
10089;45142;1.946
10089;45458;1.870
45455;7616;0.925
38040;4651;2.570
45430;4741;1.730
38040;4652;2.280
24475;4651;2.427
45629;7693;2.205
45142;4776;0.925
24475;4652;1.214
132876;7636;1.496
45629;7654;2.087
45629;7616;2.075
38040;4618;2.295
45629;4776;2.141
45142;45265;1.163
55465;7636;0.927
24475;4618;1.475
55738;7636;1.285
55423;55554;1.193
45796;7693;1.769
7568;9891;2.054
23884;9891;1.718
4741;55554;1.031
45796;7654;1.513
4741;7568;2.084
45796;7616;1.584
45796;4776;1.670
38794;4621;1.744
132876;55554;1.500
45455;4651;2.383
45455;4652;1.162
37930;7568;2.026
55423;9737;1.378
17425;7568;2.007
7568;9587;2.013
23884;9587;1.930
37930;38566;1.369
45667;7470;1.367
45667;45796;1.666
45455;4618;1.263
17425;55738;0.924
17425;55423;1.222
55465;55738;1.288
4750;7568;2.074
45667;45758;2.390
45142;9737;1.250
17425;55465;1.288
7654;9931;1.556
38566;4750;1.627
