4621;7693;1.447
45629;9737;1.456
38082;45430;1.492
17887;38794;1.442
45629;55738;1.474
45629;55423;1.421
4621;7654;1.387
45629;55465;1.446
38566;7636;1.292
38888;45328;0.925
38794;9931;1.476
4621;7616;1.417
38794;55554;1.433
45265;7568;1.495
4776;55554;1.136
45796;9737;1.443
7616;7693;1.205
131447;17425;1.251
24187;38794;1.482
7616;7654;0.969
132876;38566;1.248
38081;9891;1.391
55554;7470;1.221
23884;38794;1.449
45265;45667;0.945
4621;4651;1.516
38081;9587;1.417
4621;4652;1.420
45265;45629;1.456
132876;24475;1.340
24187;45265;1.410
38566;45796;1.389
38566;45758;1.510
23884;4621;1.448
38081;45667;0.927
38794;7470;1.449
38081;45629;1.452
4618;4750;1.429
24475;7693;1.331
10089;45265;1.494
24475;7654;0.974
4618;7636;1.310
38040;4776;1.505
24475;7616;1.170
38040;55423;1.510
24475;4776;1.259
38040;55465;1.505
7470;9737;1.354
7568;9931;1.524
17887;55554;1.150
23884;9931;1.457
55423;9891;1.392
38794;4741;1.445
38082;7636;1.442
132876;4750;1.446
45142;9891;1.381
24187;55554;1.413
45455;4776;1.139
55423;9587;1.384
4652;55738;1.246
4652;55423;1.162
131447;45667;1.200
4652;55465;1.231
45629;9891;1.487
131447;45629;1.452
38888;45796;1.425
38081;4621;1.416
45328;4651;1.508
38040;9737;1.505
45328;4652;1.132
23884;55554;1.221
45142;9587;1.348
38888;45758;1.503
24475;9737;1.321
45796;9891;1.470
45629;9587;1.474
45328;4618;1.329
45328;45796;1.373
45430;45667;1.394
45328;45758;1.495
17887;38566;1.290
45430;45629;1.457
17425;45413;1.061
45796;9587;1.442
17425;45455;1.222
23884;7470;1.219
17425;45142;1.061
17425;45458;0.924
45455;9737;1.294
38081;9931;1.426
131447;7693;1.310
24187;38566;1.359
131447;7654;0.971
132876;17425;1.373
131447;7616;1.136
45265;45430;1.398
4776;7568;1.493
17887;24475;1.229
4651;7568;1.535
23884;38566;1.395
45430;7636;1.392
4621;4776;1.407
45758;45796;1.528
24187;24475;1.397
45142;55554;1.149
38888;4750;1.391
38081;45430;1.393
23884;4741;1.241
45413;45667;1.159
38888;7636;0.924
45413;45629;1.435
131447;4651;1.513
131447;4652;1.181
23884;24475;1.369
7470;9891;1.447
45458;45796;1.347
45142;4621;1.309
38081;38888;1.063
10089;38794;1.517
131447;4618;1.343
45458;45758;1.489
24475;38888;1.259
45328;55738;1.061
45328;55423;1.103
45328;55465;0.928
132876;7568;1.490
45629;4621;1.501
4618;55738;1.369
4618;55423;1.262
4618;55465;1.311
10089;17887;1.492
7470;9587;1.465
4621;9737;1.434
55465;7568;1.493
55738;7568;1.497
55423;9931;1.429
45796;4621;1.475
45667;55738;1.296
45667;55423;1.197
24475;45667;1.229
45667;55465;1.065
24475;45629;1.446
7616;9737;1.294
38040;45413;1.505
45142;9931;1.348
38040;9891;1.524
38040;45455;1.510
131447;45430;1.385
38040;45142;1.505
24475;9891;1.400
45667;4750;1.391
38040;45458;1.495
45629;9931;1.511
45458;4651;1.499
45328;7693;1.281
38081;4741;1.186
45667;7636;1.064
45458;4652;0.924
10089;4651;1.540
45328;7654;0.356
10089;4652;1.490
45328;7616;1.103
38040;9587;1.526
45328;4776;0.925
24475;9587;1.403
45458;4618;1.260
132876;45667;1.355
131447;38888;1.181
45796;9931;1.444
38082;4750;1.499
10089;4618;1.505
132876;45629;1.452
38566;7568;1.492
45455;9891;1.392
38082;45328;1.435
55423;7470;1.337
17425;45265;1.306
45455;55554;1.192
45455;9587;1.384
38566;55738;1.353
38566;55423;1.253
24187;7693;1.431
45142;7470;1.298
38566;55465;1.292
24187;7654;1.333
55554;7636;1.136
38794;45667;1.442
10089;55554;1.501
45328;9737;1.249
24187;7616;1.363
4652;7693;1.326
38794;45629;1.510
4652;7654;0.971
4652;7616;1.162
4652;4776;1.231
45413;45430;1.321
45758;4651;1.526
45758;4652;1.505
38794;7636;1.443
131447;4776;1.181
45142;4741;1.201
7470;9931;1.457
45430;4750;1.467
24187;4651;1.520
45758;4618;1.516
38040;4621;1.517
24187;4652;1.380
4621;9891;1.460
24475;4621;1.434
45629;4741;1.460
4618;7568;1.515
38040;38794;1.519
24187;4618;1.438
10089;38566;1.503
7616;9891;1.392
4621;9587;1.480
24475;45430;1.374
45796;4741;1.427
4652;9737;1.313
45413;7693;1.281
38888;55738;1.285
38888;55423;1.139
37930;4651;1.508
45413;7654;0.356
38888;55465;0.927
17425;4651;1.517
37930;4652;1.228
17425;4652;1.246
45455;4621;1.418
45413;7616;1.103
38082;7568;1.525
37930;38888;1.063
7616;9587;1.384
38040;9931;1.528
24475;9931;1.432
10089;24475;1.493
45458;7693;1.204
38040;45265;1.496
131447;9737;1.293
37930;4618;1.324
17425;4618;1.369
10089;7693;1.507
45458;7654;0.076
38081;7470;1.305
10089;7654;1.473
45458;7616;0.924
17887;45667;0.929
45458;4776;0.925
10089;7616;1.489
10089;4776;1.495
132876;45430;1.293
17887;45629;1.452
37930;45667;0.927
4621;55738;1.437
4621;55423;1.417
4621;55465;1.407
38082;45796;1.502
37930;45629;1.452
38082;45758;1.522
45413;4651;1.508
45455;9931;1.429
45413;4652;1.132
132876;38888;1.350
45413;4618;1.329
23884;45667;1.306
23884;45629;1.495
23884;7636;1.298
45328;9891;1.381
17425;38794;1.431
45758;55738;1.510
45758;55423;1.506
45758;55465;1.503
38794;45430;1.481
38040;7470;1.513
45458;9737;1.165
10089;9737;1.501
17425;17887;1.295
45328;9587;1.348
38040;55554;1.508
9737;9891;1.430
45430;7568;1.492
45265;45328;1.163
45458;55738;0.924
45458;55423;0.924
38794;38888;1.443
45458;55465;0.927
45758;7693;1.512
7693;9737;1.382
38566;45413;1.203
17887;7693;1.317
45758;7654;1.492
38566;45455;1.253
17887;7654;0.970
38566;45142;1.203
45758;7616;1.506
38888;7568;1.493
38566;45458;1.116
45758;4776;1.504
45455;7470;1.337
17887;7616;1.195
38081;45328;1.157
38040;4741;1.510
4651;55738;1.517
4651;55423;1.505
24475;4741;1.282
4651;55465;1.499
4621;9931;1.473
38082;55738;1.482
38082;55423;1.458
38082;55465;1.442
24187;4776;1.404
45629;7470;1.495
45142;45667;1.159
4652;9891;1.402
45142;45629;1.435
4741;7693;1.321
4741;7654;1.029
7616;9931;1.429
38040;38566;1.513
45796;7470;1.460
4741;7616;1.226
37930;7693;1.317
38794;4750;1.482
10089;17425;1.491
17425;7693;1.359
4652;9587;1.373
37930;7654;0.968
17887;4651;1.508
131447;9891;1.339
17425;7654;0.970
17887;4652;1.227
9891;9931;1.477
45455;4741;1.226
37930;7616;1.195
17425;7616;1.222
37930;4776;1.063
17425;4776;1.285
4750;7693;1.426
45758;9737;1.506
17887;4618;1.324
4750;7654;1.349
131447;9587;1.396
17887;45430;1.393
4750;7616;1.391
17425;55554;1.287
55465;55554;1.137
37930;45430;1.393
24187;9737;1.432
45667;7568;1.492
45328;4621;1.309
131447;45328;1.115
38888;45413;0.924
38888;45455;1.139
45629;55554;1.459
45265;7693;1.326
38888;45142;0.925
4621;7470;1.448
38888;45458;0.924
45265;7654;0.973
17887;38888;1.062
45265;7616;1.211
45328;45413;0.356
45413;4776;0.925
45328;45455;1.103
23884;45430;1.453
45328;45458;0.356
24187;38888;1.404
45458;9891;1.339
10089;9891;1.504
55423;7636;1.139
45328;9931;1.348
4651;4652;1.512
45265;45796;1.426
17425;38566;1.353
23884;38888;1.298
45265;45758;1.502
4621;4741;1.436
45458;9587;1.320
45265;4651;1.510
45142;7636;0.925
10089;9587;1.513
24187;45667;1.407
55554;7568;1.495
45265;4652;1.242
7693;9891;1.426
24187;45629;1.458
9737;9931;1.447
45455;45667;1.198
45265;4618;1.336
23884;4750;1.446
38081;45796;1.422
45455;45629;1.421
45413;9737;1.249
7568;7636;1.493
38081;45758;1.501
7693;9587;1.460
17425;24475;1.223
38566;45265;1.298
131447;4621;1.416
10089;45667;1.493
10089;45629;1.527
38794;7568;1.519
24475;7470;1.369
45142;45430;1.321
4652;9931;1.439
45758;9891;1.521
131447;9931;1.435
17887;4776;1.063
24187;9891;1.449
24475;45328;1.097
131447;45796;1.417
4652;55554;1.213
45758;9587;1.520
131447;45758;1.502
38081;4750;1.391
45458;4621;1.381
45328;4741;1.201
10089;4621;1.512
38081;7636;1.063
45796;55738;1.401
45796;55423;1.392
24187;9587;1.406
45796;55465;1.425
4741;4776;1.173
45430;45796;1.414
38888;45265;1.079
38566;4651;1.513
38566;4652;1.226
7470;7636;1.298
45430;45758;1.520
132876;45328;1.262
38566;4618;1.395
17887;9737;1.166
45458;9931;1.378
10089;9931;1.510
24475;37930;1.229
4776;7693;1.284
4750;4776;1.391
131447;7470;1.344
4651;7693;1.513
4776;7654;0.971
4651;7654;1.503
23884;7568;1.503
4776;7616;1.139
4651;7616;1.505
4651;4776;1.500
24187;45430;1.375
38040;7636;1.505
131447;24187;1.402
45413;9891;1.381
7693;9931;1.465
4741;9737;1.287
4652;4741;1.251
45265;4776;1.079
38794;45328;1.408
45413;45796;1.373
37930;9737;1.166
17425;9737;1.364
45413;45758;1.495
45413;9587;1.347
10089;45430;1.506
131447;4741;1.254
45758;4621;1.519
4750;9737;1.430
45142;4750;1.381
38566;38794;1.462
132876;7693;1.408
45455;7636;1.139
132876;7654;1.236
24187;4621;1.458
4618;4651;1.514
131447;37930;1.197
4618;4652;1.348
45629;4750;1.488
45328;55554;1.149
132876;7616;1.311
10089;38888;1.495
55465;7693;1.285
55738;7693;1.359
4618;55554;1.336
55465;7654;0.973
45629;7636;1.446
55738;7654;0.970
38081;38082;1.450
24475;38081;1.229
24475;38040;1.508
24475;38082;1.464
55465;7616;1.140
45265;9737;1.178
55738;7616;1.222
45796;4750;1.476
24475;45796;1.398
45667;55554;1.152
45758;9931;1.525
24475;45758;1.504
45796;7636;1.425
37930;4621;1.416
17425;4621;1.437
131447;23884;1.344
24187;9931;1.485
132876;4651;1.514
132876;4652;1.301
45458;4741;1.029
10089;4741;1.502
45328;7470;1.298
132876;4618;1.426
132876;45796;1.396
45413;55738;1.061
45413;55423;1.103
38566;7693;1.378
45413;55465;0.927
132876;45758;1.513
38566;7654;1.145
17887;45328;1.159
17887;9891;1.391
38566;7616;1.253
55738;9737;1.364
38566;4776;1.292
38082;45413;1.435
37930;45328;1.157
4621;7636;1.406
38082;45455;1.458
131447;38081;1.197
131447;38040;1.512
45413;4621;1.309
131447;38082;1.457
38082;45142;1.435
45265;55738;1.306
45265;55423;1.211
38082;45458;1.422
45265;55465;1.080
17425;45667;1.296
17425;45629;1.474
17887;9587;1.417
7616;7636;1.139
4750;55738;1.425
4750;55423;1.391
4750;55465;1.391
45629;45667;1.453
55423;7568;1.492
4741;9891;1.419
38566;55554;1.305
23884;45328;1.298
38794;45796;1.485
24187;7470;1.455
38081;55738;1.295
38081;55423;1.195
38794;45758;1.516
38081;55465;1.064
24475;55738;1.223
24475;55423;1.170
24475;55465;1.259
37930;9891;1.391
17425;9891;1.426
4652;7470;1.337
45413;9931;1.348
45142;7568;1.482
4741;9587;1.434
38566;9737;1.359
4750;9891;1.339
132876;24187;1.360
37930;9587;1.417
38888;4651;1.499
17425;9587;1.435
45758;4741;1.509
38888;4652;1.231
38040;4750;1.524
4618;7693;1.313
38888;4618;1.310
24187;4741;1.416
4750;9587;1.474
24475;4750;1.400
4618;7654;1.281
45265;9891;1.394
4618;7616;1.262
24475;7636;1.259
4618;4776;1.310
38040;38888;1.505
131447;132876;1.340
131447;55738;1.251
131447;55423;1.136
45142;45328;0.356
131447;55465;1.182
132876;37930;1.355
45265;9587;1.421
38082;7693;1.489
38888;55554;1.136
38082;7654;1.429
37930;4741;1.186
45413;7470;1.298
17887;4621;1.416
17425;4741;1.308
45455;4750;1.391
38082;7616;1.458
55554;55738;1.287
38040;45667;1.495
38040;45629;1.530
45430;55738;1.405
45430;55423;1.352
38082;38794;1.510
4776;9737;1.218
45458;7470;1.219
45430;55465;1.393
4651;9737;1.510
37930;38081;0.924
37930;38040;1.495
10089;7470;1.508
17887;45796;1.422
132876;4776;1.351
45667;4651;1.508
37930;38082;1.450
45667;4652;1.229
17887;45758;1.501
37930;45796;1.422
55738;9891;1.426
132876;23884;1.429
4618;9737;1.388
38081;7568;1.492
37930;45758;1.501
4621;55554;1.427
45667;4618;1.326
17887;9931;1.426
38082;4651;1.526
45413;4741;1.201
38082;4652;1.469
7470;7568;1.503
55738;9587;1.435
17425;45430;1.405
38082;45265;1.453
23884;45796;1.460
38082;4618;1.503
23884;45758;1.510
132876;38081;1.355
132876;38040;1.513
132876;38082;1.485
45758;55554;1.503
132876;9737;1.397
4741;9931;1.437
131447;7636;1.181
17425;38888;1.285
4621;4750;1.460
45430;7693;1.441
38566;9891;1.408
45265;45413;1.162
55465;9737;1.218
45430;7654;1.302
45265;45455;1.212
37930;9931;1.426
45265;4621;1.420
17425;9931;1.378
45430;7616;1.352
45265;45458;0.944
38040;7568;1.535
17887;24187;1.406
45458;55554;0.924
24187;45328;1.351
38888;7693;1.284
38566;9587;1.334
4750;9931;1.478
38888;7654;0.971
45758;7470;1.510
17887;7470;1.305
38888;7616;1.139
38081;45413;1.157
38888;4776;0.925
38081;45455;1.196
38081;45142;1.157
37930;55738;1.295
37930;55423;1.195
38081;45458;0.924
37930;55465;1.064
4651;55554;1.512
38082;55554;1.422
45265;9931;1.431
45142;45796;1.373
10089;45328;1.481
45455;7568;1.492
45430;4651;1.519
23884;24187;1.455
45430;4652;1.346
45142;45758;1.495
17887;37930;0.927
4741;7470;1.241
45629;7568;1.517
45430;4618;1.454
55423;55738;1.222
55423;55465;1.140
4741;55738;1.308
4741;55423;1.226
37930;7470;1.305
17887;4741;1.186
4741;55465;1.174
17425;7470;1.378
4776;9891;1.392
4651;9891;1.527
38040;45430;1.522
45796;7568;1.512
132876;55738;1.373
132876;55423;1.311
132876;55465;1.350
4618;9891;1.429
4750;7470;1.446
45667;7693;1.319
23884;37930;1.305
17887;23884;1.305
45667;7654;0.970
131447;45413;1.114
4776;9587;1.418
131447;45455;1.137
4651;9587;1.527
45328;4750;1.381
45667;7616;1.197
131447;45142;1.115
45667;4776;1.065
38082;38566;1.475
131447;45458;0.924
55738;9931;1.378
45328;7636;0.925
4618;9587;1.473
7636;7693;1.284
45265;7470;1.317
38566;4621;1.429
7636;7654;0.971
45430;45455;1.352
38082;4776;1.442
4621;7568;1.515
38794;55738;1.431
38794;55423;1.442
45430;45458;1.288
38794;55465;1.443
17887;38081;0.927
17887;38040;1.495
132876;9891;1.430
17887;38082;1.450
4776;55738;1.285
4776;55423;1.139
4776;55465;0.928
55465;9891;1.392
4651;4741;1.515
24187;38040;1.520
24187;38081;1.406
55554;7693;1.296
24187;38082;1.490
132876;9587;1.357
55554;7654;0.924
45667;9737;1.166
24187;45796;1.427
38566;9931;1.466
55554;7616;1.192
45265;4741;1.200
24187;45758;1.520
24187;7636;1.404
55465;9587;1.418
4652;4750;1.401
23884;38081;1.305
23884;38040;1.513
23884;38082;1.484
45455;45796;1.392
4652;7636;1.231
7654;7693;1.219
45455;45758;1.507
38082;9737;1.460
7636;9737;1.218
38566;45667;1.292
45413;45455;1.103
131447;4750;1.339
10089;45796;1.507
38794;7693;1.449
38566;45629;1.454
45413;45458;0.355
38794;7654;1.405
10089;45758;1.534
38081;45265;0.945
38794;7616;1.442
4618;4621;1.437
45430;4776;1.393
24475;7568;1.495
55554;9737;1.268
38888;9891;1.392
17887;55423;1.195
17887;55738;1.295
17887;55465;1.063
24475;45413;1.097
4776;9931;1.425
24475;45455;1.171
4651;9931;1.531
38794;4651;1.517
38794;4652;1.445
24475;45142;1.097
24475;45458;0.947
45413;7636;0.924
4618;9931;1.456
24187;55738;1.415
24187;55423;1.363
24187;55465;1.404
132876;4621;1.440
45458;4750;1.338
38794;4618;1.457
10089;4750;1.504
45458;7636;0.924
10089;7636;1.495
131447;45265;1.207
10089;24187;1.511
45796;55554;1.424
45430;9737;1.417
38888;45667;1.064
23884;55738;1.378
23884;55423;1.337
23884;55465;1.299
38888;45629;1.446
38566;4741;1.331
132876;45413;1.262
132876;45455;1.312
24187;37930;1.406
132876;45142;1.262
132876;45458;1.219
45328;45667;1.159
38888;9737;1.218
45328;45629;1.435
132876;9931;1.476
23884;7693;1.395
45667;9891;1.391
23884;7654;1.218
55465;9931;1.425
4776;7470;1.298
23884;7616;1.337
10089;37930;1.493
17425;45328;1.061
4651;7470;1.513
131447;7568;1.481
45667;9587;1.418
38794;45413;1.408
38794;45455;1.442
38082;9891;1.499
7636;9891;1.392
38794;45142;1.408
38794;45458;1.400
38566;45430;1.300
10089;131447;1.486
45142;55738;1.061
45142;55423;1.103
45142;55465;0.928
38082;9587;1.501
7636;9587;1.418
45758;4750;1.521
10089;23884;1.508
23884;4651;1.513
38888;4621;1.406
23884;4652;1.337
9587;9737;1.431
45758;7636;1.503
17887;7636;1.062
24187;4750;1.462
55554;9891;1.406
23884;4618;1.388
38081;38794;1.442
132876;7470;1.430
4618;4741;1.358
38566;38888;1.292
24475;38794;1.452
45458;45667;0.927
55465;7470;1.299
45458;45629;1.421
55738;7470;1.378
55554;9587;1.426
10089;38081;1.493
10089;38040;1.536
10089;38082;1.535
4741;7636;1.173
38888;9931;1.425
37930;4750;1.391
17425;4750;1.425
37930;7636;1.063
17425;7636;1.285
24475;45265;1.231
38794;4776;1.443
132876;4741;1.382
45430;9891;1.451
38040;45328;1.505
4750;7636;1.391
45667;4621;1.416
38081;4651;1.508
38888;45430;1.392
38081;4652;1.228
17887;45413;1.158
17887;45455;1.196
45413;55554;1.149
131447;38794;1.447
17887;45142;1.159
37930;45413;1.157
17887;45458;0.926
45430;9587;1.368
45328;7568;1.482
38566;7470;1.395
37930;45455;1.196
38081;4618;1.324
37930;45142;1.157
37930;45458;0.924
45413;4750;1.381
45328;45430;1.321
38082;4621;1.507
132876;45265;1.360
45265;7636;1.079
131447;17887;1.199
7654;9737;1.196
45265;55554;1.164
17425;45796;1.401
38888;9587;1.418
17425;45758;1.510
55423;7693;1.205
38794;9737;1.455
45667;9931;1.426
23884;45413;1.298
55423;7654;0.969
45629;45796;1.487
23884;45455;1.337
4750;55554;1.405
23884;45142;1.298
55423;7616;0.924
45629;45758;1.527
45455;55738;1.222
45455;55423;0.925
23884;45458;1.219
45455;55465;1.141
45142;7693;1.281
38081;55554;1.151
24475;55554;1.250
45142;7654;0.356
38082;9931;1.515
10089;55423;1.489
10089;55738;1.491
7636;9931;1.425
45142;7616;1.103
10089;55465;1.495
38794;45265;1.446
24187;7568;1.502
9587;9891;1.458
7568;7693;1.513
4652;7568;1.489
7568;7654;1.477
38888;4741;1.173
7568;7616;1.492
23884;4776;1.298
55554;9931;1.431
4618;7470;1.388
17425;24187;1.415
45142;4651;1.508
45142;4652;1.132
45430;4621;1.461
45142;45413;0.356
38081;38566;1.291
45629;4651;1.515
45142;45455;1.103
10089;132876;1.500
24475;38566;1.284
45629;4652;1.449
45142;4618;1.329
45142;45458;0.356
131447;55554;1.219
45629;4618;1.493
17887;4750;1.390
38040;38081;1.495
45796;4651;1.532
38082;7470;1.484
38040;38082;1.528
45796;4652;1.394
38040;45796;1.527
37930;38794;1.442
38040;45758;1.521
7568;9737;1.497
23884;9737;1.354
17425;37930;1.295
45796;4618;1.461
45430;55554;1.399
45413;7568;1.482
45430;9931;1.493
45667;4741;1.188
38081;7693;1.317
38082;38888;1.442
38081;7654;0.968
4741;4750;1.419
38081;7616;1.195
45458;7568;1.470
38081;4776;1.063
7654;9891;1.349
10089;7568;1.520
17887;45265;0.943
7470;7693;1.395
7470;7654;1.218
38082;4741;1.430
37930;45265;0.945
131447;38566;1.278
7470;7616;1.337
38794;9891;1.482
38082;45667;1.450
17425;23884;1.378
38082;45629;1.488
132876;38794;1.460
7654;9587;1.331
38794;9587;1.497
132876;17887;1.354
4651;4750;1.527
23884;45265;1.317
131447;24475;1.207
4776;7636;0.925
4651;7636;1.499
38040;7693;1.517
45265;4750;1.394
38040;7654;1.497
45430;7470;1.453
38081;9737;1.166
17425;38081;1.295
17425;38040;1.513
38040;7616;1.510
24187;45413;1.351
17425;38082;1.482
24187;45455;1.363
38040;55738;1.513
24187;45142;1.351
9587;9931;1.507
24187;45458;1.325
38888;7470;1.298
45455;45458;0.925
37930;55554;1.151
45455;7693;1.205
10089;45413;1.481
10089;45455;1.489
45758;7568;1.531
45455;7654;0.969
38566;45328;1.203
17887;7568;1.492
10089;45142;1.481
10089;45458;1.467
45455;7616;0.925
38040;4651;1.522
45430;4741;1.412
38040;4652;1.511
24475;4651;1.515
45629;7693;1.475
45142;4776;0.925
24475;4652;1.208
132876;7636;1.350
45629;7654;1.427
45629;7616;1.421
38040;4618;1.515
45629;4776;1.446
45142;45265;1.163
55465;7636;0.927
24475;4618;1.369
55738;7636;1.285
55423;55554;1.192
45796;7693;1.458
7568;9891;1.488
23884;9891;1.447
4741;55554;1.030
45796;7654;1.358
4741;7568;1.498
45796;7616;1.392
45796;4776;1.425
38794;4621;1.461
132876;55554;1.357
45455;4651;1.505
45455;4652;1.162
37930;7568;1.492
55423;9737;1.294
17425;7568;1.497
7568;9587;1.492
23884;9587;1.465
37930;38566;1.291
45667;7470;1.306
45667;45796;1.423
45455;4618;1.262
17425;55738;0.924
17425;55423;1.222
55465;55738;1.285
4750;7568;1.497
45667;45758;1.501
45142;9737;1.249
17425;55465;1.285
7654;9931;1.394
38566;4750;1.425
