7539;9919;1.860
131586;9919;1.091
17709;24235;1.656
10135;17709;1.803
1659;7481;1.578
18046;3462;1.712
59268;7481;1.258
24235;7481;1.175
10133;24167;2.315
10133;7481;1.235
1659;9831;1.280
18046;24235;1.162
10133;17809;1.270
4845;9924;2.145
1659;18391;1.953
17714;9505;2.679
1659;18042;1.537
1659;18046;1.582
18391;45599;1.759
9831;9916;1.158
18413;9924;2.178
9831;9918;0.924
9831;9919;0.929
17714;4780;2.202
18391;7533;1.781
17809;7481;1.260
18391;7539;2.090
18183;7481;1.490
10135;9505;2.688
1659;45599;1.540
18413;3462;1.923
17709;4780;2.131
18391;4845;1.763
9916;9924;2.194
18042;24167;2.308
45599;4780;2.061
17809;9831;1.006
18042;9505;2.657
1659;17709;1.914
131586;7533;1.156
17809;18413;1.435
1659;9680;2.411
17809;18183;1.429
1659;9916;1.409
131586;7539;1.817
17709;18413;1.845
1659;9918;1.497
1659;9919;1.500
17709;18183;1.865
18183;59268;1.630
24167;45599;2.354
9680;9924;2.569
18391;9264;2.209
131586;4845;1.129
10135;59268;1.344
131586;1659;1.561
18046;9505;2.652
59268;9831;1.135
18046;18413;1.261
24235;9831;0.923
18046;18183;1.477
131586;45599;1.124
3462;7481;1.729
10133;9831;0.924
7481;9831;0.928
17809;24167;2.339
7539;9264;2.336
131586;9264;1.994
17709;24167;2.417
18046;4780;2.042
17709;17809;1.713
17809;9680;2.386
17809;9916;1.448
17809;9918;1.009
17809;9919;1.010
17714;18391;1.920
18046;24167;2.353
17714;18042;1.368
18391;9924;2.277
17714;18046;1.513
18391;59268;1.767
18183;9831;1.158
18413;45599;1.481
4845;9505;2.649
10135;4780;2.123
131586;18391;1.739
24167;7481;2.359
131586;18042;1.283
131586;18046;1.074
59268;9680;2.385
24235;9680;2.384
18413;9505;2.683
59268;9916;1.646
18042;4780;2.094
24235;9916;1.499
59268;9918;1.323
59268;9919;1.326
24235;9918;1.250
17714;45599;1.555
18391;3462;2.049
24235;9919;1.253
7539;9924;2.411
131586;9924;2.070
1659;59268;1.731
10133;9680;2.380
10135;17714;1.750
7481;9680;2.337
10133;9916;1.363
10133;9918;1.197
7481;9916;1.481
10133;9919;1.202
7481;9918;1.187
7481;9919;1.191
1659;4845;1.576
131586;3462;1.712
131586;17709;1.624
24167;59268;2.428
10133;4845;1.219
3462;9831;1.613
1659;9264;2.012
18183;9680;2.448
18183;9916;1.454
18183;9918;1.375
18183;9919;1.378
9831;9924;2.061
131586;59268;1.195
10135;131586;1.397
17709;7481;1.655
10133;45599;1.176
17809;4845;1.282
4780;7481;2.057
1659;7533;1.609
1659;7539;1.955
7533;9831;0.924
24167;9831;2.246
1659;17714;1.656
59268;7533;1.308
24235;7533;1.112
18042;18391;1.720
59268;7539;1.910
24235;7539;1.828
4780;9831;1.987
18413;4780;2.075
10133;7533;1.245
1659;9924;2.208
17809;9264;1.986
18042;18046;1.275
18413;59268;1.389
7481;7533;1.166
3462;9680;2.547
10133;7539;1.692
9918;9919;0.929
7481;7539;1.828
3462;9916;1.948
3462;9918;1.773
9919;9924;2.082
3462;9919;1.776
24235;4845;1.142
18391;9505;2.707
10133;18391;1.722
17714;59268;1.628
18183;24235;1.473
10133;18042;1.266
18042;45599;1.301
10133;1659;1.389
1659;3462;2.004
10133;18046;1.229
17714;7481;1.513
59268;9264;2.099
10135;24235;1.495
24235;9264;2.024
17809;7533;1.319
18183;7533;1.520
7539;9505;2.774
131586;9505;2.627
17809;7539;1.914
18183;7539;1.930
10133;9264;2.053
7481;9264;2.001
7533;9680;2.368
24167;9680;2.728
7533;9916;1.532
7533;9918;1.253
24167;9916;2.345
45599;7481;1.146
7533;9919;1.257
24167;9918;2.290
17809;9924;2.138
24167;9919;2.291
18183;4845;1.481
4780;9680;2.538
4780;9916;2.144
4780;9918;1.989
10133;17709;1.689
4780;9919;1.991
17709;9831;1.523
45599;9831;0.924
18042;7481;1.297
17809;3462;1.781
18183;9264;1.991
9264;9831;1.885
59268;9924;2.181
10133;59268;1.381
24235;9924;2.155
3462;7533;1.671
10133;9924;2.141
3462;7539;2.164
7481;9924;2.123
18046;7481;1.123
18391;4780;2.229
4780;59268;2.072
18183;18413;1.715
3462;4845;1.733
24235;3462;1.615
24235;45599;1.179
131586;17714;1.511
10135;18413;1.544
17809;18391;1.790
9505;9831;2.612
10135;18183;1.789
10133;3462;1.755
17709;18391;1.991
17809;18042;1.297
17714;9831;1.314
17809;18046;1.252
1659;9505;2.687
17709;18042;1.684
17709;9680;2.517
17709;9916;1.874
17709;18046;1.645
17709;9918;1.661
45599;9680;2.370
17709;9919;1.663
18183;9924;2.220
131586;4780;1.993
3462;9264;2.285
45599;9916;1.459
10135;7481;1.445
45599;9918;1.188
45599;9919;1.192
18042;59268;1.445
24167;7533;2.337
24167;7539;2.495
18046;18391;1.664
18183;24167;2.355
9264;9680;2.571
9264;9916;2.017
17809;45599;1.265
9264;9918;1.955
9264;9919;1.959
4845;7481;1.118
17709;45599;1.604
10135;9831;1.342
24167;4845;2.349
10135;24167;2.471
18183;3462;1.946
10135;17809;1.556
18391;24235;1.764
4780;4845;2.083
18413;7481;1.509
18042;9831;0.908
18391;18413;1.822
18046;45599;1.168
7533;9264;2.052
24167;9264;2.590
17809;9505;2.644
9505;9680;2.857
9918;9924;2.079
9505;9916;2.702
18046;9916;1.483
1659;24235;1.581
9505;9918;2.638
18046;9918;1.174
9505;9919;2.639
18046;9919;1.178
17714;9680;2.476
3462;9924;2.352
4780;9264;2.365
17714;9916;1.684
10133;10135;1.560
17714;9918;1.548
17714;9919;1.551
1659;18413;1.782
1659;18183;1.452
18046;9831;0.925
18413;24235;1.559
24167;24235;2.369
59268;9505;2.664
17714;4845;1.509
24235;9505;2.637
17709;7533;1.536
10135;9680;2.455
7533;7539;1.823
10135;9916;1.804
10135;9918;1.505
17709;7539;2.052
10135;9919;1.507
1659;4780;2.164
10133;9505;2.641
4780;7533;2.032
7481;9505;2.638
24235;59268;1.311
4780;7539;2.350
3462;45599;1.724
18042;9680;2.408
7533;9924;2.111
18042;9916;1.452
17709;4845;1.668
24167;9924;2.601
18042;9918;1.271
131586;24235;1.170
18042;9919;1.274
4845;59268;1.291
1659;17809;1.562
45599;4845;1.122
45599;59268;1.322
10133;4780;2.088
4780;9924;2.223
10133;17714;1.315
4845;9831;0.924
17709;9264;2.245
24167;3462;2.498
18046;9680;2.347
18183;9505;2.688
45599;9264;2.018
18413;9831;1.363
17809;59268;1.376
17709;59268;1.727
18391;7481;1.749
17714;7533;1.506
17809;4780;2.051
17714;7539;1.883
18391;24167;2.444
18046;4845;1.145
18046;59268;1.138
17714;24235;1.376
45599;7533;1.195
131586;7481;1.074
45599;7539;1.809
17714;18413;1.799
17714;18183;1.620
1659;24167;2.364
24235;4780;2.082
4845;9680;2.378
17709;9924;2.272
4845;9916;1.504
9680;9831;2.304
4845;9918;1.222
3462;9505;2.719
4845;9919;1.227
45599;9924;2.123
17714;9264;2.156
18042;7533;1.343
131586;18413;1.408
10135;4845;1.489
131586;18183;1.454
18042;7539;1.814
18413;24167;2.408
18413;9680;2.407
18413;9916;1.709
18413;9918;1.370
18413;9919;1.371
9264;9924;2.397
18042;4845;1.283
17709;3462;1.859
3462;59268;1.784
10135;9264;2.203
17714;17809;1.554
17709;17714;1.832
18046;7533;1.145
18046;7539;1.818
9916;9918;1.376
9916;9919;1.379
18183;4780;2.145
131586;24167;2.335
7533;9505;2.643
18042;9264;2.031
10133;24235;1.216
24167;9505;2.886
131586;17809;1.168
9505;9924;2.769
18046;9924;2.130
18391;9831;1.581
4780;9505;2.759
17714;9924;2.256
9680;9916;2.404
9680;9918;2.344
9680;9919;2.346
10135;7533;1.423
10135;7539;2.023
18046;9264;2.015
7539;9831;1.667
131586;9831;0.924
17714;3462;1.791
4845;7533;1.153
10135;9924;2.219
4845;7539;1.824
10133;131586;1.194
10135;1659;1.878
3462;4780;2.263
18183;18391;1.895
18413;7533;1.536
18042;24235;0.924
18042;9924;2.184
18413;7539;2.001
17714;24167;2.420
18042;18413;1.599
10135;18391;1.885
18042;18183;1.450
10135;3462;1.800
10135;18042;1.599
18413;4845;1.527
18391;9680;2.476
10135;18046;1.346
18391;9916;1.892
18391;9918;1.727
18391;9919;1.729
17709;9505;2.725
18042;3462;1.821
4845;9264;1.996
18183;45599;1.459
45599;9505;2.642
10133;18413;1.527
10133;18183;1.327
10135;45599;1.504
18413;9264;2.123
24167;4780;2.621
9264;9505;2.792
7539;9680;2.555
131586;9680;2.335
7539;9916;1.893
131586;9916;1.459
17809;24235;1.257
7539;9918;1.856
131586;9918;1.087
