37013;37182;1.281
37084;37213;1.448
37133;37182;1.360
37027;37035;1.242
36930;37182;1.490
33765;37213;1.307
36965;37027;0.932
12143;37213;1.418
37182;37213;1.336
36965;37045;0.937
36930;37013;1.474
37013;37035;1.216
36965;37101;0.930
33765;37027;1.324
12143;37027;1.427
36965;37084;1.391
36930;37035;1.453
33765;37045;1.312
12143;37045;1.355
37027;37133;1.277
37084;37101;1.417
37045;37133;1.355
33765;37101;1.189
37149;37213;0.931
12143;37101;1.374
33765;37084;1.462
37035;37133;1.318
12143;37084;1.392
36965;37149;0.010
37101;37133;1.315
33765;36965;1.189
12143;33765;1.430
12143;36965;1.346
37013;37133;1.152
37027;37213;1.173
36965;37182;0.915
36930;37133;1.487
37084;37149;1.391
37045;37213;1.223
33765;37149;1.189
37084;37182;1.452
12143;37149;1.346
37035;37213;1.189
36965;37013;0.932
37101;37213;1.184
33765;37182;1.381
12143;37182;1.431
37013;37213;1.276
37133;37213;1.351
37027;37045;1.219
36965;37035;0.937
36930;37213;1.434
33765;37013;1.312
12143;37013;1.428
37027;37101;1.238
37035;37045;1.188
37027;37084;1.450
37013;37027;1.134
33765;37035;1.194
37045;37101;1.184
36930;37027;1.474
37013;37045;1.249
12143;37035;1.375
37045;37084;1.390
37035;37101;0.931
36930;37045;1.478
33765;36930;1.478
37035;37084;1.417
12143;36930;1.507
37149;37182;0.915
36965;37133;1.155
37013;37101;1.211
37013;37084;1.454
37027;37149;0.932
36930;37101;1.453
36930;37084;1.506
37084;37133;1.477
37045;37149;0.937
37027;37182;1.304
36930;36965;1.434
33765;37133;1.394
37035;37149;0.937
12143;37133;1.460
37045;37182;1.250
37101;37149;0.930
36965;37213;0.931
37035;37182;1.297
37013;37149;0.932
37133;37149;1.155
37101;37182;1.295
36930;37149;1.434
