804118835  0
3962264464  1
2563087554  2
943911443  3
336417727  4
130227324  5
55658409  6
27029425  7
14874776  8
9155234  9
5823003  10
3930925  11
2783687  12
1994541  13
1533268  14
1172248  15
847262  16
630734  17
480875  18
352815  19
252355  20
174178  21
130426  22
96022  23
81059  24
58435  25
52524  26
39379  27
29064  28
23863  29
17154  30
11368  31
8191  32
7601  33
4680  34
3594  35
5845  36
5272  37
4054  38
2622  39
2209  40
3606  41
1517  42
2191  43
2199  44
1087  45
1532  46
563  47
199  48
902  49
684  50
1155  51
745  52
240  53
91  54
60  55
39  56
24  57
551  58
802  59
327  60
84  61
1139  62
434  63
106  64
50  65
1020  66
523  67
675  68
715  69
336  70
118  71
57  72
50  73
29  74
18  75
18  76
12  77
12  78
6  79
7  80
10  81
6  82
2  83
945  84
531  85
1170  86
514  87
153  88
43  89
29  90
32  91
958  92
602  93
106  94
36  95
24  96
22  97
27  98
903  99
565  100
172  101
59  102
31  103
23  104
12  105
14  106
7  107
13  108
3  109
2  110
4  111
4  112
3  113
2  114
1  117
1  119
2  120
1  122
2  125
1  127
252  128
662  129
472  130
195  131
89  132
35  133
17  134
7  135
6  136
6  137
1  138
1  139
4  140
1  142
1  143
1  144
2  147
1  149
1  163
