27893;6306;1.608
27807;27893;1.417
28007;8048;2.221
28007;7908;1.933
27717;27893;1.244
20312;28007;2.015
20312;27893;1.856
28007;6306;1.898
27893;28007;1.718
11562;6306;1.924
11562;28007;2.064
11562;27893;1.826
11562;20312;2.165
27807;8048;2.197
27807;7908;1.946
20312;8048;2.316
20312;7908;2.182
27717;8048;2.050
27717;7908;1.729
20312;27717;1.820
11562;27717;1.804
7908;8048;2.329
6306;8048;2.142
6306;7908;2.079
27893;8048;2.033
27893;7908;1.823
27807;6306;1.787
27807;28007;1.827
27717;27807;1.391
20312;6306;2.055
20312;27807;1.834
27717;6306;1.543
27717;28007;1.535
11562;8048;2.195
11562;7908;2.208
11562;27807;1.976
