27893;6306;1.387
27807;27893;1.316
28007;8048;1.506
28007;7908;1.496
27717;27893;1.205
20312;28007;1.502
20312;27893;1.490
28007;6306;1.467
27893;28007;1.438
11562;6306;1.464
11562;28007;1.495
11562;27893;1.449
11562;20312;1.519
27807;8048;1.509
27807;7908;1.508
20312;8048;1.528
20312;7908;1.537
27717;8048;1.492
27717;7908;1.442
20312;27717;1.475
11562;27717;1.454
7908;8048;1.533
6306;8048;1.496
6306;7908;1.509
27893;8048;1.470
27893;7908;1.460
27807;6306;1.449
27807;28007;1.466
27717;27807;1.301
20312;6306;1.508
20312;27807;1.480
27717;6306;1.377
27717;28007;1.402
11562;8048;1.497
11562;7908;1.522
11562;27807;1.485
