45896;45903;2.338
38731;56156;1.195
23962;56149;1.367
18403;45552;2.101
131349;7552;2.066
45552;7602;1.227
45552;55309;1.194
45551;56149;1.298
24088;38726;1.933
23899;38726;1.907
23899;23962;1.115
23899;24088;1.343
7602;7643;1.611
55309;55314;1.320
24173;7602;1.684
55314;7643;1.784
45551;55314;1.170
38731;55309;1.024
45538;45543;1.464
38726;38731;1.906
23899;45543;1.198
131349;45896;2.251
45552;56156;0.972
18403;24173;2.280
131349;45899;2.104
45896;7643;2.385
23962;45896;2.237
131349;23899;1.231
55309;56149;1.300
24176;38726;2.209
18403;24176;2.391
56149;56156;1.455
45552;7643;1.457
45552;45903;1.661
23962;45899;2.107
18403;55309;2.022
45543;45896;2.275
38726;45551;1.928
38726;45538;2.101
7552;7602;2.012
38726;45552;1.973
24173;7643;1.793
24173;38731;1.684
45543;45899;2.134
38731;45903;1.584
24176;45543;1.844
24173;45896;2.318
131127;7602;1.126
131349;38731;1.228
45538;7552;2.170
23899;7552;2.014
24173;45899;2.266
24088;45543;1.390
45899;55309;2.092
45538;55314;1.458
18403;56156;2.106
131127;38731;1.124
45551;7602;1.026
24088;55314;1.511
23962;38731;1.116
23899;55314;1.132
131127;45896;2.227
45551;45896;2.253
45543;7602;1.197
56149;7602;1.336
45896;55314;2.258
131127;45899;2.118
18403;45903;2.101
45551;45899;2.092
38731;7552;2.012
131349;45538;1.484
131349;45551;1.196
131127;23899;1.127
23962;7552;2.030
131349;45552;1.216
7552;7643;2.210
45899;56156;2.175
45538;56149;1.557
45903;55309;1.610
38726;55309;1.928
24088;56149;1.519
23962;45551;0.940
23962;45538;1.291
23899;56149;1.337
131127;7643;1.578
56156;7602;1.196
24176;7602;1.904
23962;45552;1.309
24176;55314;2.059
45899;45903;2.257
45896;56149;2.232
45551;7643;1.583
45543;45551;1.171
55314;7552;2.018
45543;45552;0.987
45543;7643;1.416
56149;7643;1.691
45903;56156;1.663
38726;56156;1.962
24173;45551;1.688
24173;45538;1.860
24173;24176;1.769
24088;7602;1.342
131349;24173;1.568
45899;7602;2.086
24173;45552;1.679
38726;7602;1.906
24173;55309;1.688
55314;56156;1.482
45538;45896;2.343
18403;7602;2.042
131349;24176;1.785
131127;24173;1.571
24176;56149;1.906
23962;24173;1.755
23899;45896;2.232
45896;7552;2.391
38731;45543;1.198
131349;55309;1.196
45538;45899;2.109
38726;45903;1.948
131127;45538;1.467
131127;45551;1.159
131127;24176;1.813
56156;7643;1.652
24176;7643;1.956
23962;24176;1.957
23899;45899;2.086
131127;45552;1.212
45552;7552;2.084
45543;56156;0.926
18403;38726;2.281
18403;23962;2.059
131127;55309;1.159
45551;45552;1.192
23962;55309;0.941
131127;131349;1.195
18403;24088;2.069
24173;56156;1.772
24173;7552;2.245
55309;7602;1.026
45903;7602;1.585
131349;56156;1.282
45543;55309;1.171
24088;7643;1.626
18403;45543;2.097
45899;7643;2.317
45552;55314;1.472
38731;56149;1.334
38726;7643;2.069
24176;45896;2.410
131127;56156;1.287
24088;38731;1.341
23962;56156;1.136
23899;38731;0.932
18403;7643;2.181
45551;56156;1.216
24176;45899;2.310
24088;45896;2.270
131349;45903;1.593
38731;55314;1.131
24088;45899;2.133
23962;45903;1.633
45551;55309;0.924
45896;45899;2.497
45552;56149;1.384
45538;45551;1.280
55309;7643;1.583
45538;45552;1.481
23899;45551;1.027
23899;45538;1.392
131349;7602;1.230
45903;7643;1.875
23899;45552;1.227
131127;7552;2.045
45543;45903;1.654
24176;38731;1.904
55309;56156;1.216
24173;45903;1.921
18403;55314;2.067
45551;7552;2.036
38726;45543;1.937
131349;18403;2.053
45543;7552;2.080
56149;7552;2.067
24173;38726;2.117
131127;45903;1.625
45552;45896;2.281
45551;45903;1.610
24176;45551;1.901
24176;45538;1.890
24088;24173;1.664
23899;24173;1.685
45899;55314;2.139
24176;45552;1.862
131349;23962;1.311
131349;38726;1.900
45552;45899;2.140
18403;56149;2.125
131349;7643;1.475
24088;45551;1.346
24088;45538;1.619
24088;24176;1.854
23899;24176;1.905
131349;24088;1.192
56156;7552;2.115
45538;55309;1.280
24176;7552;2.327
24088;45552;1.396
131127;38726;1.918
38731;45896;2.232
24088;55309;1.346
23962;38726;1.957
23899;55309;1.027
131127;24088;1.398
23962;24088;1.392
38731;45899;2.085
131349;45543;1.164
45896;55309;2.253
45899;56149;2.148
45538;7602;1.391
23899;7602;0.932
45903;55314;1.719
38726;55314;2.006
24088;7552;2.087
23962;45543;1.289
45899;7552;2.474
45538;56156;1.527
131127;18403;2.100
38726;7552;2.176
24088;56156;1.424
23899;56156;1.196
18403;7552;2.235
18403;45896;2.469
45896;56156;2.317
24176;55309;1.901
18403;45899;2.470
45538;45903;1.834
38731;7602;0.932
23899;45903;1.586
18403;23899;2.043
131127;23962;1.258
24173;45543;1.658
23962;7602;1.115
45903;56149;1.719
38726;56149;1.987
24173;55314;1.870
55314;56149;1.464
55309;7552;2.036
45903;7552;2.024
45538;7643;1.785
23899;7643;1.612
131349;55314;1.508
24176;56156;1.944
131127;45543;1.180
38731;45551;1.024
38731;45538;1.389
18403;38731;2.042
131127;55314;1.437
45543;56149;1.376
38731;45552;1.225
23962;55314;1.373
55314;7602;1.132
24176;45903;2.076
24173;56149;1.672
38731;7643;1.611
38726;45896;2.330
45543;55314;1.463
24088;45903;1.608
23962;7643;1.668
131349;56149;1.394
45896;7602;2.232
38726;45899;2.425
18403;45551;2.022
18403;45538;2.180
131127;56149;1.186
