37105;37457;2.207
11845;327733;1.826
37254;37549;1.300
37254;37276;1.349
327693;3741;2.377
36944;37179;2.300
25818;37254;1.970
16637;327693;2.237
22750;37179;1.909
2018;327733;1.296
37457;9129;1.386
12258;37028;1.528
36994;37271;1.957
37276;37353;1.472
36994;37549;1.549
36994;37276;1.587
11845;37053;1.968
36874;3741;2.404
36994;37238;1.701
10474;37271;2.288
22355;36994;2.022
37153;37195;1.367
22355;9129;1.932
10474;37549;2.202
22355;36916;2.106
37153;9129;1.348
37053;37153;0.938
22750;9129;1.338
10474;37276;2.221
37053;37195;1.366
37271;37353;1.695
10474;37238;2.295
16637;37497;2.305
16637;37457;2.267
36874;37179;2.027
37028;37271;1.841
22750;36874;1.281
16637;37105;2.608
25818;36994;2.188
37028;37549;1.506
37028;37276;1.584
25818;36916;2.256
37028;37238;1.656
37238;5713;2.198
12258;5713;2.189
11845;2018;2.003
26422;37153;1.372
26422;37195;1.426
327733;37153;1.244
327733;37195;1.330
37254;37353;1.453
36944;37254;2.081
37179;3741;2.569
22355;37028;1.938
37457;37497;1.113
22750;37254;1.263
26422;3741;2.414
16637;327733;2.295
12258;37497;1.166
12258;37457;1.193
11845;22355;2.167
36943;36944;1.931
36874;9129;1.251
12258;37105;2.198
25818;37028;2.169
36916;37153;1.840
36916;37195;1.933
36994;37353;1.818
11845;5713;2.413
37497;37549;0.929
16637;22750;2.263
37153;37271;1.679
11845;37179;2.216
37153;37549;1.213
37153;37276;0.938
37053;37271;1.679
10474;37353;2.252
37153;37238;1.476
37053;37549;1.213
36944;36994;2.187
37053;37276;0.938
37053;37238;1.475
36874;37254;1.398
37195;37497;1.410
37195;37457;1.457
22750;36994;1.570
36943;37053;1.409
37028;37353;1.793
22750;36916;1.841
10474;16637;2.514
26422;37271;1.767
37179;9129;2.065
2018;22750;1.133
327733;37271;1.698
26422;37549;1.536
26422;37276;1.367
22355;37497;1.848
22355;37457;1.794
11845;36874;1.974
327733;37549;1.272
327733;37276;1.239
26422;37238;1.686
36937;5713;2.156
12258;22750;1.268
327733;37238;1.518
22355;37105;2.363
26422;9129;1.626
37153;5713;2.239
36944;37028;2.170
327693;37153;1.244
327693;37195;1.077
36937;37153;1.324
36937;37195;1.419
36874;36994;1.486
25818;37497;2.043
25818;37457;2.045
36874;36916;1.816
25818;37105;2.510
22750;37028;1.541
36916;37271;2.131
36916;37549;1.808
327733;5713;2.189
36916;37276;1.837
36916;37238;1.977
11845;37254;1.906
10474;36937;2.223
327693;5713;2.245
37179;37195;1.957
37153;37353;1.476
37053;37353;1.476
26422;36937;1.576
327733;36937;1.292
37353;37549;1.551
37053;3741;2.436
22355;22750;1.920
36874;37028;1.466
22355;327693;1.969
36943;37179;2.022
37497;9129;1.348
16637;3741;2.664
26422;37353;1.515
2018;37153;1.143
2018;37195;1.394
36916;36937;1.884
327733;37353;1.516
11845;36994;2.094
11845;36916;2.195
37105;37153;2.143
36944;37497;1.995
37105;37195;2.248
36944;37457;1.899
36944;37105;2.583
327693;37271;1.632
36937;37271;1.725
37457;5713;2.186
22750;37497;1.249
327693;37549;1.288
22750;37457;1.335
327693;37276;1.239
36937;37549;1.352
36937;37276;1.320
327693;37238;1.516
36937;37238;1.479
22750;37105;2.206
36916;37353;2.041
22355;5713;2.353
37179;37271;2.110
22750;5713;2.195
37179;37549;1.981
37179;37276;1.859
37179;5713;2.497
37179;37238;2.104
11845;37028;2.063
37053;9129;1.348
36874;37497;1.245
36874;37457;1.240
36874;37105;2.214
16637;9129;2.354
37238;37254;1.594
36943;37254;1.515
16637;37153;2.317
16637;37195;2.257
327693;36937;1.298
22355;327733;1.912
2018;37271;1.642
2018;37549;1.241
2018;37276;1.138
10474;12258;2.125
2018;37238;1.466
37105;37271;2.316
37105;37549;2.231
37105;37276;2.141
37105;37238;2.302
36994;3741;2.421
37353;9129;1.618
36874;5713;2.171
327693;37353;1.330
36937;37353;1.513
36943;36994;1.702
12258;37153;1.198
36944;3741;2.586
12258;37195;1.366
11845;37497;1.974
37179;37353;1.999
11845;37457;1.950
36994;37053;1.590
11845;37105;2.412
37353;3741;2.426
10474;37053;2.221
37254;3741;2.384
10474;26422;2.218
16637;37271;2.415
16637;37549;2.305
16637;37276;2.316
16637;2018;2.268
16637;37238;2.374
36943;37028;1.632
37028;37053;1.585
2018;37353;1.433
26422;5713;2.296
36994;9129;1.514
3741;37497;2.434
37105;37353;2.308
22355;37153;1.870
3741;37457;2.394
22355;37195;2.043
37457;37549;1.113
36944;9129;2.108
11845;22750;1.984
12258;37271;1.648
25818;37153;2.048
25818;37195;2.028
12258;37549;1.166
12258;37276;1.193
16637;36937;2.368
12258;16637;2.282
12258;37238;1.475
10474;25818;2.440
10474;36943;2.192
10474;36944;2.498
37254;9129;1.471
37276;3741;2.435
36994;37179;2.209
26422;36943;1.649
26422;36944;2.153
327733;36943;1.486
327733;36944;2.095
25818;327693;1.973
10474;37179;2.382
37497;5713;2.232
16637;37353;2.328
37195;37271;1.737
37238;37497;1.512
36943;37497;1.292
37238;37457;1.551
36943;37457;1.126
37195;37549;1.410
37195;37276;1.362
2018;36937;1.297
36943;37105;2.250
37195;37238;1.625
12258;36937;1.330
37028;37179;2.149
36916;36943;1.850
36916;36944;2.120
22355;37271;2.034
26422;37053;1.372
22355;37549;1.848
22355;37276;1.868
327733;37053;1.244
22355;37238;1.985
36944;37153;1.982
36944;37195;2.108
37105;3741;2.663
22750;37153;1.172
25818;37271;2.131
22750;37195;1.234
12258;37353;1.536
25818;37549;2.043
25818;37276;2.045
25818;37238;2.143
37276;9129;1.344
37549;9129;1.348
37053;5713;2.239
36916;37053;1.840
36994;37254;1.665
10474;11845;2.276
25818;327733;2.055
16637;5713;2.635
10474;37254;2.179
22355;36937;1.761
37153;37179;1.862
36916;3741;2.517
37053;37179;1.862
36874;37153;1.272
36874;37195;1.448
10474;22355;2.346
37195;37353;1.423
327693;36943;1.513
327693;36944;2.076
37028;37254;1.590
25818;36937;2.079
37353;5713;2.338
22355;37353;2.076
36944;37271;2.235
37105;9129;2.274
26422;37179;1.950
36944;37549;1.995
327733;37179;1.938
36944;37276;1.981
25818;3741;2.523
36944;37238;2.172
22750;37271;1.585
36943;3741;2.423
37195;3741;2.398
327693;37053;1.244
22750;37549;1.249
25818;37353;1.956
36937;37053;1.324
22750;37276;1.167
22750;37238;1.459
10474;36874;2.182
11845;37153;1.968
36916;37179;2.212
11845;37195;1.929
37276;37497;1.208
37276;37457;1.284
36916;9129;1.885
37153;37254;1.350
36994;37028;1.512
26422;36874;1.577
327733;36874;1.255
16637;26422;2.258
37053;37254;1.350
37271;37497;1.498
36874;37271;1.684
37271;37457;1.563
10474;37028;2.291
36874;37549;1.245
36874;37276;1.266
36874;37238;1.452
36994;5713;2.184
22750;36937;1.237
37549;5713;2.232
25818;9129;2.096
2018;37053;1.143
37028;9129;1.539
26422;37254;1.421
36944;5713;2.431
327733;37254;1.314
36944;37353;2.066
2018;26422;1.459
36937;36943;1.510
37254;37497;1.300
36943;9129;1.567
36937;36944;2.091
37254;37457;1.358
37195;9129;1.483
12258;26422;1.517
22750;37353;1.266
2018;3741;2.378
16637;25818;2.489
327693;37179;1.905
36937;37179;2.063
16637;36943;2.293
36874;36937;1.166
16637;36944;2.458
37254;5713;2.257
10474;3741;2.574
36916;37254;1.896
37028;3741;2.416
10474;36994;2.328
11845;37271;2.174
36994;37497;1.549
36994;37457;1.528
11845;37549;1.975
10474;36916;2.355
11845;37276;1.967
11845;16637;2.444
36994;37105;2.388
11845;37238;2.137
26422;327693;1.327
26422;36994;1.819
327733;36994;1.543
26422;36916;2.012
3741;9129;2.411
10474;37497;2.202
37105;5713;2.628
327733;36916;1.862
10474;37457;2.170
10474;327693;2.168
10474;37105;2.537
36874;37353;1.564
2018;25818;1.988
2018;36943;1.279
36943;37153;1.409
2018;36944;1.832
16637;37053;2.317
327693;36874;1.320
36943;37195;1.612
12258;25818;2.031
37028;37497;1.506
37028;37457;1.298
22355;26422;2.033
12258;36943;1.382
12258;36944;2.006
37028;37105;2.324
36916;36994;2.013
2018;37179;1.943
3741;37549;2.434
36916;5713;2.342
11845;36937;1.964
26422;37028;1.782
327733;37028;1.570
2018;9129;1.366
25818;26422;2.054
37105;37179;2.245
10474;9129;2.258
37276;5713;2.237
37271;3741;2.507
327693;37254;1.128
36937;37254;1.441
37238;3741;2.423
12258;3741;2.374
12258;37053;1.198
11845;37353;2.052
37179;37254;1.908
36916;37028;1.950
25818;5713;2.430
5713;9129;2.213
26422;327733;1.488
37153;37497;1.213
37153;37457;1.287
22355;36943;1.867
22355;36944;2.259
37053;37497;1.213
37053;37457;1.287
16637;22355;2.448
10474;327733;2.141
37053;37105;2.144
37238;37271;1.830
36943;37271;1.640
327693;36994;1.614
37238;37549;1.512
36943;37549;1.292
37238;37276;1.471
36943;37276;1.407
327693;327733;1.205
11845;3741;2.505
327693;36916;1.884
36943;37238;1.658
25818;36943;2.090
16637;37179;2.454
25818;36944;2.257
2018;37254;1.390
22750;327693;1.126
26422;37497;1.536
26422;37457;1.572
327733;37497;1.271
327733;37457;1.286
37271;9129;1.789
26422;37105;2.248
22355;37053;1.869
37105;37254;2.205
327733;37105;2.185
22750;26422;1.368
2018;22355;1.841
37238;9129;1.538
12258;327693;1.242
12258;9129;1.307
3741;5713;2.502
12258;22355;1.887
25818;37053;2.048
327693;37028;1.593
36937;37028;1.389
16637;36874;2.336
36916;37497;1.807
36916;37457;1.764
36937;3741;2.410
12258;37179;1.945
36916;37105;2.405
11845;12258;1.911
10474;22750;2.182
11845;9129;1.994
2018;5713;2.162
37353;37497;1.551
37353;37457;1.595
37238;37353;1.694
36943;37353;1.674
327733;3741;2.374
22750;25818;1.931
16637;37254;2.241
22750;36943;1.431
2018;36874;1.236
22355;25818;2.308
22750;36944;1.866
37028;5713;2.127
36943;5713;2.224
12258;36874;1.176
37195;5713;2.287
22750;327733;1.261
36937;36994;1.494
2018;37028;1.555
11845;327693;1.899
22355;37179;2.220
36944;37053;1.982
12258;327733;1.150
12258;2018;1.249
327693;37497;1.288
327693;37457;1.348
36937;37497;1.352
36937;9129;1.264
36937;37457;1.342
36874;36943;1.421
36874;36944;2.021
22750;37053;1.172
327693;37105;2.193
11845;26422;2.020
36937;37105;2.231
16637;36994;2.461
12258;37254;1.292
2018;327693;1.285
16637;36916;2.405
25818;37179;2.282
37179;37497;1.980
36994;37153;1.590
37179;37457;1.972
36994;37195;1.717
37276;37549;1.208
10474;2018;2.189
37271;5713;2.414
327733;9129;1.322
22355;36874;1.832
10474;37153;2.221
10474;37195;2.203
327693;9129;1.368
37271;37549;1.498
37271;37276;1.675
36874;37053;1.272
22355;3741;2.551
2018;36994;1.569
37153;3741;2.436
22750;3741;2.375
37195;37254;1.238
2018;36916;1.792
37028;37153;1.585
12258;36994;1.523
16637;37028;2.422
25818;36874;2.042
37028;37195;1.696
12258;36916;1.791
2018;37497;1.240
2018;37457;1.186
11845;25818;2.296
11845;36943;2.068
2018;37105;2.198
10474;5713;2.522
11845;36944;2.352
22355;37254;1.963
37254;37271;1.631
37105;37497;2.230
