37105;37457;1.515
11845;327733;1.426
37254;37549;1.294
37254;37276;1.269
327693;3741;1.510
36944;37179;1.515
25818;37254;1.453
16637;327693;1.500
22750;37179;1.471
2018;327733;1.296
37457;9129;1.340
12258;37028;1.393
36994;37271;1.483
37276;37353;1.370
36994;37549;1.373
36994;37276;1.376
11845;37053;1.488
36874;3741;1.504
36994;37238;1.418
10474;37271;1.535
22355;36994;1.492
37153;37195;1.280
22355;9129;1.486
10474;37549;1.528
22355;36916;1.496
37153;9129;1.291
37053;37153;0.938
22750;9129;1.281
10474;37276;1.516
37053;37195;1.280
37271;37353;1.468
10474;37238;1.514
16637;37497;1.526
16637;37457;1.503
36874;37179;1.502
37028;37271;1.488
22750;36874;1.280
16637;37105;1.540
25818;36994;1.496
37028;37549;1.413
37028;37276;1.401
25818;36916;1.499
37028;37238;1.425
37238;5713;1.480
12258;5713;1.478
11845;2018;1.491
26422;37153;1.369
26422;37195;1.333
327733;37153;1.243
327733;37195;1.258
37254;37353;1.355
36944;37254;1.447
37179;3741;1.548
22355;37028;1.493
37457;37497;1.113
22750;37254;1.210
26422;3741;1.516
16637;327733;1.503
12258;37497;1.166
12258;37457;1.193
11845;22355;1.512
36943;36944;1.402
36874;9129;1.206
12258;37105;1.504
25818;37028;1.497
36916;37153;1.422
36916;37195;1.446
36994;37353;1.454
11845;5713;1.520
37497;37549;0.929
16637;22750;1.505
37153;37271;1.433
11845;37179;1.538
37153;37549;1.211
37153;37276;0.938
37053;37271;1.433
10474;37353;1.522
37153;37238;1.371
37053;37549;1.211
36944;36994;1.464
37053;37276;0.938
37053;37238;1.371
36874;37254;1.328
37195;37497;1.314
37195;37457;1.373
22750;36994;1.361
36943;37053;1.346
37028;37353;1.460
22750;36916;1.415
10474;16637;1.525
26422;37271;1.481
37179;9129;1.496
2018;22750;1.133
327733;37271;1.434
26422;37549;1.407
26422;37276;1.367
22355;37497;1.491
22355;37457;1.455
11845;36874;1.472
327733;37549;1.272
327733;37276;1.239
26422;37238;1.440
36937;5713;1.475
12258;22750;1.268
327733;37238;1.381
22355;37105;1.531
26422;9129;1.417
37153;5713;1.498
36944;37028;1.465
327693;37153;1.240
327693;37195;1.075
36937;37153;1.321
36937;37195;1.331
36874;36994;1.318
25818;37497;1.491
25818;37457;1.481
36874;36916;1.413
25818;37105;1.545
22750;37028;1.369
36916;37271;1.516
36916;37549;1.441
327733;5713;1.480
36916;37276;1.421
36916;37238;1.474
11845;37254;1.471
10474;36937;1.505
327693;5713;1.491
37179;37195;1.482
37153;37353;1.372
37053;37353;1.372
26422;36937;1.425
327733;36937;1.289
37353;37549;1.410
37053;3741;1.520
22355;22750;1.485
36874;37028;1.349
22355;327693;1.493
36943;37179;1.515
37497;9129;1.294
16637;3741;1.534
26422;37353;1.423
2018;37153;1.141
2018;37195;1.323
36916;36937;1.429
327733;37353;1.417
11845;36994;1.490
11845;36916;1.503
37105;37153;1.491
36944;37497;1.440
37105;37195;1.519
36944;37457;1.380
36944;37105;1.539
327693;37271;1.435
36937;37271;1.449
37457;5713;1.489
22750;37497;1.248
327693;37549;1.286
22750;37457;1.335
327693;37276;1.238
36937;37549;1.351
36937;37276;1.318
327693;37238;1.390
36937;37238;1.397
22750;37105;1.512
36916;37353;1.477
22355;5713;1.513
37179;37271;1.534
22750;5713;1.487
37179;37549;1.500
37179;37276;1.439
37179;5713;1.536
37179;37238;1.497
11845;37028;1.487
37053;9129;1.291
36874;37497;1.244
36874;37457;1.240
36874;37105;1.510
16637;9129;1.510
37238;37254;1.399
36943;37254;1.409
16637;37153;1.516
16637;37195;1.503
327693;36937;1.294
22355;327733;1.476
2018;37271;1.417
2018;37549;1.240
2018;37276;1.138
10474;12258;1.489
2018;37238;1.384
37105;37271;1.542
37105;37549;1.529
37105;37276;1.490
37105;37238;1.515
36994;3741;1.505
37353;9129;1.422
36874;5713;1.477
327693;37353;1.313
36937;37353;1.386
36943;36994;1.429
12258;37153;1.196
36944;3741;1.531
12258;37195;1.279
11845;37497;1.503
37179;37353;1.511
11845;37457;1.481
36994;37053;1.377
11845;37105;1.539
37353;3741;1.518
10474;37053;1.516
37254;3741;1.512
10474;26422;1.519
16637;37271;1.538
16637;37549;1.526
16637;37276;1.516
16637;2018;1.511
16637;37238;1.515
36943;37028;1.450
37028;37053;1.401
2018;37353;1.343
26422;5713;1.500
36994;9129;1.334
3741;37497;1.533
37105;37353;1.535
22355;37153;1.490
3741;37457;1.514
22355;37195;1.498
37457;37549;1.113
36944;9129;1.462
11845;22750;1.474
12258;37271;1.415
25818;37153;1.470
25818;37195;1.463
12258;37549;1.166
12258;37276;1.193
16637;36937;1.510
12258;16637;1.506
12258;37238;1.357
10474;25818;1.531
10474;36943;1.511
10474;36944;1.524
37254;9129;1.325
37276;3741;1.520
36994;37179;1.515
26422;36943;1.452
26422;36944;1.487
327733;36943;1.374
327733;36944;1.472
25818;327693;1.453
10474;37179;1.539
37497;5713;1.512
16637;37353;1.522
37195;37271;1.450
37238;37497;1.383
36943;37497;1.263
37238;37457;1.408
36943;37457;1.125
37195;37549;1.314
37195;37276;1.278
2018;36937;1.295
36943;37105;1.524
37195;37238;1.410
12258;36937;1.328
37028;37179;1.518
36916;36943;1.458
36916;36944;1.462
22355;37271;1.503
26422;37053;1.369
22355;37549;1.492
22355;37276;1.490
327733;37053;1.243
22355;37238;1.498
36944;37153;1.418
36944;37195;1.459
37105;3741;1.546
22750;37153;1.170
25818;37271;1.520
22750;37195;1.192
12258;37353;1.398
25818;37549;1.491
25818;37276;1.469
25818;37238;1.503
37276;9129;1.290
37549;9129;1.294
37053;5713;1.498
36916;37053;1.422
36994;37254;1.395
10474;11845;1.519
25818;327733;1.480
16637;5713;1.532
10474;37254;1.514
22355;36937;1.444
37153;37179;1.440
36916;3741;1.522
37053;37179;1.440
36874;37153;1.269
36874;37195;1.352
10474;22355;1.521
37195;37353;1.347
327693;36943;1.400
327693;36944;1.448
37028;37254;1.397
25818;36937;1.475
37353;5713;1.517
22355;37353;1.512
36944;37271;1.518
37105;9129;1.516
26422;37179;1.490
36944;37549;1.440
327733;37179;1.469
36944;37276;1.418
25818;3741;1.524
36944;37238;1.496
22750;37271;1.427
36943;3741;1.521
37195;3741;1.513
327693;37053;1.240
22750;37549;1.249
25818;37353;1.443
36937;37053;1.321
22750;37276;1.167
22750;37238;1.376
10474;36874;1.501
11845;37153;1.488
36916;37179;1.512
11845;37195;1.472
37276;37497;1.207
37276;37457;1.284
36916;9129;1.426
37153;37254;1.269
36994;37028;1.314
26422;36874;1.432
327733;36874;1.254
16637;26422;1.501
37053;37254;1.269
37271;37497;1.346
36874;37271;1.425
37271;37457;1.373
10474;37028;1.521
36874;37549;1.245
36874;37276;1.266
36874;37238;1.370
36994;5713;1.467
22750;36937;1.236
37549;5713;1.512
25818;9129;1.476
2018;37053;1.141
37028;9129;1.360
26422;37254;1.338
36944;5713;1.511
327733;37254;1.261
36944;37353;1.440
2018;26422;1.415
36937;36943;1.399
37254;37497;1.294
36943;9129;1.411
36937;36944;1.449
37254;37457;1.358
37195;9129;1.340
12258;26422;1.389
22750;37353;1.265
2018;3741;1.511
16637;25818;1.529
327693;37179;1.471
36937;37179;1.506
16637;36943;1.513
36874;36937;1.164
16637;36944;1.526
37254;5713;1.494
10474;3741;1.528
36916;37254;1.439
37028;3741;1.507
10474;36994;1.518
11845;37271;1.528
36994;37497;1.373
36994;37457;1.367
11845;37549;1.503
10474;36916;1.520
11845;37276;1.488
11845;16637;1.523
36994;37105;1.529
11845;37238;1.509
26422;327693;1.325
26422;36994;1.455
327733;36994;1.358
26422;36916;1.485
3741;9129;1.508
10474;37497;1.528
37105;5713;1.539
327733;36916;1.439
10474;37457;1.504
10474;327693;1.512
10474;37105;1.539
36874;37353;1.403
2018;25818;1.454
2018;36943;1.244
36943;37153;1.346
2018;36944;1.329
16637;37053;1.516
327693;36874;1.317
36943;37195;1.421
12258;25818;1.471
37028;37497;1.413
37028;37457;1.249
22355;26422;1.504
12258;36943;1.316
12258;36944;1.442
37028;37105;1.529
36916;36994;1.445
2018;37179;1.480
3741;37549;1.533
36916;5713;1.497
11845;36937;1.459
26422;37028;1.456
327733;37028;1.386
2018;9129;1.317
25818;26422;1.488
37105;37179;1.509
10474;9129;1.509
37276;5713;1.498
37271;3741;1.544
327693;37254;1.108
36937;37254;1.341
37238;3741;1.508
12258;3741;1.504
12258;37053;1.196
11845;37353;1.489
37179;37254;1.471
36916;37028;1.439
25818;5713;1.522
5713;9129;1.482
26422;327733;1.388
37153;37497;1.210
37153;37457;1.287
22355;36943;1.472
22355;36944;1.504
37053;37497;1.210
37053;37457;1.287
16637;22355;1.519
10474;327733;1.500
37053;37105;1.491
37238;37271;1.468
36943;37271;1.405
327693;36994;1.390
37238;37549;1.383
36943;37549;1.263
37238;37276;1.370
36943;37276;1.344
327693;327733;1.203
11845;3741;1.524
327693;36916;1.437
36943;37238;1.436
25818;36943;1.496
16637;37179;1.535
25818;36944;1.477
2018;37254;1.320
22750;327693;1.124
26422;37497;1.407
26422;37457;1.431
327733;37497;1.271
327733;37457;1.286
37271;9129;1.458
26422;37105;1.521
22355;37053;1.490
37105;37254;1.513
327733;37105;1.497
22750;26422;1.332
2018;22355;1.468
37238;9129;1.380
12258;327693;1.241
12258;9129;1.265
3741;5713;1.503
12258;22355;1.474
25818;37053;1.470
327693;37028;1.396
36937;37028;1.314
16637;36874;1.510
36916;37497;1.441
36916;37457;1.416
36937;3741;1.503
12258;37179;1.475
36916;37105;1.527
11845;12258;1.461
10474;22750;1.510
11845;9129;1.466
2018;5713;1.483
37353;37497;1.410
37353;37457;1.422
37238;37353;1.463
36943;37353;1.449
327733;3741;1.505
22750;25818;1.438
16637;37254;1.503
22750;36943;1.386
2018;36874;1.236
22355;25818;1.524
22750;36944;1.361
37028;5713;1.460
36943;5713;1.500
12258;36874;1.176
37195;5713;1.497
22750;327733;1.261
36937;36994;1.329
2018;37028;1.392
11845;327693;1.469
22355;37179;1.529
36944;37053;1.418
12258;327733;1.150
12258;2018;1.249
327693;37497;1.286
327693;37457;1.346
36937;37497;1.350
36937;9129;1.219
36937;37457;1.341
36874;36943;1.341
36874;36944;1.430
22750;37053;1.170
327693;37105;1.511
11845;26422;1.497
36937;37105;1.511
16637;36994;1.528
12258;37254;1.252
2018;327693;1.283
16637;36916;1.520
25818;37179;1.528
37179;37497;1.500
36994;37153;1.377
37179;37457;1.501
36994;37195;1.409
37276;37549;1.208
10474;2018;1.506
37271;5713;1.542
327733;9129;1.267
22355;36874;1.462
10474;37153;1.516
10474;37195;1.518
327693;9129;1.309
37271;37549;1.346
37271;37276;1.432
36874;37053;1.268
22355;3741;1.529
2018;36994;1.371
37153;3741;1.520
22750;3741;1.509
37195;37254;1.167
2018;36916;1.423
37028;37153;1.401
12258;36994;1.351
16637;37028;1.523
25818;36874;1.467
37028;37195;1.410
12258;36916;1.416
2018;37497;1.240
2018;37457;1.186
11845;25818;1.508
11845;36943;1.504
2018;37105;1.502
10474;5713;1.529
11845;36944;1.511
22355;37254;1.495
37254;37271;1.440
37105;37497;1.529
