42109;44395;1.452
41965;8226;1.046
16190;44395;1.502
43733;47623;1.414
196709;44395;1.502
33852;6682;1.181
16190;33852;1.218
43733;49800;1.396
16190;42109;1.289
196709;41965;1.319
196709;42109;1.289
12297;6682;1.386
12297;41965;1.411
12297;42109;1.386
21104;47623;1.189
33852;47623;1.317
49800;8226;1.295
16190;41965;1.319
41965;6682;1.023
42109;8226;0.955
44395;8226;1.452
16190;8226;1.296
43733;6682;1.392
21104;49800;1.288
41965;47623;1.240
33852;49800;1.217
49800;6682;1.288
43733;44395;1.515
47623;49800;1.389
21104;43733;1.392
33852;43733;1.318
41965;49800;1.319
44395;47623;1.477
47623;8226;1.210
42109;6682;0.930
44395;6682;1.452
43733;48861;1.392
16190;6682;1.289
21104;33852;1.181
42109;47623;1.189
21104;48861;0.930
196709;47623;1.390
41965;43733;1.406
12297;47623;1.439
12297;196709;1.343
33852;48861;1.181
6682;8226;0.955
21104;44395;1.452
12297;49800;1.343
44395;49800;1.502
33852;44395;1.492
48861;8226;0.955
21104;42109;0.930
21104;41965;1.023
16190;47623;1.390
47623;6682;1.189
47623;48861;1.189
42109;49800;1.288
33852;42109;1.181
33852;41965;1.224
16190;49800;0.925
16190;196709;0.925
196709;49800;0.925
41965;48861;1.023
12297;43733;1.431
21104;8226;0.955
41965;44395;1.479
196709;8226;1.296
42109;43733;1.392
41965;42109;1.023
16190;43733;1.396
33852;8226;1.189
48861;49800;1.288
196709;43733;1.396
12297;21104;1.386
12297;8226;1.393
12297;48861;1.386
44395;48861;1.452
12297;16190;1.343
12297;44395;1.513
43733;8226;1.397
16190;21104;1.289
196709;33852;1.218
42109;48861;0.931
196709;21104;1.289
21104;6682;0.930
12297;33852;1.333
16190;48861;1.289
196709;6682;1.289
196709;48861;1.289
48861;6682;0.930
