36917;37468;2.204
17400;36881;1.652
11259;36917;1.750
37011;37366;1.760
36881;36907;1.512
37119;37468;2.233
37011;37119;1.937
36881;36917;1.693
11259;37366;1.300
17400;36907;1.785
11259;37119;1.786
11259;37011;1.954
36907;37468;2.188
36881;37366;1.418
17400;37468;2.059
17400;36917;1.617
36881;37119;1.416
36881;37011;1.799
36917;37366;1.501
36917;37119;1.831
36917;37011;2.058
37119;37366;1.634
37011;37468;2.104
36907;36917;1.821
11259;37468;2.089
11259;36881;1.616
11259;17400;1.671
36907;37366;1.562
17400;37366;1.434
36907;37119;1.636
36907;37011;1.905
36881;37468;2.095
17400;37119;1.829
17400;37011;2.003
37366;37468;1.954
11259;36907;1.823
