36917;37468;1.486
17400;36881;1.427
11259;36917;1.430
37011;37366;1.451
36881;36907;1.389
37119;37468;1.501
37011;37119;1.478
36881;36917;1.422
11259;37366;1.216
17400;36907;1.475
11259;37119;1.440
11259;37011;1.474
36907;37468;1.503
36881;37366;1.332
17400;37468;1.456
17400;36917;1.419
36881;37119;1.323
36881;37011;1.449
36917;37366;1.358
36917;37119;1.463
36917;37011;1.504
37119;37366;1.413
37011;37468;1.496
36907;36917;1.465
11259;37468;1.467
11259;36881;1.383
11259;17400;1.419
36907;37366;1.411
17400;37366;1.344
36907;37119;1.413
36907;37011;1.483
36881;37468;1.480
17400;37119;1.468
17400;37011;1.505
37366;37468;1.430
11259;36907;1.458
