52359;7303;1.452
27983;7049;1.333
11750;4270;1.195
10318;27879;1.361
27751;52374;1.023
27751;52376;1.220
262150;52251;1.616
262150;52255;1.315
262150;27983;1.332
10834;52444;1.510
11664;21838;1.339
27747;27751;1.342
10834;12150;1.172
10834;27822;2.051
10834;19037;1.549
262195;52308;1.684
52323;52374;1.284
27879;7049;1.520
52323;52376;1.404
11750;52251;1.465
4270;52359;1.125
262192;262195;1.489
27983;52465;1.629
27747;52251;1.574
11750;52255;1.284
12150;26608;1.147
11750;27983;1.332
27747;52255;1.517
20207;26608;1.285
262192;7303;1.468
27879;52465;1.615
3597;52465;1.537
27881;52374;0.970
27879;27881;1.341
21838;27969;0.973
27881;52376;1.169
10481;52444;1.312
10481;12150;1.249
27969;3597;1.125
10481;27822;2.042
27969;52374;0.924
10481;19037;1.687
27822;52465;2.180
27969;52376;1.123
52308;61480;1.223
27822;27881;1.997
10318;26608;0.924
11664;27879;1.552
10834;11815;1.510
21838;61480;1.168
26608;7303;1.628
12150;7049;1.381
10318;4270;1.216
61480;7303;1.526
52255;61480;1.421
52374;52444;1.284
22927;26608;1.500
21838;7049;1.291
262150;52374;1.315
11014;4270;1.463
262150;52376;1.428
262150;27751;1.364
10834;16814;1.511
10834;52251;1.591
27751;27879;1.380
10834;52255;1.510
10834;27983;1.538
262195;52465;1.780
11058;52323;1.404
27747;27879;1.610
10481;11815;1.312
262195;27881;1.644
11058;52327;0.926
12150;27881;1.170
11750;11815;1.284
52323;7303;1.733
26608;52323;1.286
52374;7049;1.285
11750;52374;0.923
11058;27747;1.288
11750;52376;1.123
52308;52359;1.227
26608;52327;1.146
27747;52374;1.318
27747;52376;1.288
11750;27751;1.023
19037;52323;1.735
262192;4270;1.138
26608;27747;1.289
19037;52327;1.551
22927;4270;1.510
21838;52359;1.172
52327;52374;1.121
11664;26608;1.354
52327;52376;0.926
10481;16814;1.314
19037;27747;1.760
10481;52251;1.524
12150;52308;1.227
11750;16814;1.286
52376;52465;1.431
52255;52359;1.403
20207;52308;1.338
10481;52255;1.312
10481;27983;1.360
27879;27969;1.383
21838;3597;1.107
10318;11014;1.471
10834;4270;1.344
10318;11058;1.146
19037;20207;1.735
11815;52323;1.284
52327;7303;1.451
11058;7303;1.452
16814;52323;1.286
27983;61480;1.451
11815;52327;1.379
27983;3597;1.417
10481;4270;1.288
27822;27969;2.008
16814;52327;1.381
10834;11664;1.488
11750;21838;0.973
11815;7303;1.733
22927;27881;1.517
11815;27747;1.511
11014;7049;1.574
16814;27747;1.512
27879;61480;1.520
3597;61480;1.300
19037;7049;1.735
10318;52308;1.013
52359;52465;1.431
27747;7303;1.665
11664;4270;1.484
12150;22927;1.360
11815;20207;1.284
52251;52323;1.634
52444;7303;1.733
16814;20207;1.286
52251;52327;1.437
11750;7049;1.285
27822;61480;2.055
10834;52374;1.228
27879;3597;1.481
22927;52308;1.564
10834;52376;1.172
262150;27879;1.561
11058;52444;1.403
10834;27751;1.227
10481;11664;1.429
11058;12150;0.927
11058;27822;2.074
262192;52323;1.419
26608;52444;1.285
22927;7049;1.596
11058;19037;1.551
262195;27969;1.630
262192;52327;0.947
12150;27969;1.121
11014;52323;1.574
26608;27822;2.009
11014;52327;1.289
19037;52444;1.735
27983;52359;1.444
262192;27747;1.303
11750;27879;1.383
19037;27822;2.251
12150;52465;1.438
10318;11750;0.947
11014;27747;1.521
10834;7049;1.511
20207;52465;1.613
27879;52359;1.522
10481;52374;1.092
3597;52359;1.268
20207;27881;1.288
10481;52376;1.249
262195;61480;1.549
10481;7049;1.313
12150;61480;1.017
10481;27751;1.099
10834;21838;1.216
11014;20207;1.573
11664;52308;1.347
11815;52444;1.284
27822;52359;2.074
12150;3597;1.282
16814;52444;1.286
11058;4270;1.125
11058;20207;1.403
11815;12150;1.380
11815;27822;2.099
11815;19037;1.735
16814;27822;2.099
11664;7049;1.533
10318;52465;1.482
16814;19037;1.736
16814;262150;1.314
10318;27881;0.947
16814;262192;1.419
262150;26608;1.316
16814;262195;1.719
22927;27969;1.486
52308;7303;1.680
52374;52376;1.123
10318;7049;1.286
52376;61480;1.017
52251;52444;1.633
52359;7049;1.404
10481;21838;1.073
27751;52308;1.041
22927;52465;1.692
26608;4270;1.216
52251;7303;1.780
11750;26608;0.948
11058;52251;1.431
11058;52255;1.404
11058;27983;1.444
4270;52323;1.407
262195;52359;1.485
262192;52444;1.418
11664;11750;1.362
10834;27879;1.530
26608;52251;1.482
4270;52327;1.124
20207;22927;1.595
26608;52255;1.285
11014;52444;1.573
26608;27983;1.332
262192;27822;2.084
52359;61480;1.016
11014;12150;1.290
19037;52251;1.825
11014;27822;2.206
19037;52255;1.735
11014;19037;1.693
19037;27983;1.770
10318;10481;1.070
262192;7049;1.419
27881;52308;0.990
11664;52465;1.662
20207;27969;1.284
10318;22927;1.499
52255;7303;1.733
262150;7303;1.756
11664;27881;1.336
10481;27879;1.438
11815;16814;1.286
11815;52251;1.612
27969;52308;1.035
11014;3597;1.544
16814;52251;1.613
11815;52255;1.284
262195;7303;1.656
11815;27983;1.331
19037;3597;1.714
16814;52255;1.286
16814;27983;1.331
20207;61480;1.421
11750;3597;1.125
10318;27969;0.947
26608;7049;1.286
27751;52465;1.506
10834;26608;1.219
11014;11815;1.573
61480;7049;1.422
27751;27881;0.979
52251;52255;1.633
262150;52308;1.341
11815;4270;1.407
27747;27881;1.303
11058;11815;1.403
3597;7303;1.706
22927;3597;1.601
11058;52374;1.123
11058;52376;0.925
4270;52444;1.407
27747;4270;1.296
262192;52251;1.445
11058;27751;1.220
52323;52465;1.614
10318;61480;1.144
52308;52323;1.330
26608;52374;0.948
262192;52255;1.419
26608;52376;1.147
262192;27983;1.457
52308;52327;1.227
11014;52251;1.631
26608;27751;1.003
52323;7049;1.285
10834;3597;1.370
11750;52308;1.035
11014;52255;1.574
11014;27983;1.611
19037;52374;1.586
21838;52323;1.291
27747;52308;1.355
10481;26608;1.071
19037;52376;1.551
52376;7303;1.452
11664;22927;1.719
11058;16814;1.405
21838;52327;1.172
10318;10834;1.218
19037;27751;1.622
10481;3597;1.104
22927;61480;1.324
27881;52465;1.463
52255;52323;1.284
12150;52359;0.926
21838;27747;1.305
52255;52327;1.380
20207;52359;1.403
27969;52465;1.466
10318;262150;1.316
10318;262192;1.163
11058;21838;1.172
11664;3597;1.478
11815;52374;1.284
10318;262195;1.636
11815;52376;1.403
16814;52374;1.286
12150;262150;1.406
11664;27969;1.362
262195;4270;1.627
16814;52376;1.405
12150;262192;0.947
11815;27751;1.334
12150;262195;1.484
16814;27751;1.334
52327;7049;1.380
11058;7049;1.404
10318;3597;1.104
19037;21838;1.581
10318;52359;1.146
10834;11014;1.430
11815;7049;1.285
10834;11058;1.172
52251;52374;1.465
262150;52465;1.617
52251;52376;1.431
11664;61480;1.463
27747;7049;1.518
262150;27881;1.319
27751;27969;1.023
11058;11664;1.466
52444;7049;1.285
22927;52359;1.368
10834;52308;1.270
27747;27969;1.318
11815;21838;1.290
4270;52251;1.480
16814;21838;1.292
52308;52444;1.330
262192;52374;1.140
4270;52255;1.407
262192;52376;0.946
11750;52465;1.465
11058;27879;1.522
262192;27751;1.235
11014;52374;1.458
27983;52323;1.332
27747;52465;1.575
11750;27881;0.970
10481;11014;1.511
11014;52376;1.290
262192;3597;1.283
27983;52327;1.421
21838;52444;1.291
10481;11058;1.249
11014;27751;1.518
27751;61480;1.186
10481;262150;1.343
26608;27879;1.362
10481;262192;1.264
11058;3597;1.269
10481;262195;1.666
21838;27822;2.000
27879;52323;1.520
52327;52465;1.437
3597;52323;1.340
27747;61480;1.344
52255;52444;1.284
27879;52327;1.522
19037;27879;1.742
3597;52327;1.281
21838;262150;1.322
11014;16814;1.575
21838;262192;1.189
10481;52308;1.133
21838;262195;1.645
27881;27969;0.970
27822;52323;2.102
52323;61480;1.421
16814;7303;1.734
11664;262150;1.539
11664;52359;1.466
11664;262192;1.478
27822;52327;2.074
11664;262195;1.831
10834;11750;1.228
52465;7303;1.780
27751;7303;1.676
11014;21838;1.484
26608;3597;1.104
11815;27879;1.532
16814;27879;1.534
27881;61480;1.165
262150;4270;1.431
11058;26608;1.147
27751;52359;1.220
27969;61480;1.121
10481;22927;1.573
52308;7049;1.331
11750;22927;1.487
10834;52465;1.592
262150;27969;1.315
10834;27881;1.213
10481;11750;1.092
262195;52323;1.719
7049;7303;1.734
11750;262150;1.315
262195;52327;1.484
11750;262192;1.140
4270;52374;1.195
19037;26608;1.586
4270;52376;1.125
11750;262195;1.630
52251;7049;1.634
11014;11664;1.694
52444;52465;1.613
4270;7303;1.629
52323;52359;1.404
27983;52444;1.332
262195;27747;1.687
12150;27747;1.288
21838;52251;1.465
262192;27879;1.537
3597;4270;1.315
11750;27969;0.924
262150;262192;1.443
21838;52255;1.291
262150;61480;1.446
21838;27983;1.338
27879;52444;1.520
262150;262195;1.737
11014;27879;1.738
3597;52444;1.339
20207;7303;1.733
10481;52465;1.525
27881;52359;1.169
11815;26608;1.285
10481;27881;1.070
16814;26608;1.287
27822;52444;2.102
27969;52359;1.123
11750;61480;1.121
52255;7049;1.285
262150;7049;1.316
27881;7303;1.640
27822;7303;2.255
10834;262150;1.534
11815;3597;1.370
10834;262192;1.188
10834;262195;1.605
262195;7049;1.719
10481;10834;1.339
19037;262150;1.758
19037;262192;1.567
52327;61480;1.017
10834;22927;1.344
19037;262195;1.837
27747;3597;1.377
52374;52465;1.465
22927;27747;1.597
262150;52359;1.428
262192;26608;1.162
262195;52444;1.718
11014;26608;1.471
10834;27969;1.228
11058;52308;1.227
3597;7049;1.340
262195;27822;2.277
52308;52374;1.035
12150;27822;2.074
52308;52376;1.227
12150;19037;1.551
27983;52251;1.628
20207;262150;1.314
20207;262192;1.418
26608;52308;1.013
11750;52359;1.123
27983;52255;1.332
20207;262195;1.719
11815;262150;1.314
21838;52374;0.973
11815;262192;1.418
27747;52359;1.288
21838;52376;1.172
11815;262195;1.719
19037;52308;1.626
27879;52251;1.614
262195;3597;1.698
21838;27751;0.982
12150;52323;1.380
3597;52251;1.536
20207;4270;1.407
52255;52374;1.284
27879;52255;1.520
20207;52323;1.284
12150;52327;0.926
3597;52255;1.339
27879;27983;1.562
52376;7049;1.404
52255;52376;1.404
10834;61480;1.078
52376;52444;1.403
52327;52359;0.926
20207;52327;1.379
27969;7303;1.618
27822;52251;2.179
20207;27747;1.511
10481;27969;1.092
27822;52255;2.102
27822;27983;2.132
52444;61480;1.421
12150;20207;1.380
11815;52308;1.338
27822;4270;2.092
16814;52308;1.338
10318;52323;1.285
22927;27822;2.204
10318;52327;1.146
11058;262150;1.428
52359;52444;1.403
11058;262192;0.946
16814;4270;1.407
10481;61480;1.269
11058;262195;1.485
10318;27747;1.288
52251;52308;1.493
22927;52323;1.596
27751;4270;1.260
22927;52327;1.360
10318;20207;1.285
262195;52251;1.779
11058;52465;1.431
10834;52359;1.172
262195;52255;1.719
11058;27881;1.169
262195;27983;1.750
12150;27983;1.422
26608;52465;1.482
26608;27881;0.948
262192;52308;1.242
27983;52374;1.332
27983;52376;1.444
52374;61480;1.121
19037;52465;1.825
11014;52308;1.528
19037;27881;1.578
12150;52444;1.380
27879;52374;1.383
3597;52374;1.125
27879;52376;1.522
20207;52444;1.284
3597;52376;1.269
21838;27879;1.344
20207;27822;2.099
10481;52359;1.249
262150;3597;1.400
11664;52323;1.533
27822;52374;2.008
11664;52327;1.465
27822;52376;2.074
11815;52465;1.613
16814;52465;1.614
11815;27881;1.288
11664;27747;1.522
27983;7303;1.769
16814;27881;1.290
16814;7049;1.287
10318;52444;1.285
22927;27983;1.621
52465;7049;1.635
10318;12150;1.146
10318;27822;2.008
27751;7049;1.320
11664;20207;1.532
11014;11750;1.458
10318;19037;1.586
11058;22927;1.368
27751;52323;1.319
52251;52465;1.413
27751;52327;1.220
27881;4270;1.215
22927;52444;1.595
11058;11750;1.123
27879;7303;1.843
262195;52374;1.630
19037;22927;1.730
262195;52376;1.485
262195;27751;1.678
262192;52465;1.445
21838;26608;0.951
12150;27751;1.220
11014;262150;1.596
262192;27881;1.186
11014;262192;1.305
11058;27969;1.123
52323;52327;1.380
4270;52308;1.270
11014;52465;1.632
11014;262195;1.484
11014;27881;1.482
26608;27969;0.948
4270;7049;1.407
12150;16814;1.381
11014;11058;1.290
12150;52251;1.437
20207;52251;1.612
12150;52255;1.380
11815;22927;1.595
27881;52323;1.288
10318;11815;1.285
19037;27969;1.586
16814;22927;1.597
20207;52255;1.284
27881;52327;1.169
20207;27983;1.331
20207;7049;1.285
11058;61480;1.017
11664;52444;1.532
27969;52323;1.285
11664;12150;1.466
27969;52327;1.120
26608;61480;1.145
11664;27822;2.094
11664;19037;1.736
12150;7303;1.452
27822;27879;2.095
19037;61480;1.553
10318;16814;1.287
10318;52251;1.481
11815;27969;1.284
52465;61480;1.484
16814;27969;1.286
22927;27751;1.521
10318;52255;1.285
27881;7049;1.289
27822;7049;2.103
21838;7303;1.643
10318;27983;1.332
27969;4270;1.195
52359;52374;1.123
52359;52376;0.925
27751;52444;1.319
262150;52323;1.315
27751;27822;2.015
22927;52251;1.692
262150;52327;1.405
22927;52255;1.595
11014;22927;1.480
11815;61480;1.421
27747;27822;2.136
16814;61480;1.423
262150;27747;1.532
52374;7303;1.618
20207;3597;1.370
4270;52465;1.481
11058;52359;0.925
52323;52444;1.284
11664;11815;1.532
11750;52323;1.284
262195;27879;1.863
12150;27879;1.522
27747;52323;1.517
26608;52359;1.146
11750;52327;1.121
262192;27969;1.140
27747;52327;1.288
52251;61480;1.484
11750;27747;1.318
19037;52359;1.551
11014;27969;1.458
21838;52308;0.992
12150;52374;1.121
12150;52376;0.926
27881;52444;1.288
20207;52374;1.284
10318;11664;1.354
20207;52376;1.403
52255;52308;1.338
20207;27751;1.334
11750;20207;1.284
11664;16814;1.532
11664;52251;1.662
27969;52444;1.284
16814;3597;1.371
11664;52255;1.533
262192;61480;1.034
11664;27983;1.551
27969;7049;1.285
11014;61480;1.364
11014;7303;1.455
12150;4270;1.125
11815;52359;1.403
27751;3597;1.129
19037;7303;1.774
16814;52359;1.405
10318;52374;0.947
10318;52376;1.146
21838;4270;1.217
10318;27751;1.002
21838;22927;1.519
22927;27879;1.769
11750;7303;1.618
12150;21838;1.173
27751;52251;1.506
262150;52444;1.315
20207;21838;1.290
27751;52255;1.319
27751;27983;1.352
262195;26608;1.636
27983;4270;1.446
52251;52359;1.431
22927;52374;1.487
262150;27822;2.120
22927;52376;1.368
27747;27983;1.552
10834;52323;1.510
22927;7303;1.653
10834;52327;1.172
52308;52465;1.494
10834;27747;1.369
11750;52444;1.284
262192;52359;0.946
27747;52444;1.517
10318;21838;0.950
11750;12150;1.121
22927;262150;1.618
11750;27822;2.008
22927;262192;1.382
10834;7303;1.586
21838;52465;1.466
11014;52359;1.290
27983;52308;1.357
11750;19037;1.586
22927;262195;1.647
10834;20207;1.510
27879;4270;1.554
21838;27881;0.926
52327;52444;1.379
10481;7303;1.669
27881;52251;1.463
52255;52465;1.614
27881;52255;1.288
27879;52308;1.395
10481;52323;1.312
3597;52308;1.163
27881;27983;1.336
10481;52327;1.248
11664;52374;1.362
27969;52251;1.465
20207;27879;1.532
11664;52376;1.466
4270;61480;1.191
27969;52255;1.284
10481;27747;1.335
27969;27983;1.332
11664;27751;1.383
11664;7303;1.806
27822;52308;2.028
27881;3597;1.104
27822;3597;2.063
19037;4270;1.707
10481;20207;1.312
10318;7303;1.628
