197636;8596;1.481
12577;8447;1.551
25255;31510;1.496
12577;31239;1.473
12971;21362;1.313
29287;39837;1.425
3330;60587;1.448
12895;43957;1.452
29081;39555;1.143
21013;8692;1.444
197636;8559;1.279
25447;39555;1.348
25255;39555;1.413
197636;8245;1.466
47692;57397;1.438
39560;48362;1.424
31239;50920;1.245
12453;8412;1.387
34347;8339;1.502
3330;8387;1.465
31510;39560;1.466
25255;8692;1.392
197636;56833;1.398
12971;21013;1.484
197999;8437;1.462
12605;8387;1.517
29056;47692;1.435
12971;29056;1.007
1853;20704;1.539
5403;8596;1.498
43957;48339;1.375
31510;39837;1.460
24953;8562;1.359
12971;197999;1.509
35369;57763;1.426
21013;8387;1.509
760;8445;1.453
5403;8559;1.418
24864;30971;1.508
21213;6830;1.557
5403;8245;1.487
1853;3330;1.493
760;8447;1.497
5404;8562;1.441
25255;8387;1.461
21362;50920;1.253
1853;39560;1.480
12577;6830;1.557
51184;8339;1.445
49488;8437;1.225
197636;31382;1.207
1853;39837;1.453
197999;48339;1.505
1764;49488;1.505
21362;31543;1.399
56672;6798;1.507
20751;43957;1.242
197636;20751;1.328
21213;3330;1.504
12605;57397;1.473
39837;49808;1.421
42473;8692;1.506
197636;42473;1.506
30971;49808;1.487
20751;8445;1.494
3330;5385;1.478
31382;48339;1.300
56833;8445;1.524
20751;8447;1.513
12605;5385;1.467
12971;56833;1.313
56833;8447;1.545
24953;39560;1.434
21362;31239;1.196
8412;8437;1.432
42473;51184;1.506
24953;39837;1.421
1764;28760;1.480
12577;30971;1.515
42473;8387;1.533
24864;49488;1.454
21362;8339;1.431
197636;21213;1.386
39560;50920;1.239
21213;21362;1.431
12895;48339;1.464
25255;5385;1.454
12453;56672;1.403
29056;8445;1.508
29056;8447;1.531
8437;8692;1.234
48339;8437;1.323
29081;49808;1.430
20704;48339;1.374
3330;51184;1.444
25447;49808;1.487
21013;21362;1.460
20751;6830;1.531
1853;8339;1.513
12971;20751;1.409
35369;48943;1.468
56833;6830;1.554
39837;47692;1.367
29287;56672;1.484
48943;760;1.411
28760;31510;1.484
12971;42473;1.537
24864;28760;1.485
197999;39555;1.465
39912;8339;1.520
39912;60587;1.504
35369;48362;1.417
21013;29056;1.487
49808;8692;1.419
12453;24864;1.374
21213;8339;1.493
31510;56672;1.490
197636;25447;1.377
12577;49488;1.485
12577;197999;1.533
31382;31510;1.471
20751;48339;1.420
31543;43957;1.284
47692;8339;1.496
49488;57763;1.261
31382;39555;1.257
20704;35369;1.513
12895;197999;1.487
24864;8412;1.488
12453;39912;1.488
29056;5403;1.449
24953;3330;1.464
21213;29287;1.492
49808;8387;1.488
29056;5404;1.484
1764;8692;1.474
12971;8596;1.522
47692;49808;1.494
30971;57397;1.413
21362;30971;1.353
1853;56672;1.491
12895;31510;1.509
21213;56833;1.439
35369;8339;1.497
12971;8559;1.140
12971;8245;1.510
12577;8562;1.431
12895;39555;1.435
12895;8445;1.496
12605;197636;1.473
29287;39912;1.511
29056;39560;1.243
20704;8437;1.466
12895;8447;1.516
12577;28760;1.520
1764;8387;1.523
56672;8445;1.491
42473;57763;1.506
25447;5385;1.394
49808;57397;1.437
29056;39837;1.290
28760;760;1.354
56672;8447;1.501
49488;60587;1.282
34347;8412;1.480
21013;56833;1.500
20704;39555;1.464
51184;60587;1.009
31239;43957;1.327
29081;8692;1.234
51184;56833;1.391
48362;60587;1.372
31510;39912;1.528
197999;8596;1.513
12971;25447;1.417
48339;57397;1.331
25255;57397;1.420
24953;56672;1.478
1853;24864;1.517
3330;57763;1.444
197999;8559;1.489
760;8562;1.098
197999;8245;1.494
35369;50920;1.392
29056;6798;1.429
51184;8412;1.413
25255;35369;1.487
21213;42473;1.542
21013;31382;1.460
29081;8387;1.452
21362;49488;1.196
12453;5385;1.050
1853;39912;1.521
49488;8596;1.485
20751;39555;1.257
12453;29287;1.350
34347;760;1.479
56672;6830;1.528
39555;56833;1.380
49488;8559;1.348
31543;48339;1.434
12895;5403;1.437
49488;8245;1.480
12895;5404;1.498
39912;51184;1.501
31543;8445;1.499
24953;8339;1.494
21013;42473;1.518
197636;34347;1.476
1764;5385;1.510
31543;8447;1.518
31543;760;1.381
6798;8445;1.535
20751;8562;1.286
6798;8447;1.548
56833;8562;1.365
5404;8339;1.489
197636;60587;1.020
28760;8445;1.478
21362;28760;1.340
50920;56833;1.314
21362;8412;1.429
5385;8437;1.330
28760;8447;1.486
24953;39912;1.510
8387;8412;1.469
8412;8596;1.494
57763;8692;0.928
12605;47692;1.504
39560;49488;1.303
29081;5385;1.244
8412;8559;1.462
48943;8692;1.409
42473;48943;1.526
29056;8562;1.094
39555;42473;1.504
47692;760;1.373
48339;8596;1.522
29056;29081;1.345
1853;8412;1.455
57763;8387;1.442
30971;8692;1.389
20704;49808;1.526
1764;760;1.495
1764;43957;1.502
12895;6798;1.505
6830;8445;1.532
21213;25447;1.411
1853;29287;1.489
12605;29081;1.468
49488;51184;1.261
42473;48362;1.516
28760;48339;1.427
24953;760;1.424
6830;8447;1.531
48339;8559;1.124
31543;5403;1.400
12971;34347;1.503
48943;8387;1.490
48339;8245;1.506
43957;57397;1.290
34347;56833;1.523
31543;5404;1.500
57397;8437;1.254
3330;48943;1.472
48362;51184;1.362
39912;8412;1.511
29056;56672;1.469
12577;3330;1.529
30971;8387;1.491
21213;8412;1.485
49808;760;1.427
21013;25447;1.467
12971;60587;1.332
28760;5403;1.430
3330;48362;1.483
28760;5404;1.503
47692;8412;1.487
197999;57397;1.471
28760;57397;1.369
31239;8692;1.175
24864;43957;1.410
24953;29287;1.453
197999;35369;1.529
197636;25255;1.394
39912;57763;1.501
28760;35369;1.483
35369;8412;1.479
12971;31382;1.315
34347;42473;1.532
31382;8445;1.464
31382;57397;1.237
25447;8692;1.374
48339;49808;1.477
31543;6798;1.491
31382;8447;1.498
31239;8387;1.450
25255;49808;1.455
48943;5385;1.446
31239;31510;1.475
21213;29056;1.425
12895;8562;1.358
8339;8437;1.437
31382;35369;1.469
24864;5385;1.464
20704;8596;1.536
197636;51184;0.938
12971;5403;1.438
56672;8562;1.403
48943;57397;1.433
48362;8437;1.421
29056;39912;1.519
12971;5404;1.482
30971;5385;1.417
30971;47692;1.496
12895;57397;1.453
25447;8387;1.475
20704;8559;1.398
12577;1764;1.549
42473;50920;1.507
28760;6798;1.504
20704;8245;1.531
28760;39555;1.358
1764;48339;1.532
12895;35369;1.505
20751;3330;1.469
20704;57397;1.464
197636;8445;1.463
12453;8692;1.126
12577;43957;1.477
29056;6830;1.550
21213;34347;1.528
197636;8447;1.493
12577;8339;1.503
12971;21213;1.411
12971;25255;1.472
35369;49488;1.447
34347;5385;1.486
3330;50920;1.455
51184;57763;0.924
48362;57763;1.362
12453;21362;1.135
39837;56672;1.424
31382;5403;1.415
21213;60587;1.397
12453;8387;1.429
5403;8445;1.484
31382;5404;1.465
31239;5385;0.926
29081;47692;1.404
12605;20704;1.536
25447;47692;1.449
25255;47692;1.475
24953;8412;1.433
21013;34347;1.521
5403;8447;1.513
29056;3330;1.490
197636;197999;1.450
31543;8562;1.325
24864;48339;1.470
12971;6798;1.419
12453;21013;1.423
20751;57397;1.372
12971;51184;1.302
51184;5385;1.285
197636;31543;1.347
12453;29056;1.094
760;8339;1.440
5404;8412;1.506
49488;5403;1.397
12605;39560;1.483
8559;8596;1.504
6798;8562;1.427
49488;5404;1.479
39912;48943;1.514
21013;60587;1.448
20751;35369;1.389
39555;57763;1.169
12605;39837;1.473
25447;29081;1.382
21213;31382;1.432
197636;24953;1.396
12605;1853;1.503
28760;8562;1.272
12895;760;1.401
197636;5403;1.360
5385;8596;1.504
197636;5404;1.468
43957;49808;1.438
39912;48362;1.519
197636;31239;1.177
1764;31510;1.513
5385;8559;1.229
43957;8437;1.325
5385;8245;1.490
1764;39555;1.496
197636;57763;0.938
31382;6798;1.468
21362;43957;1.309
12895;6830;1.527
39837;39912;1.498
20751;8339;1.457
21362;5385;1.316
56833;8339;1.469
5403;5404;1.491
1853;21362;1.478
6830;8562;1.515
39555;60587;1.201
197999;49808;1.498
12577;48339;1.431
28760;49808;1.442
12453;56833;1.365
57397;8596;1.496
49488;6798;1.466
21213;25255;1.470
1853;21013;1.504
12453;12895;1.358
24864;31510;1.510
1853;29056;1.515
12895;3330;1.476
57397;8559;1.315
57397;8245;1.470
48362;48943;1.449
29056;8339;1.393
1853;5385;1.499
12971;24953;1.479
31382;49808;1.437
24864;39555;1.409
197636;6798;1.456
56833;760;1.411
50920;60587;1.198
29287;56833;1.504
12453;31382;1.138
47692;56672;1.496
21013;21213;1.458
21013;25255;1.494
39912;5385;1.492
31543;57397;1.395
48943;49808;1.488
21213;51184;1.380
39560;43957;1.321
12895;49808;1.472
12453;20751;1.286
12971;57763;1.303
31543;35369;1.410
31510;56833;1.506
5403;6798;1.496
31543;6830;1.532
31239;48339;1.294
29056;760;1.296
24864;8692;1.425
12453;42473;1.499
47692;5385;1.440
31382;8562;1.138
30971;39560;1.399
29287;31382;1.405
24953;29056;1.472
197999;47692;1.506
197636;30971;1.391
30971;39837;1.415
21013;51184;1.444
6798;6830;1.558
8339;8596;1.517
39837;8437;1.256
34347;60587;1.477
1853;56833;1.529
12577;31510;1.526
48362;8596;1.488
28760;6830;1.522
12971;8445;1.512
8339;8559;1.303
35369;5385;1.441
24864;8387;1.522
29287;42473;1.520
21362;48339;1.298
12971;8447;1.535
31543;3330;1.475
197636;48943;1.410
12577;39555;1.462
12605;56672;1.501
48362;8559;1.431
42473;49488;1.507
197999;29081;1.467
48362;8245;1.502
31543;39555;1.295
8447;8596;1.529
8245;8437;1.470
34347;8692;1.475
31239;57397;1.281
6798;760;1.466
12577;8412;1.526
20704;5403;1.505
197636;8562;1.127
20704;5404;1.505
8447;8559;1.515
5404;57397;1.475
29081;39560;1.249
20751;49808;1.465
31510;8437;1.473
31510;42473;1.519
31239;35369;1.479
25447;39560;1.421
25255;39560;1.417
197636;48362;1.366
1853;31382;1.478
12895;8339;1.478
28760;3330;1.449
29081;39837;1.214
12895;47692;1.475
39555;51184;1.169
25447;39837;1.401
25255;39837;1.393
56672;8339;1.496
3330;49488;1.463
49488;50920;1.274
42473;760;1.504
34347;8387;1.511
12453;1853;1.464
24953;56833;1.513
1853;20751;1.496
51184;8692;0.928
21213;24953;1.489
197999;8445;1.500
5403;8562;1.283
197636;49488;1.267
20704;47692;1.494
197999;8447;1.506
12971;6830;1.552
1853;42473;1.525
12605;24864;1.502
21013;31543;1.405
760;8412;1.413
56672;57397;1.426
1764;1853;1.515
12453;25447;1.350
39560;48339;1.239
50920;51184;1.157
31239;39555;1.262
51184;8387;1.442
21013;24953;1.493
49488;8445;1.473
24953;31382;1.416
21213;57763;1.380
12605;39912;1.532
12971;48943;1.476
49488;8447;1.512
20704;29081;1.474
12605;21362;1.481
48362;760;1.395
21013;31239;1.468
20704;6798;1.502
21362;31510;1.471
20751;47692;1.412
197636;28760;1.318
12971;48362;1.456
21362;8692;1.199
21362;39555;1.254
12605;21013;1.455
31543;8339;1.469
24953;42473;1.523
21013;57763;1.444
8387;8692;1.442
43957;8596;1.490
31382;6830;1.518
39560;760;1.217
35369;43957;1.390
20751;8412;1.449
56833;8412;1.505
6798;8339;1.491
43957;8559;1.359
34347;51184;1.475
197999;5403;1.476
5385;5403;1.402
43957;8245;1.481
197999;5404;1.500
5385;5404;1.468
29287;8437;1.407
197636;50920;1.167
20751;29081;1.318
8412;8445;1.486
30971;56672;1.481
28760;8339;1.479
21362;8387;1.460
1764;57397;1.504
49488;6830;1.523
8412;8447;1.511
31543;49808;1.473
1853;8692;1.472
31382;3330;1.456
12453;197636;1.127
1764;35369;1.542
29056;8412;1.481
12453;12971;1.106
1853;25447;1.500
50920;760;1.192
197999;20704;1.533
197636;6830;1.518
48339;8445;1.508
39912;8692;1.502
29056;29287;1.455
49808;56672;1.470
48339;8447;1.531
25255;29081;1.419
1853;8387;1.509
12605;29287;1.503
21213;8692;1.381
29056;56833;1.318
6830;8339;1.533
50920;8437;1.281
39560;8437;1.255
12577;12605;1.532
197999;39560;1.460
8445;8692;1.462
47692;8692;1.389
29081;56672;1.438
24864;57397;1.469
5403;6830;1.530
39912;8387;1.525
25447;56672;1.481
25255;56672;1.469
197999;39837;1.438
197636;3330;1.446
12453;34347;1.444
197999;6798;1.527
12605;12895;1.516
5385;6798;1.473
21213;48943;1.473
50920;57763;1.158
24864;35369;1.451
21213;8387;1.494
39912;49488;1.505
31239;49808;1.377
12971;50920;1.147
24953;25447;1.475
35369;8692;1.427
30971;39912;1.514
47692;8387;1.508
31382;39560;1.240
12453;60587;1.157
12895;20704;1.523
60587;8437;1.262
39837;8596;1.480
31382;39837;1.222
21213;48362;1.376
29287;34347;1.478
12971;31543;1.427
35369;48339;1.472
21013;48943;1.498
12971;8562;1.106
39837;8559;1.222
48339;5403;1.447
39837;8245;1.457
48339;5404;1.484
35369;8387;1.515
29056;42473;1.537
12895;39560;1.439
8245;8596;1.521
57397;6798;1.464
29287;60587;1.420
12895;39837;1.400
39555;8437;1.278
34347;57763;1.475
31510;34347;1.518
31382;8339;1.433
21013;48362;1.432
12895;8412;1.452
12605;197999;1.511
8562;8692;1.126
43957;47692;1.365
20704;8445;1.534
12971;31239;1.319
12577;57397;1.471
8245;8559;1.478
20704;39560;1.444
56672;8412;1.484
31510;8596;1.514
29081;39912;1.507
20704;8447;1.548
25447;39912;1.517
25255;39912;1.511
48339;760;1.290
20704;39837;1.459
12577;35369;1.510
56833;57397;1.412
31510;8559;1.467
31510;60587;1.453
21213;5385;1.408
31510;8245;1.506
197999;8562;1.443
1853;34347;1.505
39912;50920;1.503
39555;48943;1.412
12577;5385;1.482
48362;49488;1.392
28760;47692;1.463
3330;8437;1.458
197636;8339;1.446
24953;8692;1.393
12605;8437;1.487
1853;60587;1.473
39837;56833;1.405
39555;48362;1.316
20751;39560;1.390
48339;6798;1.428
49488;8562;1.191
43957;56672;1.451
21013;8437;1.465
20751;39837;1.354
20704;6830;1.556
12453;21213;1.353
12895;1764;1.514
12453;25255;1.355
5404;8692;1.468
42473;43957;1.506
31382;47692;1.441
21213;50920;1.336
21013;28760;1.474
28760;29081;1.369
25255;8437;1.407
1764;49808;1.516
5403;8339;1.469
39555;49488;1.204
24953;8387;1.477
35369;39555;1.394
31543;8412;1.458
24953;34347;1.481
21213;31543;1.352
197999;56672;1.474
6798;8412;1.513
5404;8387;1.518
3330;43957;1.461
29081;29287;1.436
21013;50920;1.418
12453;51184;1.124
25447;29287;1.469
24953;60587;1.395
28760;8412;1.419
21362;57397;1.234
5385;8445;1.487
29287;8596;1.507
8412;8562;1.387
48362;50920;1.330
29081;760;1.222
12971;30971;1.436
5385;8447;1.516
39837;42473;1.503
34347;48943;1.494
21362;35369;1.468
5403;57397;1.406
31382;56672;1.428
29287;8559;1.425
21213;31239;1.442
29287;8245;1.495
24864;49808;1.514
12895;29081;1.441
20751;5385;1.350
29287;51184;1.414
57763;760;1.197
42473;8437;1.508
48339;8562;1.085
34347;48362;1.497
48943;56672;1.485
197999;24864;1.517
6830;8412;1.531
24953;5385;1.459
1853;21213;1.526
12971;3330;1.495
1764;47692;1.533
12895;56672;1.482
1853;25255;1.467
39555;50920;1.155
31510;51184;1.449
57397;8445;1.475
50920;8596;1.484
39560;8596;1.498
34347;49488;1.477
57397;8447;1.509
197999;6830;1.531
197999;39912;1.515
5385;6830;1.528
20704;56672;1.522
50920;8559;1.143
39560;8559;1.220
12605;29056;1.509
50920;8245;1.475
39560;8245;1.476
39560;57397;1.218
12605;12971;1.506
12453;31543;1.325
47692;56833;1.457
42473;48339;1.537
1764;29081;1.501
1853;51184;1.472
12971;49488;1.371
5403;760;1.330
43957;6798;1.465
12453;24953;1.359
12577;49808;1.527
31382;39912;1.501
60587;8596;1.481
24864;47692;1.353
197999;3330;1.499
12895;24864;1.489
24953;25255;1.418
29287;31543;1.464
29056;34347;1.493
12453;31239;1.123
60587;8559;1.304
3330;48339;1.489
60587;8245;1.471
20751;56672;1.467
57397;6830;1.525
31382;8412;1.430
20704;24864;1.509
12895;39912;1.515
12453;57763;1.124
49808;8437;1.440
12971;1764;1.531
8339;8445;1.500
39555;8596;1.481
29056;60587;1.329
21213;30971;1.486
31510;31543;1.435
20704;8562;1.378
12971;28760;1.434
8339;8447;1.526
24953;51184;1.393
48362;8445;1.501
34347;50920;1.482
29287;31239;1.425
12605;56833;1.516
12577;8692;1.466
39555;8559;1.306
20704;39912;1.543
48362;8447;1.517
39555;8245;1.475
28760;39560;1.376
48339;56672;1.468
20704;21362;1.459
12971;8339;1.389
28760;39837;1.349
197999;29287;1.476
29287;57763;1.414
1764;8437;1.496
21013;30971;1.492
39912;43957;1.511
1853;31543;1.503
20751;24864;1.447
197636;8412;1.415
31510;5403;1.464
29056;31382;1.302
20704;21013;1.526
12577;8387;1.521
12577;47692;1.486
31510;5404;1.504
31543;47692;1.436
12605;31382;1.481
5385;57397;1.265
48339;6830;1.550
3330;8596;1.507
1853;24953;1.491
12605;8596;1.523
31510;57763;1.449
760;8692;1.197
3330;8559;1.462
20751;39912;1.519
3330;8245;1.502
12605;20751;1.447
12605;8559;1.476
21362;49808;1.436
21013;8596;1.516
1853;31239;1.476
12605;8245;1.499
5403;8412;1.458
39837;6798;1.464
29081;8437;1.268
21213;49488;1.412
197999;8339;1.513
12605;42473;1.519
25255;8596;1.491
21013;8559;1.459
21362;760;1.226
21013;8245;1.501
1853;57763;1.472
48362;5403;1.402
3330;39555;1.453
24953;31543;1.459
197636;31510;1.452
760;8387;1.452
48362;5404;1.494
25255;8559;1.458
12453;30971;1.341
8559;8562;1.053
25255;8245;1.487
25255;760;1.395
35369;57397;1.464
1764;20704;1.544
21013;49488;1.453
20704;29287;1.491
49488;8339;1.450
12605;21213;1.483
31239;47692;1.424
20751;8692;1.323
5385;8562;1.050
31510;6798;1.520
56833;8692;1.393
12453;48943;1.369
24953;31239;1.386
21213;28760;1.457
1764;39560;1.504
43957;8445;1.476
25447;29056;1.428
43957;8447;1.511
39837;60587;1.221
1764;39837;1.492
39560;49808;1.441
24953;57763;1.393
29056;51184;1.301
20751;8387;1.459
12453;48362;1.338
42473;8596;1.527
30971;56833;1.477
21362;47692;1.440
56833;8387;1.495
39912;48339;1.519
29287;48943;1.469
29056;8692;1.302
20751;29287;1.455
42473;8559;1.517
42473;8245;1.523
48362;6798;1.497
39555;43957;1.138
57397;8562;1.031
57763;8437;1.233
29287;48362;1.461
49808;56833;1.503
35369;760;1.447
31510;48943;1.502
21362;29081;1.242
12605;25447;1.477
5404;56672;1.501
30971;31382;1.354
29056;8387;1.481
24864;39560;1.468
1853;30971;1.495
48943;8437;1.420
28760;56672;1.449
20704;3330;1.530
43957;6830;1.525
25255;29287;1.446
24864;39837;1.402
48339;8339;1.392
29081;60587;1.260
8437;8596;1.493
29081;56833;1.395
25447;60587;1.386
197636;43957;1.247
31510;48362;1.439
30971;8437;1.360
25447;56833;1.426
25255;56833;1.499
43957;5403;1.325
1853;48943;1.487
8437;8559;1.306
43957;5404;1.481
30971;42473;1.519
39560;47692;1.439
12453;28760;1.272
20751;760;1.360
12577;20704;1.501
1853;48362;1.504
29081;31382;1.244
25447;31382;1.418
8339;8562;1.325
49808;8596;1.506
39837;8445;1.452
12453;50920;1.076
48362;8562;1.338
39837;8447;1.496
49808;8559;1.461
12895;8692;1.422
12577;39560;1.457
12971;8412;1.486
49808;8245;1.499
31239;8437;1.223
29056;5385;1.335
31543;39560;1.406
28760;39912;1.510
24953;48943;1.472
197999;21362;1.459
12577;39837;1.459
56672;8692;1.427
29081;42473;1.492
8447;8562;1.486
47692;60587;1.396
31543;39837;1.377
25447;42473;1.522
25255;42473;1.519
8245;8445;1.494
50920;6798;1.425
39560;6798;1.467
39555;5403;1.328
1853;760;1.454
1764;8596;1.523
39555;5404;1.475
29056;57763;1.301
12577;1853;1.537
8245;8447;1.511
39837;51184;1.189
12971;43957;1.365
29287;50920;1.432
25447;8437;1.428
197999;21013;1.494
12895;8387;1.489
1764;8559;1.508
31510;8445;1.511
24953;48362;1.447
1764;8245;1.517
197999;29056;1.505
31510;8447;1.522
20704;8339;1.472
56672;8387;1.496
1764;56672;1.504
35369;49808;1.519
39837;6830;1.519
31510;50920;1.435
197999;8412;1.473
1853;28760;1.480
12605;34347;1.527
21213;760;1.413
42473;57397;1.508
197636;48339;1.306
29081;8596;1.484
21013;31510;1.434
1764;197636;1.476
39837;5403;1.328
12895;21362;1.429
39837;5404;1.468
31239;39560;1.258
24864;29081;1.435
43957;56833;1.400
12453;8437;1.165
29081;8559;1.311
12605;60587;1.476
31239;39837;1.178
29081;8245;1.473
31543;8692;1.343
21013;5403;1.458
1853;50920;1.483
49488;8412;1.437
21013;5404;1.514
12895;21013;1.506
39555;6798;1.450
31510;6830;1.534
3330;57397;1.467
24864;56672;1.515
1764;24864;1.541
6798;8692;1.455
28760;29287;1.429
21362;39560;1.238
12895;5385;1.480
24953;28760;1.347
197999;56833;1.522
3330;35369;1.509
28760;8692;1.313
31543;8387;1.465
21362;39837;1.219
43957;8562;1.191
25255;25447;1.450
20704;29056;1.377
1764;39912;1.534
197636;35369;1.429
35369;47692;1.449
25447;760;1.403
6798;8387;1.512
29287;8445;1.461
24953;50920;1.433
20751;21362;1.382
48362;6830;1.533
31382;56833;1.411
28760;8387;1.458
12971;48339;0.996
29287;8447;1.512
29056;48943;1.475
197999;31382;1.460
12577;29081;1.469
21213;43957;1.324
5385;8339;1.375
12453;197999;1.443
6830;8692;1.517
47692;51184;1.388
39837;57763;1.189
12895;29287;1.472
21013;6798;1.517
20751;21013;1.405
57763;8596;1.480
48943;56833;1.496
42473;5403;1.516
197999;20751;1.486
42473;5404;1.530
20751;29056;1.422
12577;760;1.461
29056;48362;1.468
12895;56833;1.497
12577;56672;1.510
48339;8412;1.480
197636;39555;1.178
57763;8559;1.273
48943;8596;1.498
3330;760;1.443
31543;56672;1.474
24864;39912;1.544
197999;42473;1.522
57763;8245;1.466
21013;43957;1.403
12605;25255;1.505
6830;8387;1.537
48943;8559;1.438
39560;39837;1.210
50920;8445;1.471
48943;8245;1.484
39560;8445;1.462
31543;5385;1.376
30971;34347;1.487
20704;56833;1.470
30971;8596;1.505
50920;8447;1.507
39560;8447;1.504
29287;30971;1.422
57397;8339;1.430
25255;29056;1.468
30971;8559;1.405
31382;42473;1.506
30971;8245;1.493
30971;60587;1.402
1764;29287;1.512
49488;49808;1.428
29287;5403;1.459
29081;57763;1.232
28760;5385;1.417
29287;5404;1.459
25447;57763;1.374
12605;51184;1.472
39555;760;1.230
12895;20751;1.461
20704;31382;1.459
197999;760;1.441
60587;8445;1.462
39837;8562;1.097
31382;8692;1.200
12895;42473;1.528
60587;8447;1.494
42473;6798;1.543
20751;56833;1.438
12971;31510;1.494
12453;49488;1.191
31239;56672;1.427
29081;34347;1.479
20704;20751;1.505
49808;60587;1.425
31239;8596;1.482
25447;34347;1.498
25255;34347;1.475
12577;39912;1.541
50920;6830;1.523
39560;6830;1.524
12971;39555;1.329
31543;39912;1.522
20704;42473;1.547
8245;8562;1.446
49808;5403;1.469
31239;8559;1.278
49808;5404;1.508
42473;49808;1.520
31382;8387;1.460
31239;8245;1.469
39555;8445;1.472
24864;8437;1.479
21213;48339;1.422
50920;5403;1.337
39912;57397;1.497
39560;5403;1.405
50920;5404;1.471
48339;60587;1.327
39560;5404;1.457
39555;8447;1.508
29287;49488;1.433
25447;8596;1.495
25255;60587;1.397
20704;8412;1.525
6830;760;1.519
48339;56833;1.313
31510;8562;1.434
29056;50920;1.143
21362;56672;1.427
20751;31382;1.383
197999;25447;1.495
12971;5385;1.332
39837;48943;1.410
197636;8692;0.940
25447;8559;1.404
51184;760;1.196
48362;8339;1.476
25447;8245;1.497
47692;57763;1.388
20704;21213;1.502
29287;6798;1.515
3330;49808;1.488
29056;31543;1.434
21013;48339;1.487
31510;49488;1.463
12605;31543;1.446
39837;48362;1.391
20751;42473;1.514
24953;30971;1.451
197636;49808;1.420
34347;8437;1.465
25255;31382;1.404
197636;8387;1.443
5403;8692;1.358
3330;8445;1.499
12605;8445;1.508
3330;8447;1.517
31239;39912;1.501
12605;24953;1.513
12453;8596;1.467
12605;8447;1.525
39555;6830;1.523
34347;43957;1.488
29056;31239;1.302
21362;24864;1.470
1853;49488;1.493
21013;8445;1.509
12453;8559;1.053
49808;6798;1.522
12605;31239;1.492
12453;8245;1.446
31382;5385;1.318
21013;8447;1.521
12895;25447;1.461
42473;47692;1.543
35369;39560;1.476
5403;8387;1.478
49488;57397;1.219
25255;8445;1.489
51184;8437;1.233
39560;56672;1.438
35369;39837;1.446
25255;8447;1.507
1853;197636;1.473
51184;57397;1.250
39555;48339;1.331
21362;39912;1.501
12605;57763;1.472
48362;57397;1.410
30971;51184;1.389
20704;25447;1.501
21213;31510;1.476
57763;60587;1.009
49488;5385;1.284
28760;29056;1.428
3330;47692;1.508
21213;39555;1.336
29287;8562;1.350
5385;8412;1.465
24953;49488;1.429
60587;6798;1.467
197636;5385;1.286
49808;51184;1.418
3330;5403;1.481
21013;6830;1.536
3330;5404;1.519
12605;5403;1.474
43957;60587;1.267
12605;5404;1.521
21013;39555;1.397
43957;8339;1.449
21362;8437;1.012
20751;25447;1.373
197999;34347;1.495
42473;8445;1.525
39837;50920;1.183
29081;51184;1.232
8387;8437;1.465
48339;51184;1.298
47692;48943;1.477
25447;51184;1.374
25255;51184;1.391
42473;8447;1.531
25255;5403;1.435
12895;29056;1.464
39560;39912;1.478
25255;5404;1.504
12895;12971;1.468
21013;3330;1.510
50920;8562;1.076
39560;8562;1.101
20704;760;1.460
197999;60587;1.449
57397;8412;1.444
197636;57397;1.256
5404;56833;1.509
47692;48362;1.442
30971;31543;1.457
28760;60587;1.326
31382;34347;1.464
28760;56833;1.481
34347;48339;1.493
29056;30971;1.430
1853;8437;1.480
21362;29287;1.405
12605;30971;1.503
1764;21362;1.495
12453;31510;1.434
31510;3330;1.514
8437;8445;1.466
39912;8437;1.504
31382;60587;1.234
39912;49808;1.523
3330;6798;1.518
12895;34347;1.499
8437;8447;1.499
42473;6830;1.543
30971;31239;1.408
12605;6798;1.528
60587;8562;1.157
1764;21013;1.510
28760;31382;1.342
21213;8437;1.442
12605;48943;1.497
56672;56833;1.491
1764;29056;1.532
48943;60587;1.414
29287;31510;1.490
47692;8437;1.450
30971;57763;1.389
20704;34347;1.537
29081;31543;1.348
12895;60587;1.427
25447;31543;1.393
30971;760;1.417
25255;6798;1.507
12971;8692;1.304
12605;48362;1.468
34347;35369;1.535
49808;8445;1.493
39555;8562;1.140
28760;42473;1.512
8339;8412;1.486
57763;6798;1.455
35369;56672;1.519
24864;8596;1.527
49808;8447;1.523
20704;60587;1.465
12971;57397;1.330
35369;8437;1.476
48362;8412;1.459
29056;49488;1.376
49808;57763;1.418
48943;6798;1.509
39837;8339;1.439
24864;8559;1.465
29287;6830;1.527
29081;31239;1.279
24864;8245;1.514
12605;49488;1.479
25447;31239;1.432
24864;760;1.403
12971;8387;1.480
12971;35369;1.462
12895;31382;1.430
197999;21213;1.520
20751;34347;1.496
197999;25255;1.459
1764;8445;1.519
43957;51184;1.240
30971;6798;1.508
47692;50920;1.371
25447;5403;1.418
1853;31510;1.508
1764;8447;1.508
48339;57763;1.298
25447;5404;1.490
25255;57763;1.391
8245;8339;1.502
20704;5385;1.442
12577;24864;1.500
34347;39555;1.483
197999;8692;1.447
1764;56833;1.540
48362;49808;1.480
39837;760;0.935
34347;8596;1.516
3330;8562;1.423
12605;8562;1.454
29287;3330;1.485
20751;60587;1.339
31510;8339;1.500
12453;43957;1.191
49808;6830;1.530
34347;8559;1.486
34347;8245;1.508
21013;8562;1.423
197999;51184;1.447
12605;28760;1.496
12577;21362;1.479
197999;8387;1.506
49488;8692;1.262
29081;8445;1.474
25255;8562;1.355
35369;39912;1.548
3330;39560;1.463
51184;8596;1.480
29081;8447;1.508
12453;5403;1.283
12895;1853;1.499
24864;29287;1.503
12453;5404;1.441
12895;21213;1.495
39555;49808;1.432
3330;39837;1.442
29287;43957;1.437
24953;31510;1.493
12895;25255;1.427
12577;21013;1.522
51184;8559;1.273
51184;8245;1.466
31382;51184;1.200
24864;56833;1.487
1764;20751;1.506
12605;50920;1.449
24953;8437;1.418
30971;48943;1.455
49488;8387;1.461
1764;5403;1.508
60587;6830;1.520
5403;56672;1.471
25447;6798;1.468
20704;25255;1.525
1764;42473;1.528
1764;5404;1.524
31510;43957;1.424
48943;51184;1.408
5404;8437;1.468
12895;51184;1.422
30971;48362;1.463
21213;57397;1.425
8596;8692;1.480
43957;8412;1.440
29081;30971;1.416
8412;8692;1.414
25447;30971;1.456
42473;8562;1.499
21362;8596;1.491
21213;35369;1.383
39837;49488;1.272
20704;51184;1.456
197999;31543;1.495
1853;43957;1.487
8387;8596;1.511
31543;34347;1.503
197999;5385;1.489
30971;49488;1.412
29081;5403;1.367
21362;8559;1.281
20751;21213;1.320
29081;5404;1.474
29081;48943;1.411
21362;8245;1.465
21013;57397;1.457
20751;25255;1.429
12453;6798;1.427
12577;29287;1.524
8387;8559;1.468
48339;8692;1.300
48339;48943;1.474
29287;8339;1.466
25447;48943;1.440
25255;48943;1.445
43957;57763;1.240
24864;42473;1.544
197999;24953;1.467
12577;56833;1.431
57763;8445;1.461
31543;60587;1.359
21013;35369;1.482
12453;48339;1.085
31543;56833;1.451
57763;8447;1.492
34347;49808;1.513
197999;31239;1.452
1853;8596;1.522
31239;760;1.186
29081;48362;1.357
1764;6798;1.545
48943;8445;1.490
48339;48362;1.467
29287;760;1.426
25447;48362;1.399
25255;48362;1.445
12577;12895;1.506
48943;8447;1.519
48339;8387;1.481
3330;6830;1.534
1853;8559;1.496
20751;51184;1.322
1853;8245;1.485
12605;6830;1.536
8437;8562;1.165
197999;57763;1.447
39912;8596;1.518
24953;43957;1.439
30971;8445;1.492
28760;57763;1.312
21362;29056;1.301
197636;47692;1.394
12971;49808;1.479
29287;48339;1.454
29081;49488;1.166
30971;8447;1.512
25447;49488;1.402
50920;8339;1.403
39912;8559;1.509
39560;8339;1.409
21213;8596;1.519
1764;25447;1.520
42473;56672;1.521
39912;8245;1.521
39555;57397;1.181
25255;6830;1.530
8445;8596;1.521
47692;8596;1.523
21213;8559;1.437
12577;20751;1.491
12895;24953;1.456
21213;8245;1.526
20704;31543;1.511
31382;57763;1.200
29081;6798;1.434
28760;34347;1.482
12605;3330;1.515
57763;6830;1.517
31510;48339;1.496
30971;50920;1.413
8445;8559;1.479
47692;8559;1.444
197636;29081;1.240
12577;42473;1.551
49808;8562;1.404
47692;8245;1.516
31239;60587;1.212
31543;42473;1.517
31239;56833;1.418
48943;6830;1.530
39837;8412;1.411
20704;24953;1.519
3330;56672;1.501
5404;60587;1.471
48943;57763;1.408
35369;8596;1.522
60587;8339;1.448
50920;57397;1.269
12971;1853;1.519
31239;8445;1.461
25255;3330;1.442
12895;57763;1.422
25447;28760;1.455
20704;8692;1.456
20704;31239;1.469
48943;5403;1.447
35369;8559;1.465
31239;8447;1.494
30971;6830;1.526
1853;48339;1.515
48943;5404;1.500
48339;5385;1.334
35369;8245;1.521
24864;25447;1.464
1764;8562;1.487
8245;8412;1.477
5385;56672;1.470
24864;5403;1.365
24864;5404;1.523
21362;56833;1.410
20751;31543;1.283
47692;49488;1.428
31239;31382;1.198
20704;57763;1.456
30971;5403;1.473
25447;8445;1.500
12453;39555;1.140
12971;47692;1.423
30971;5404;1.485
43957;48943;1.417
39555;8339;1.434
31510;8412;1.502
29081;50920;1.234
25447;8447;1.524
25447;50920;1.319
25255;50920;1.410
20704;8387;1.533
56672;60587;1.437
20751;24953;1.451
8562;8596;1.467
12453;760;1.098
12577;8437;1.488
34347;57397;1.459
31239;42473;1.505
20751;31239;1.397
43957;48362;1.312
25255;31543;1.442
31543;51184;1.343
29287;39555;1.430
12971;29081;1.337
34347;5403;1.503
29081;8562;1.155
24953;48339;1.472
1764;197999;1.502
34347;5404;1.508
197999;48943;1.499
3330;39912;1.524
21213;49808;1.500
20751;57763;1.322
12453;8445;1.447
3330;8339;1.487
31239;5403;1.393
29056;43957;1.378
12453;8447;1.486
31239;5404;1.476
12605;8339;1.499
12577;25447;1.479
31510;39555;1.421
25447;6830;1.531
21362;42473;1.506
1764;34347;1.528
12605;43957;1.442
25255;31239;1.383
24953;8596;1.494
197999;48362;1.484
12971;197636;1.311
39560;56833;1.399
24864;6798;1.504
8559;8692;1.275
24864;29056;1.471
760;8437;1.263
51184;5403;1.357
31382;48943;1.415
21013;8339;1.496
51184;5404;1.468
24953;8559;1.461
21013;49808;1.502
24953;8245;1.494
39912;47692;1.540
5404;8596;1.510
25255;8339;1.489
1764;60587;1.476
5385;8692;1.286
1853;39555;1.485
20704;30971;1.470
5404;8559;1.463
31382;48362;1.417
5404;8245;1.511
12895;48943;1.451
12453;6830;1.515
34347;6798;1.531
29287;8412;1.452
197636;20704;1.459
28760;51184;1.312
24864;34347;1.537
5385;8387;1.469
20704;48943;1.520
21213;47692;1.415
20751;8437;1.392
1764;31382;1.495
12895;48362;1.475
5385;760;1.322
56833;8437;1.428
31239;6798;1.479
57763;8562;1.124
39560;42473;1.510
21362;5403;1.414
1764;6830;1.538
21362;5404;1.465
197636;39560;1.239
39912;56672;1.518
24864;60587;1.430
197999;28760;1.465
57397;8692;1.252
12577;29056;1.433
48943;8562;1.369
24953;39555;1.429
20704;48362;1.512
197636;39837;1.197
12577;12971;1.423
12453;3330;1.423
51184;6798;1.454
42473;8339;1.531
21013;47692;1.495
50920;8412;1.431
39560;8412;1.439
30971;8562;1.341
29056;8437;1.326
21362;25447;1.417
31543;57763;1.343
20751;48943;1.434
20704;49488;1.485
197999;50920;1.469
1853;5403;1.490
1764;3330;1.521
57397;8387;1.462
29056;48339;0.967
1853;5404;1.521
25255;30971;1.456
24864;31382;1.470
12605;760;1.475
29081;6830;1.525
12453;12605;1.454
21013;29081;1.436
1764;21213;1.535
12577;34347;1.538
39912;5403;1.516
39837;43957;1.271
1764;25255;1.506
12971;20704;1.372
39912;5404;1.517
20751;48362;1.314
30971;43957;1.421
28760;31543;1.418
60587;8412;1.416
21362;6798;1.467
39555;47692;1.368
12577;60587;1.480
49488;56672;1.447
47692;5403;1.326
12971;39560;1.251
8339;8692;1.445
47692;5404;1.518
31239;8562;1.123
29081;3330;1.456
20704;28760;1.498
48943;50920;1.403
31382;31543;1.400
12577;197636;1.469
12971;39837;1.301
48362;8692;1.362
48362;56672;1.482
1764;51184;1.474
56833;60587;1.412
35369;56833;1.481
28760;31239;1.301
12895;50920;1.431
31239;57763;1.173
39555;8412;1.432
24864;8445;1.514
12895;197636;1.423
35369;5403;1.454
25447;8562;1.350
8447;8692;1.493
5404;57763;1.468
35369;5404;1.529
24864;8447;1.546
24864;25255;1.492
1853;6798;1.533
8339;8387;1.494
49808;8339;1.500
29081;43957;1.227
20704;50920;1.423
12895;31543;1.472
12577;31382;1.480
48339;49488;1.374
25447;43957;1.355
25255;49488;1.417
48362;8387;1.481
31239;34347;1.479
197636;760;1.197
12453;57397;1.031
39912;6798;1.546
12577;8596;1.539
12895;8437;1.436
29056;31510;1.497
20751;28760;1.407
12605;31510;1.469
56672;8437;1.434
12577;8559;1.451
12453;35369;1.399
1764;8339;1.525
29056;39555;1.334
24864;51184;1.425
12577;8245;1.534
34347;8445;1.508
31510;5385;1.451
12895;31239;1.388
56672;57763;1.426
3330;8412;1.442
47692;6798;1.491
34347;8447;1.520
31543;48943;1.446
12453;8562;0.355
12605;8412;1.497
21362;34347;1.463
35369;42473;1.543
29287;57397;1.433
24864;6830;1.558
20751;50920;1.268
34347;47692;1.529
25255;28760;1.391
21013;8412;1.499
197636;56672;1.431
39837;48339;1.284
49808;50920;1.430
29287;35369;1.502
31543;48362;1.345
12577;21213;1.491
760;8596;1.481
35369;6798;1.497
25255;8412;1.389
21362;60587;1.232
12577;25255;1.523
51184;8445;1.461
1853;197999;1.478
31510;57397;1.464
21013;760;1.455
51184;8447;1.492
29081;8339;1.438
1764;24953;1.479
760;8559;1.228
760;8245;1.458
48362;5385;1.381
5403;60587;1.364
48339;50920;1.128
5403;56833;1.471
31510;35369;1.496
21213;39560;1.439
197999;30971;1.486
34347;6830;1.537
30971;3330;1.477
28760;30971;1.429
43957;8692;1.242
21213;39837;1.407
31543;8437;1.409
1853;57397;1.491
12577;51184;1.465
21362;31382;0.928
197636;24864;1.427
12605;1764;1.525
1764;57763;1.474
31239;6830;1.512
6798;8437;1.476
43957;760;1.280
21013;39560;1.460
20751;8596;1.491
1853;35369;1.521
28760;48943;1.455
56833;8596;1.529
43957;8387;1.450
28760;8437;1.348
21013;39837;1.451
51184;6830;1.517
43957;49488;1.277
24864;24953;1.507
21362;8445;1.464
20751;8559;1.399
42473;8412;1.521
20751;8245;1.496
197636;39912;1.502
12971;56672;1.472
8387;8445;1.509
56833;8559;1.369
21362;8447;1.498
56833;8245;1.523
39560;60587;1.262
197636;21362;1.206
8387;8447;1.526
28760;48362;1.430
31239;3330;1.444
12895;30971;1.478
29056;8596;1.522
24953;57397;1.442
30971;31510;1.491
24953;6798;1.522
197636;21013;1.447
24864;57763;1.425
197999;49488;1.473
1853;8445;1.497
29056;8559;1.135
28760;49488;1.359
6830;8437;1.521
57763;8339;1.445
29056;8245;1.506
25447;3330;1.481
24953;35369;1.502
21362;25255;1.404
1853;8447;1.512
57397;60587;1.283
39555;39560;1.267
31239;51184;1.173
39912;760;1.499
5404;6798;1.521
48943;8339;1.471
39555;39837;1.221
39912;8445;1.516
12971;24864;1.463
47692;48339;1.433
21362;6830;1.518
42473;56833;1.544
39912;8447;1.529
31382;49488;1.197
21213;8445;1.525
43957;5385;1.288
30971;8339;1.471
21213;8447;1.541
21362;51184;1.197
47692;8445;1.509
43957;50920;1.192
39837;8692;1.191
12453;49808;1.404
12971;39912;1.524
29081;31510;1.447
8445;8447;1.516
48943;49488;1.408
47692;8447;1.541
25447;31510;1.472
20751;30971;1.450
12895;49488;1.438
3330;56833;1.508
21362;3330;1.455
197636;29287;1.416
1853;6830;1.536
49808;8412;1.473
24864;8562;1.374
21213;29081;1.379
1764;48943;1.518
12577;57763;1.466
8245;8692;1.466
35369;8445;1.527
39837;8387;1.451
49488;760;1.278
35369;8447;1.545
29287;49808;1.487
20704;43957;1.483
5385;60587;1.307
39912;6830;1.539
31382;8437;1.014
5385;56833;1.423
28760;50920;1.374
56833;57763;1.392
31510;8692;1.449
12605;48339;1.509
31239;8339;1.457
31239;31543;1.414
21213;56672;1.500
1764;48362;1.507
12895;8596;1.497
1764;8412;1.512
39555;5385;1.224
34347;39560;1.449
8245;8387;1.510
56672;8596;1.515
47692;6830;1.556
31510;49808;1.507
12895;8559;1.459
34347;8562;1.444
34347;39837;1.478
12895;28760;1.437
12895;8245;1.500
31382;50920;1.255
21213;5403;1.427
39560;51184;1.231
25447;8339;1.455
21213;5404;1.524
56672;8559;1.456
31510;8387;1.513
56672;8245;1.442
24864;48943;1.479
21013;56672;1.482
12577;5403;1.490
12577;5404;1.518
12453;47692;1.333
3330;42473;1.528
29056;57397;1.334
20751;49488;1.359
197636;8437;1.241
51184;56672;1.426
35369;6830;1.557
35369;60587;1.434
1853;49808;1.511
12971;29287;1.461
12453;1764;1.487
29081;8412;1.437
29056;35369;1.473
21362;24953;1.415
51184;8562;1.124
24864;48362;1.464
21213;24864;1.449
12605;35369;1.478
39837;5385;1.321
29287;47692;1.493
12453;29081;1.155
5403;8437;1.422
25255;43957;1.421
12453;8339;1.325
24953;8445;1.495
21013;5385;1.446
21213;39912;1.544
24953;8447;1.486
5404;760;1.469
21362;57763;1.198
21013;24864;1.509
39555;56672;1.443
31543;8596;1.493
57397;760;1.296
31510;47692;1.498
5404;8445;1.496
21213;6798;1.478
31543;8559;1.413
24953;49808;1.466
6798;8596;1.536
5404;8447;1.529
5403;57763;1.357
31543;8245;1.500
29287;8692;1.415
12577;48943;1.517
12605;39555;1.444
1764;50920;1.498
12577;6798;1.474
21013;39912;1.529
6798;8559;1.447
28760;8596;1.495
21362;8562;1.135
6798;8245;1.528
31382;760;1.227
8387;8562;1.429
197999;31510;1.482
1853;47692;1.519
50920;56672;1.441
28760;8559;1.415
12577;48362;1.515
1764;31543;1.513
28760;8245;1.478
30971;48339;1.429
29287;8387;1.499
20751;5403;1.369
56672;760;1.428
24953;6830;1.526
20751;5404;1.495
12971;760;1.308
39912;56833;1.535
57763;8412;1.413
1853;8562;1.464
50920;8692;1.160
42473;5385;1.514
39560;8692;1.233
24953;5403;1.466
24864;3330;1.516
5404;6830;1.533
39560;57763;1.231
31543;49488;1.379
24953;5404;1.505
1853;29081;1.486
6830;8596;1.536
48943;8412;1.431
24864;50920;1.412
1764;31239;1.490
39555;39912;1.508
6830;8559;1.528
39912;8562;1.488
39837;57397;1.293
6830;8245;1.531
31239;48943;1.436
34347;56672;1.502
30971;8412;1.458
24953;47692;1.495
24864;31543;1.464
50920;8387;1.440
39560;8387;1.464
21213;8562;1.353
35369;51184;1.426
29081;48339;1.342
25447;48339;1.425
25255;48339;1.467
57397;57763;1.250
30971;35369;1.501
12453;12577;1.431
8445;8562;1.447
60587;8692;1.010
47692;8562;1.333
31239;48362;1.427
21013;29287;1.493
20704;31510;1.526
39912;42473;1.533
29287;5385;1.427
21362;48943;1.413
20751;6798;1.480
24953;29081;1.436
56833;6798;1.434
24864;31239;1.455
49488;56833;1.418
35369;8562;1.399
31239;49488;1.251
12453;20704;1.378
60587;8387;1.452
60587;760;1.227
48362;56833;1.478
39555;8692;1.172
31510;760;1.464
31239;8412;1.416
29081;57397;1.198
21362;48362;1.417
197999;43957;1.472
12577;50920;1.432
31382;8596;1.491
29056;49808;1.479
25447;57397;1.410
197636;29056;1.306
31543;50920;1.307
28760;43957;1.369
30971;39555;1.411
12605;49808;1.514
31382;8559;1.284
29081;35369;1.425
12453;39560;1.101
49808;5385;1.376
31382;8245;1.466
25447;35369;1.432
20751;31510;1.434
12577;31543;1.502
34347;39912;1.495
25447;8412;1.456
12971;8437;1.335
12453;39837;1.097
50920;5385;1.222
42473;60587;1.507
39560;5385;1.192
39555;8387;1.449
24864;8339;1.504
5385;57763;1.285
31382;43957;1.310
3330;34347;1.502
12577;24953;1.536
1764;30971;1.511
3330;8692;1.444
12577;8445;1.538
39560;48943;1.433
29287;39560;1.381
12605;8692;1.472
