16178;20875;1.481
25144;42560;1.455
43179;9146;1.427
21107;42432;1.426
25144;9146;1.496
35567;42571;1.064
20875;35567;0.928
20875;25144;1.454
25144;42432;1.487
20875;43179;0.929
16178;25144;1.529
20875;42571;1.067
35567;43179;0.925
16178;42571;1.487
16178;35567;1.480
16178;9146;1.523
42432;42571;1.444
16178;43179;1.480
42560;43179;1.209
21107;25144;1.452
42432;43179;1.422
42560;42571;1.277
25144;35567;1.453
21107;42571;1.344
25144;43179;1.454
20875;21107;1.297
21107;35567;1.297
25144;42571;1.471
20875;9146;1.428
21107;43179;1.297
35567;42560;1.209
16178;21107;1.492
42560;9146;1.463
20875;42560;1.211
21107;9146;1.438
16178;42560;1.488
42432;42560;1.455
35567;9146;1.427
35567;42432;1.422
42432;9146;1.391
42571;9146;1.447
21107;42560;1.263
20875;42432;1.422
42571;43179;1.064
16178;42432;1.521
