16178;20875;2.154
25144;42560;1.702
43179;9146;1.572
21107;42432;1.624
25144;9146;1.918
35567;42571;1.064
20875;35567;0.928
20875;25144;1.698
25144;42432;1.839
20875;43179;0.930
16178;25144;2.438
20875;42571;1.068
35567;43179;0.926
16178;42571;2.194
16178;35567;2.153
16178;9146;2.403
42432;42571;1.596
16178;43179;2.154
42560;43179;1.212
21107;25144;1.676
42432;43179;1.515
42560;42571;1.337
25144;35567;1.695
21107;42571;1.414
25144;43179;1.697
20875;21107;1.299
21107;35567;1.298
25144;42571;1.720
20875;9146;1.574
21107;43179;1.299
35567;42560;1.211
16178;21107;2.209
42560;9146;1.768
20875;42560;1.214
21107;9146;1.691
16178;42560;2.188
42432;42560;1.705
35567;9146;1.571
35567;42432;1.513
42432;9146;1.605
42571;9146;1.654
21107;42560;1.265
20875;42432;1.514
42571;43179;1.066
16178;42432;2.394
