23893;24122;1.317
58656;58717;1.343
24323;58717;1.305
23893;9230;1.244
17806;24323;1.341
23956;23991;1.299
132106;38712;1.412
45951;9441;1.221
24556;45951;1.245
132442;38071;0.924
132442;38031;1.381
17494;24342;1.475
58682;58688;1.421
58688;58923;1.267
38712;58945;1.427
58688;58691;1.372
38712;58672;1.411
23923;58668;1.474
132267;58599;1.495
24323;9230;1.241
23923;58629;1.470
38071;58668;1.206
132602;58599;1.391
38071;58629;1.305
58688;58699;1.173
45273;58599;1.417
24556;9230;1.274
56264;58587;1.445
58699;58715;1.356
55828;58599;1.438
23688;58587;1.460
58699;58717;1.357
58629;58782;1.443
58599;58715;1.392
58629;58704;1.447
58599;58717;1.393
23893;58599;1.388
24342;58923;1.425
132106;17494;1.318
24342;58691;1.448
23688;23893;1.115
132602;45588;1.081
132602;45273;1.292
58715;59239;1.372
45273;45588;1.223
132106;58599;1.393
17469;58668;1.131
23688;9441;0.968
9230;9441;1.241
58691;58803;1.323
38031;9230;1.346
17469;58629;1.311
133439;45951;1.221
24342;58656;1.429
24342;58616;1.463
132267;59249;1.486
24342;58699;1.437
45951;58782;1.426
38026;58682;1.388
38026;58601;1.305
56264;9441;0.924
132442;58682;1.424
132442;58601;1.357
45951;58704;1.375
132267;38026;1.445
38026;58688;1.128
23893;45588;1.100
23893;45273;1.216
132442;58688;1.173
17494;59239;1.425
55828;59249;1.332
56264;59239;1.129
45951;55828;1.394
132602;38026;1.226
24556;58587;1.447
133439;9230;1.241
132267;24556;1.447
38712;45588;1.396
38712;45273;1.416
132106;55828;1.384
38031;58923;1.408
58656;9230;1.307
38031;58691;1.367
132442;23991;1.140
132602;24556;1.227
38026;9230;1.243
23991;45951;1.221
58668;59249;1.382
58616;59249;1.370
38031;58656;1.263
38031;58616;1.415
132442;23956;1.289
38031;58699;1.381
132106;59249;1.384
24122;58599;1.422
23893;38026;1.001
17469;23893;1.013
132442;23688;1.219
58945;59239;0.924
23893;24556;1.051
132267;58945;1.453
23923;58782;1.467
132267;58672;1.460
17806;58682;1.405
23923;58704;1.445
17806;58601;1.345
38071;58782;1.321
24556;59239;1.131
132602;58945;1.302
132602;58672;0.925
45273;58945;1.272
17469;9441;0.924
133439;58587;1.429
58672;9441;0.925
45273;58672;1.292
38071;58704;1.369
17806;58688;1.406
55828;58945;1.407
55828;58672;1.383
38712;58715;1.440
38712;9230;1.435
38712;58717;1.441
58782;9230;1.427
58672;58945;1.302
56264;58668;1.130
24122;59249;1.373
56264;58629;1.308
23688;58668;1.322
23991;24342;1.424
133439;23893;0.938
23956;56264;1.261
23893;58945;1.200
23688;58629;1.291
38026;38071;1.048
23893;58672;1.253
38026;38031;1.343
58668;58945;1.095
58616;58945;1.000
24122;38026;1.310
132106;24122;1.393
58668;58672;1.297
58616;58672;1.317
23923;9230;1.433
132106;58945;1.304
17469;58782;1.317
132106;58672;0.929
132106;17806;1.418
17469;58704;1.326
24122;24556;1.308
23991;58587;1.454
58691;58923;1.392
132602;9441;0.925
58923;59239;1.267
17494;58587;1.501
58803;58945;1.273
45588;58803;1.144
133439;59239;0.924
23991;9230;1.262
58691;58699;1.356
23688;38712;1.343
23956;9441;1.039
132267;45588;1.441
132267;45273;1.417
45951;58599;1.429
17494;23893;1.381
24556;58668;1.139
24556;58629;1.308
132267;24323;1.387
23923;38712;1.468
24122;58945;1.208
24122;58672;1.392
38071;38712;1.401
132602;24323;0.925
58629;59249;1.429
23956;58803;1.288
17806;38071;1.393
23991;59239;1.214
17806;38031;1.370
58587;58803;1.459
132267;17469;1.446
24342;45951;1.447
58715;58782;1.434
58656;58682;1.409
24323;58682;1.382
58782;58803;1.393
24323;58601;1.305
132106;45588;1.085
132106;45273;1.294
132106;132267;1.461
132602;17469;1.233
23893;24323;0.938
58682;58803;1.396
58656;58688;1.299
24323;58688;0.924
132442;56264;1.049
45951;59249;1.390
132267;133439;1.387
17469;38712;1.392
132267;58715;1.487
132267;58717;1.488
59249;9441;1.286
133439;58668;0.908
132602;58715;1.386
133439;58629;1.103
56264;58782;1.328
23923;58599;1.480
45273;58715;1.414
132602;58717;1.387
23688;58782;1.400
45273;58717;1.415
56264;58704;1.327
55828;58715;1.364
132106;38026;1.228
38071;58599;1.402
55828;58717;1.365
38031;45951;1.401
23688;58704;1.352
58601;59239;1.373
45588;56264;1.151
58599;58682;1.444
58672;58715;1.386
58629;58945;1.365
58599;58601;1.393
23688;55828;1.313
132106;24556;1.229
58629;58672;1.366
58672;58717;1.387
23893;58715;1.322
58599;58688;1.392
24122;45588;1.379
24122;45273;1.365
23893;58717;1.322
58668;58715;1.391
58616;58715;1.388
58803;9230;1.292
58668;58717;1.392
58616;58717;1.389
132106;58715;1.387
23688;59249;1.342
132442;133439;0.924
23923;55828;1.436
132106;58717;1.388
24122;24323;1.207
23991;58668;1.216
133439;38712;1.330
17469;17494;1.386
23991;58629;1.257
38071;55828;1.377
17469;58599;1.375
17494;58668;1.428
45588;58923;1.235
45588;58691;1.376
17494;58629;1.420
24342;58587;1.511
38026;58803;1.112
23923;59249;1.439
17806;23991;1.351
58599;9441;1.326
45951;58945;1.324
45951;58672;1.351
132442;58803;1.196
45588;58656;1.244
24556;58782;1.325
45588;58616;1.308
38071;59249;1.332
45588;58699;1.195
17806;23956;1.446
58688;59239;0.924
24556;58704;1.341
17806;23688;1.359
24323;38071;0.924
45273;9441;1.063
24323;38031;1.332
17469;55828;1.342
24122;58715;1.406
23956;58923;1.262
23956;58691;1.415
17494;38712;1.470
24122;58717;1.407
58601;58668;1.392
133439;17494;1.306
38031;58587;1.501
58601;58629;1.442
58587;58923;1.469
17469;59249;1.302
58587;58691;1.476
23956;58656;1.322
23956;58616;1.317
23688;24122;1.381
23956;58699;1.289
58782;58923;1.371
24342;59239;1.457
58587;58656;1.477
58587;58616;1.442
58587;58699;1.452
38071;9230;1.303
58682;58923;1.443
58682;58691;1.390
23923;24122;1.464
133439;58782;1.220
23923;58945;1.462
23923;58672;1.462
17806;58803;1.350
133439;58704;1.326
58682;58699;1.424
38071;58945;1.173
38071;58672;1.251
38712;58682;1.466
58715;9441;1.303
38712;58601;1.441
133439;55828;1.293
24122;9441;1.207
38712;58688;1.427
58616;9441;1.000
38031;59239;1.414
56264;58599;1.372
24556;38712;1.399
38026;56264;0.925
23688;58599;1.396
132106;24323;0.929
58629;58715;1.441
23991;58782;1.365
17469;24122;1.299
58629;58717;1.442
17469;58945;1.116
23991;58704;1.350
17469;58672;1.233
17494;58782;1.471
17469;17806;1.352
17494;58704;1.435
58715;59249;1.352
23956;24342;1.468
132106;17469;1.235
38026;58923;1.232
17494;55828;1.414
38026;58691;1.303
24342;58668;1.477
23688;45588;1.169
23688;45273;1.262
132267;38071;1.445
132442;58923;1.210
132267;38031;1.493
24342;58629;1.466
132442;58691;1.356
58717;58803;1.325
45951;58715;1.375
38026;58656;1.158
132602;38071;1.251
38026;58616;1.173
132106;9230;1.374
132602;38031;1.385
45951;58717;1.375
38026;58699;1.048
132442;58656;1.244
17494;59249;1.417
132442;58616;1.206
132442;58699;0.924
56264;59249;1.292
23923;45588;1.452
23923;45273;1.470
24556;58599;1.373
38071;45588;1.195
38071;45273;1.275
58704;9230;1.367
58601;58782;1.435
17494;9230;1.402
133439;24122;1.207
132442;45951;1.303
23688;38026;1.138
58601;58704;1.328
23893;38071;1.115
23893;38031;1.344
17806;56264;1.343
132442;23923;1.433
133439;17806;1.341
38031;58668;1.437
23688;24556;1.168
38031;58629;1.436
24342;9441;1.398
58704;58803;1.347
58688;9441;0.924
58629;9441;1.103
23923;38026;1.435
58945;59249;1.369
58656;58803;1.103
24323;58803;0.924
58715;58945;1.372
58691;59239;1.372
24556;55828;1.346
45588;45951;1.292
23923;24556;1.439
17469;45273;1.239
17469;45588;1.160
23991;38712;1.383
132267;58682;1.504
132267;58601;1.488
17806;58923;1.415
17806;58691;1.343
24556;59249;1.304
23923;58715;1.445
132602;58682;1.438
132267;58688;1.453
58587;59239;1.429
23923;58717;1.446
17494;24122;1.442
132602;58601;1.387
58688;58782;1.223
45273;58682;1.449
17806;58656;1.356
45273;58601;1.415
17806;58616;1.421
133439;58599;1.326
38071;58715;1.356
17806;58699;1.393
56264;58945;1.129
55828;58682;1.407
38031;38712;1.443
58688;58704;1.377
56264;58672;1.226
55828;58601;1.365
38071;58717;1.357
132602;58688;1.302
23688;58945;1.283
17494;17806;1.424
45273;58688;1.272
23688;58672;1.219
58699;58803;1.196
17469;38026;0.936
132442;24342;1.437
55828;58688;1.407
58672;58682;1.438
24122;38071;1.327
24122;38031;1.418
58599;58803;1.394
23956;45951;1.397
58668;9230;1.368
23893;58682;1.391
132602;23991;1.261
23893;58601;1.322
17469;24556;0.984
58672;58688;1.302
58668;58682;1.442
58616;58682;1.421
132106;58682;1.439
23893;58688;1.200
132106;58601;1.388
132602;23956;1.279
58717;9230;1.345
58668;58688;1.095
58616;58688;1.000
17469;58715;1.312
24342;58782;1.479
132106;58688;1.304
17469;58717;1.314
132602;23688;1.219
23991;58599;1.389
24342;58704;1.457
58923;59249;1.390
23893;23991;0.973
17494;58599;1.446
133439;59249;1.286
58717;58923;1.394
23893;23956;1.292
24556;58945;1.131
58601;9230;1.345
45588;58587;1.472
24556;58672;1.227
133439;38026;0.924
132267;132442;1.445
24323;56264;0.924
133439;24556;0.924
23991;55828;1.343
38031;58782;1.463
17494;45588;1.306
17494;45273;1.414
24122;58682;1.420
24122;58601;1.407
132442;59239;1.173
59239;9441;0.924
38031;58704;1.389
24122;58688;1.208
23991;59249;1.308
58704;58923;1.408
38031;55828;1.341
23688;24323;0.968
23956;58587;1.487
58656;58923;1.293
24323;58923;0.924
58656;58691;1.342
24323;58691;1.303
23893;9441;0.938
17494;38026;1.383
58923;58945;1.267
38026;45951;1.224
23923;24323;1.426
24323;58656;1.103
45588;59239;1.293
24323;58616;1.000
58715;58717;1.305
58656;58699;1.244
24323;58699;0.924
133439;58945;0.924
133439;58672;0.925
17494;24556;1.381
24342;38712;1.399
24323;9441;0.000
38712;58803;1.342
132106;38071;1.253
132106;38031;1.404
58699;58923;1.210
56264;58715;1.303
24556;9441;0.924
24556;45588;1.164
24556;45273;1.241
56264;58717;1.305
23688;58715;1.333
58601;59249;1.353
45588;9230;1.340
58599;58923;1.415
23688;58717;1.334
58599;58691;1.392
17806;9230;1.341
58629;58682;1.474
23956;59239;1.299
23991;24122;1.328
17469;24323;0.924
58599;58656;1.408
58699;9230;1.303
58599;58616;1.403
23991;58945;1.214
58599;58699;1.402
23991;58672;1.261
58629;58688;1.365
17494;58945;1.425
17494;58672;1.315
24556;38026;0.978
58782;59239;1.223
38031;9441;1.332
58691;58782;1.434
58682;9230;1.402
132267;23991;1.436
132267;56264;1.445
58691;58704;1.326
58682;59239;1.421
17806;45951;1.374
24342;58599;1.482
45951;58682;1.417
45951;58601;1.375
132267;23956;1.467
132602;56264;1.226
17806;23923;1.443
45273;56264;1.246
45588;58668;1.278
38026;58587;1.445
132267;9230;1.481
58688;59249;1.369
45951;58688;1.324
45588;58629;1.274
24556;58715;1.323
132442;58587;1.452
132267;23688;1.443
133439;45588;0.925
133439;45273;1.063
58691;9230;1.343
133439;9441;0.000
24556;58717;1.324
133439;24323;0.000
58656;9441;1.103
58601;58945;1.373
38026;9441;0.924
58601;58672;1.387
23893;56264;1.001
132442;23893;1.115
24342;55828;1.429
132106;23991;1.263
38712;56264;1.388
38031;58599;1.438
23956;58668;1.315
133439;17469;0.924
132106;23956;1.280
23956;58629;1.385
24342;59249;1.440
23991;45588;1.122
23991;45273;1.221
58587;58668;1.447
132106;23688;1.221
58587;58629;1.484
17806;24342;1.447
58587;9230;1.481
38026;59239;1.128
132267;58803;1.443
58923;9230;1.369
23923;58682;1.466
23923;58601;1.446
133439;58715;1.303
17494;24323;1.306
38712;58923;1.384
132602;58803;1.201
133439;58717;1.305
58704;59239;1.377
38712;58691;1.440
38071;58682;1.424
45273;58803;1.255
38071;58601;1.357
23923;58688;1.462
58688;58945;0.924
38712;9441;1.330
17806;58587;1.498
55828;58803;1.290
58656;59239;1.299
38712;58656;1.382
38071;58688;1.173
38712;58616;1.434
23991;38026;1.032
58782;9441;1.220
38712;58699;1.401
132442;9230;1.303
23956;38712;1.433
24122;56264;1.311
58672;58803;1.201
38031;59249;1.337
23991;24556;1.071
23893;58803;1.088
23923;9441;1.426
58668;58803;1.316
58616;58803;1.302
132106;58803;1.202
17469;58682;1.391
23991;58715;1.331
17469;58601;1.314
24323;45951;1.221
23991;58717;1.331
24342;58945;1.457
24342;58672;1.450
17494;58715;1.424
17469;58688;1.116
17494;58717;1.424
45588;58782;1.389
23991;9441;0.973
45588;58704;1.396
17806;59239;1.406
59239;59249;1.369
38026;58668;1.129
132267;132602;1.460
38026;58629;1.308
132442;58668;1.206
132442;58629;1.305
23688;38071;1.219
23688;38031;1.351
38031;58945;1.414
24122;58803;1.373
38031;58672;1.402
55828;9230;1.330
58601;58715;1.305
23956;58782;1.418
58601;58717;1.305
23923;38071;1.433
23923;38031;1.448
23956;58704;1.424
58587;58782;1.469
24323;24342;1.398
58945;9230;1.340
55828;56264;1.332
58587;58704;1.477
23956;55828;1.437
132442;38712;1.401
58691;59249;1.352
58682;58782;1.461
132267;58923;1.387
132267;58691;1.487
45951;56264;1.224
24323;58587;1.429
58682;58704;1.400
24342;45588;1.440
24342;45273;1.453
58717;59239;1.373
132602;58923;1.302
45951;9230;1.362
132267;58656;1.467
132602;58691;1.386
45273;58923;1.208
132267;58616;1.462
132106;56264;1.228
58587;59249;1.490
45273;58691;1.414
132267;58699;1.445
55828;58923;1.390
55828;58691;1.364
17806;58668;1.432
17469;38071;1.037
17469;38031;1.353
132602;58656;1.273
56264;58682;1.388
17806;58629;1.452
132602;58616;1.310
58688;58715;1.372
56264;58601;1.305
45273;58656;1.324
132602;58699;1.251
45273;58616;1.294
23688;58682;1.400
58688;58717;1.373
45273;58699;1.275
23688;58601;1.334
55828;58656;1.336
58672;58923;1.302
55828;58616;1.407
58672;58691;1.386
56264;58688;1.129
55828;58699;1.377
23688;58688;1.283
23893;58923;1.216
132106;133439;0.929
24342;38026;1.425
23893;58691;1.322
132602;45951;1.351
58629;58803;1.289
23991;24323;0.973
58668;58923;1.321
58616;58923;1.296
45273;45951;1.338
58668;58691;1.391
58616;58691;1.388
58672;58699;1.251
132106;58923;1.304
132602;23923;1.454
132106;58691;1.387
58803;9441;0.924
23893;58656;1.163
132442;17494;1.397
38031;45588;1.379
38031;45273;1.433
23893;58616;1.237
24342;24556;1.433
23893;58699;1.115
58616;58656;1.327
23688;23991;1.115
58668;58699;1.206
58616;58699;1.206
132106;58656;1.274
132106;58616;1.318
24323;59239;0.924
132106;58699;1.253
23688;23956;1.308
58691;58945;1.372
24342;58715;1.448
23893;45951;1.221
58803;58923;1.222
23688;9230;1.306
24342;58717;1.448
38026;58782;1.327
23956;24122;1.409
23923;23991;1.434
133439;38071;0.924
23893;23923;1.433
133439;38031;1.332
132442;58782;1.321
45951;58803;1.265
38026;58704;1.326
38712;45951;1.422
17806;23893;1.342
56264;9230;1.243
23923;23956;1.492
132442;58704;1.369
24556;58682;1.382
24556;58601;1.324
45588;58599;1.402
132442;55828;1.377
24556;58688;1.131
132267;24342;1.472
58699;59239;1.173
24122;58923;1.369
24122;58691;1.406
132602;24342;1.449
58599;59239;1.392
132442;59249;1.332
38031;58715;1.367
24122;58656;1.394
38031;58717;1.368
24122;58616;1.208
24122;58699;1.327
17469;23991;1.041
45588;55828;1.359
17494;38071;1.397
23956;58599;1.436
17494;38031;1.434
17469;23956;1.265
38071;9441;0.924
23893;24342;1.424
58587;58599;1.485
17469;23688;1.147
45588;59249;1.355
58656;58668;1.341
24323;58668;0.908
133439;58682;1.382
24323;58629;1.103
23923;58803;1.439
17806;58782;1.462
133439;58601;1.305
17806;58704;1.367
38071;58803;1.196
133439;58688;0.924
17469;9230;1.254
58672;9230;1.373
38712;58587;1.503
38026;38712;1.388
133439;23991;0.973
132442;132602;1.251
132442;24122;1.327
58629;58923;1.313
132602;133439;0.925
58629;58691;1.441
23956;59249;1.419
133439;23956;1.039
132602;59239;1.302
132442;17806;1.393
45273;59239;1.272
58629;58656;1.350
58599;58668;1.388
23991;58682;1.395
24556;38071;1.065
23991;58601;1.331
58629;58699;1.305
58599;58629;1.458
24556;38031;1.355
133439;23688;0.968
17469;58803;1.123
23956;38026;1.261
24122;24342;1.467
17494;58682;1.453
23991;58688;1.214
17494;58601;1.424
58782;59249;1.434
58672;59239;1.302
23956;24556;1.264
17494;58688;1.425
132267;45951;1.472
58682;59249;1.404
132602;9230;1.372
58691;58715;1.303
45588;58945;1.293
23893;59239;1.200
45951;58923;1.341
45588;58672;1.081
58691;58717;1.305
45951;58691;1.375
132267;23923;1.506
58717;58782;1.435
132106;9441;0.929
45951;58656;1.272
38712;59239;1.427
17494;23991;1.385
45951;58616;1.348
45951;58699;1.303
38026;58599;1.371
23956;9230;1.403
132442;58599;1.402
23688;56264;1.138
17494;23956;1.428
58704;9441;1.326
17494;9441;1.306
17806;38712;1.448
58803;59239;1.273
58601;58682;1.391
17494;23688;1.386
23923;56264;1.435
23956;58945;1.299
132106;45951;1.353
58601;58688;1.373
23956;58672;1.279
38071;56264;1.049
58704;58782;1.439
132106;23923;1.464
58587;58945;1.429
58587;58672;1.474
132442;45588;1.195
132442;45273;1.275
38026;55828;1.332
58656;58782;1.414
24323;58782;1.220
58782;58945;1.223
58715;58803;1.323
58656;58704;1.365
24323;58704;1.326
58682;58945;1.421
38026;59249;1.292
23923;58923;1.464
23923;58691;1.445
38071;58923;1.210
38071;58691;1.356
58704;59249;1.374
23923;58656;1.449
132267;58587;1.516
23991;38071;1.140
23923;58616;1.462
17469;56264;0.937
59249;9230;1.295
23991;38031;1.354
23923;58699;1.433
132442;38026;1.048
58656;59249;1.280
56264;58803;1.111
38071;58656;1.244
17806;58599;1.426
38071;58616;1.206
132602;58587;1.474
38071;58699;0.924
23688;58803;0.970
58699;58782;1.321
45273;58587;1.472
38712;58668;1.451
24122;45951;1.410
38712;58629;1.444
132442;24556;1.065
55828;58587;1.497
58699;58704;1.369
58599;58782;1.446
38031;38071;1.381
58668;9441;0.909
132106;24342;1.451
58599;58704;1.401
132602;23893;1.253
17469;58923;1.235
17469;58691;1.312
58717;9441;1.305
23893;58587;1.453
23956;45588;1.309
23956;45273;1.357
132106;58587;1.475
17469;58656;1.170
17806;55828;1.362
24342;58682;1.470
17469;58616;1.162
24342;58601;1.448
17469;58699;1.037
23956;24323;1.039
133439;56264;0.924
24342;58688;1.457
132267;59239;1.453
38026;58945;1.128
38026;58672;1.226
132442;58945;1.173
17806;59249;1.362
45588;58715;1.376
132442;58672;1.251
58601;9441;1.305
58599;9230;1.415
45588;58717;1.377
24556;58803;1.151
24323;38712;1.330
55828;59239;1.407
45273;9230;1.391
38031;58682;1.412
38031;58601;1.368
58668;59239;1.095
58616;59239;1.000
38031;58688;1.414
24122;58587;1.455
132106;59239;1.304
23956;58715;1.415
132106;132442;1.253
23956;58717;1.416
17494;56264;1.383
58587;58715;1.476
58715;58923;1.392
58587;58717;1.476
133439;58803;0.924
17806;24122;1.421
24323;58599;1.326
58682;58715;1.390
17806;58945;1.406
58717;59249;1.353
17806;58672;1.418
58682;58717;1.391
38712;58782;1.450
132267;58668;1.463
132267;58629;1.456
56264;58923;1.232
38026;45588;1.150
38026;45273;1.246
56264;58691;1.303
38712;58704;1.449
58715;9230;1.343
23688;58923;1.238
23688;58691;1.333
132602;58668;1.297
45273;58668;1.300
132602;58629;1.366
45588;9441;0.925
24342;38071;1.437
56264;58656;1.158
45273;58629;1.323
24342;38031;1.445
56264;58616;1.174
55828;58668;1.432
132442;24323;0.924
58616;9230;1.363
56264;58699;1.049
24122;59239;1.208
17806;9441;1.341
23688;58656;1.127
55828;58629;1.407
23688;58616;1.311
23688;58699;1.219
58699;9441;0.924
24323;55828;1.293
24556;56264;0.979
23991;58803;1.111
23893;58668;1.201
23688;45951;1.267
23893;58629;1.257
58616;58668;1.152
17494;58803;1.356
132267;38712;1.444
132442;17469;1.037
58682;9441;1.382
58616;58629;1.391
24323;59249;1.286
132106;58668;1.299
23688;23923;1.439
132106;58629;1.368
132602;38712;1.410
23923;45951;1.443
132267;23893;1.436
38071;45951;1.303
58717;58945;1.373
38026;58715;1.303
24556;58923;1.244
24556;58691;1.323
132267;9441;1.387
38026;58717;1.305
132442;58715;1.356
58691;9441;1.303
132442;58717;1.357
45951;58587;1.477
24556;58656;1.195
24556;58616;1.172
17806;45588;1.397
17806;45273;1.434
24556;58699;1.065
23893;38712;1.382
58699;59249;1.332
58601;58803;1.325
58599;59249;1.423
58629;59239;1.365
132267;17494;1.489
24122;58668;1.281
17469;45951;1.224
23688;24342;1.411
24122;58629;1.427
132106;23893;1.254
58704;58945;1.377
17469;23923;1.434
132602;17494;1.315
24342;9230;1.435
17806;38026;1.343
58688;9230;1.340
58629;9230;1.402
24342;56264;1.425
58656;58945;1.299
24323;58945;0.924
58656;58672;1.273
24323;58672;0.925
23923;24342;1.468
58587;9441;1.429
17806;24556;1.363
58923;9441;0.924
133439;58923;0.924
132267;58782;1.469
133439;58691;1.303
45951;59239;1.324
132267;58704;1.490
132602;58782;1.393
23991;56264;1.032
133439;58656;1.103
45273;58782;1.389
133439;58616;1.000
17806;58715;1.343
133439;58699;0.924
23923;58587;1.508
132267;55828;1.486
132602;58704;1.400
17806;58717;1.345
58688;58803;1.273
55828;58782;1.456
45273;58704;1.417
24122;38712;1.460
132442;9441;0.924
55828;58704;1.387
38071;58587;1.452
132602;55828;1.371
58699;58945;1.173
45273;55828;1.415
38712;58599;1.472
58672;58782;1.399
38031;56264;1.343
58599;58945;1.392
58672;58704;1.400
58599;58672;1.392
23893;58782;1.358
133439;23923;1.426
17469;24342;1.428
58668;58782;1.316
58616;58782;1.223
23956;38071;1.289
132602;59249;1.363
23991;58923;1.227
23956;38031;1.445
23893;58704;1.345
45273;59249;1.407
23991;58691;1.331
132106;58782;1.400
58668;58704;1.402
58616;58704;1.393
58629;58668;1.297
132106;58704;1.401
17494;58923;1.421
23893;55828;1.332
17494;58691;1.424
23991;58656;1.180
23688;59239;1.283
23991;58616;1.249
23991;58699;1.140
24342;58803;1.411
17469;58587;1.443
58672;59249;1.383
17494;58656;1.388
24122;9230;1.364
17494;58616;1.436
38712;55828;1.429
17494;58699;1.397
23893;59249;1.294
45588;58682;1.427
45588;58601;1.377
23923;59239;1.462
24323;45588;0.925
24323;45273;1.063
45588;58688;1.293
38071;59239;1.173
17494;45951;1.428
38712;59249;1.439
45951;58668;1.346
45951;58629;1.366
17494;23923;1.477
133439;24342;1.398
58601;58923;1.394
132267;24122;1.480
58803;59249;1.266
58601;58691;1.305
24122;58782;1.318
55828;9441;1.293
38031;58803;1.263
24323;38026;0.924
24122;58704;1.411
132602;24122;1.386
132267;17806;1.496
58601;58656;1.343
59239;9230;1.340
58601;58616;1.389
23956;58682;1.463
58601;58699;1.357
23956;58601;1.416
132106;132602;0.929
24122;55828;1.409
58945;9441;0.924
132602;17806;1.418
17469;59239;1.116
24323;24556;0.924
58587;58682;1.490
23956;58688;1.299
58587;58601;1.476
58704;58715;1.326
58704;58717;1.328
58587;58688;1.429
58656;58715;1.342
24323;58715;1.303
