8201;9031;1.508
49964;6774;1.521
49964;5488;1.469
13088;8201;1.484
39923;8201;1.512
34144;49677;1.458
21175;39923;1.519
34762;49964;1.478
2611;5432;1.524
2611;41008;1.507
31669;39923;1.457
12392;2611;1.529
48408;6848;1.403
47537;5488;1.428
41008;43751;1.419
39923;6774;1.532
39923;5488;1.491
39923;49964;1.526
28747;41008;1.335
28707;41008;1.359
13088;9031;1.510
39923;9031;1.525
34144;50156;1.387
31669;43751;1.337
21175;49677;1.482
21175;47537;1.480
41008;56799;1.135
2611;48408;1.494
48408;50857;1.322
31669;47537;1.442
12392;28747;1.501
28747;48408;1.095
28707;48408;1.311
28707;30961;1.512
2611;49677;1.517
30961;48408;1.474
28707;49964;1.484
50857;6848;1.481
50156;50857;1.427
48408;56799;1.134
34762;9208;1.474
31669;5432;1.451
28747;49677;1.358
13088;59547;1.483
49677;5432;1.488
41008;6848;1.403
30961;49677;1.496
28747;5432;1.450
21175;41008;1.427
34144;49964;1.482
2611;50156;1.507
49677;56799;1.444
43751;50857;1.449
34144;5432;1.460
34144;34762;1.455
28747;50156;1.292
28707;50156;1.433
5488;56799;1.336
50156;6848;1.456
39923;59547;1.500
34762;8201;1.419
30961;50156;1.478
21175;48408;1.375
21175;30961;1.523
13088;6774;1.519
13088;5488;1.382
13088;31669;1.459
13088;2611;1.523
21175;49964;1.488
48408;9208;1.340
31669;48408;1.103
49964;59547;1.486
41008;49677;1.416
41008;47537;1.393
34762;6774;1.506
34762;5488;1.390
30961;6848;1.525
30961;41008;1.497
2611;30961;1.527
34762;9031;1.509
31669;49677;1.359
2611;49964;1.524
13088;28707;1.457
47537;50857;1.469
43751;9208;1.482
5488;9208;1.409
28747;30961;1.491
48408;8201;1.357
28747;49964;1.470
2611;34762;1.518
21175;50156;1.450
12392;5432;1.487
30961;49964;1.527
28707;5432;1.469
5432;9208;1.469
50857;9208;1.468
34144;59547;1.452
28747;34762;1.417
28707;34762;1.474
12392;50857;1.506
9031;9208;1.514
43751;8201;1.488
41008;9208;1.394
30961;34762;1.511
5488;8201;1.425
48408;9031;1.449
31669;41008;1.337
12392;13088;1.490
34762;59547;1.482
50156;56799;1.344
43751;6774;1.523
43751;5488;1.432
5488;6774;1.507
5432;8201;1.487
41008;48408;0.923
5432;56799;1.437
43751;9031;1.493
41008;49964;1.468
12392;21175;1.512
5488;9031;1.480
5432;6774;1.517
5432;5488;1.335
43751;56799;1.455
31669;49964;1.470
13088;28747;1.459
2611;59547;1.504
21175;34762;1.480
5432;9031;1.510
49964;5432;1.509
50857;9031;1.513
31669;34762;1.417
59547;6848;1.502
56799;6848;1.426
41008;9031;1.484
28707;59547;1.485
41008;50156;1.274
21175;6848;1.502
13088;50857;1.427
48408;49677;1.287
47537;5432;1.484
39923;5432;1.511
31669;50156;1.292
2611;31669;1.499
49677;49964;1.479
48408;6774;1.494
48408;5488;0.924
47537;56799;1.420
34144;6848;1.415
2611;6848;1.524
28707;31669;1.435
13088;21175;1.472
6848;9208;1.488
2611;28707;1.523
21175;59547;1.464
12392;56799;1.498
50857;8201;1.479
50156;9208;1.437
49964;50857;1.477
49677;50156;1.365
43751;47537;1.479
41008;8201;1.441
12392;34144;1.500
6774;6848;1.526
50857;6774;1.518
50857;5488;1.388
30961;9208;1.525
6848;8201;1.488
41008;6774;1.511
41008;5488;1.245
21175;31669;1.440
50156;8201;1.443
48408;49964;1.430
31669;6848;1.471
28747;59547;1.321
56799;9208;1.414
49677;6848;1.491
30961;59547;1.514
28747;6848;1.471
13088;5432;1.455
6848;9031;1.520
50156;6774;1.514
30961;8201;1.521
12392;39923;1.532
34762;5432;1.459
21175;28707;1.486
50156;9031;1.494
34762;50857;1.473
50857;56799;1.450
30961;6774;1.536
30961;5488;1.502
28747;31669;1.104
2611;28747;1.499
13088;56799;1.415
12392;43751;1.519
48408;50156;0.924
39923;50857;1.514
30961;31669;1.491
43751;48408;1.281
30961;9031;1.522
13088;34144;1.430
12392;47537;1.500
41008;59547;1.414
28707;28747;1.435
43751;49677;1.445
31669;59547;1.323
56799;9031;1.499
6774;9208;1.517
12392;6848;1.510
49964;56799;1.481
47537;6848;1.452
28707;6848;1.449
47537;48408;1.361
43751;5432;1.492
43751;50156;1.410
12392;41008;1.485
13088;39923;1.514
59547;9208;1.479
31669;9208;1.451
49677;9208;1.483
34144;50857;1.437
28747;9208;1.451
21175;9208;1.487
21175;28747;1.440
50156;5488;1.262
49677;59547;1.439
47537;49677;1.453
13088;43751;1.484
6774;8201;1.518
34144;9208;1.461
13088;47537;1.464
12392;48408;1.471
2611;9208;1.520
59547;8201;1.485
56799;8201;1.457
31669;8201;1.433
49677;8201;1.462
47537;50156;1.439
28747;8201;1.433
21175;8201;1.493
12392;49677;1.510
6774;9031;1.533
43751;49964;1.488
59547;6774;1.522
56799;6774;1.514
34762;56799;1.437
49964;6848;1.505
34144;8201;1.465
2611;50857;1.522
21175;6774;1.518
21175;5488;1.442
59547;9031;1.493
48408;5432;1.335
39923;56799;1.483
31669;9031;1.478
2611;8201;1.521
49677;9031;1.512
28747;9031;1.478
21175;9031;1.512
12392;50156;1.501
34144;6774;1.517
28747;50857;1.439
28707;50857;1.465
48408;59547;1.262
39923;6848;1.518
30961;50857;1.521
2611;6774;1.530
2611;5488;1.511
34144;9031;1.511
47537;49964;1.484
2611;9031;1.512
13088;48408;1.355
50156;59547;1.402
34762;39923;1.488
5488;59547;1.428
50857;5432;1.468
13088;49677;1.490
12392;30961;1.533
41008;5432;1.412
12392;49964;1.519
34762;43751;1.485
34144;56799;1.358
21175;50857;1.454
39923;43751;1.503
34762;47537;1.486
12392;34762;1.518
31669;6774;1.515
31669;5488;1.351
13088;50156;1.440
49677;6774;1.526
49677;5488;1.439
39923;47537;1.522
28747;6774;1.515
28747;5488;1.350
21175;2611;1.520
49964;9208;1.482
13088;41008;1.380
34144;5488;1.370
30961;5432;1.519
13088;6848;1.468
12392;9208;1.502
47537;9208;1.483
28707;9208;1.461
28707;43751;1.486
2611;56799;1.516
34762;6848;1.492
34144;39923;1.503
2611;34144;1.515
13088;30961;1.522
49964;50156;1.473
39923;41008;1.478
28747;56799;1.387
28707;56799;1.389
13088;49964;1.494
34144;43751;1.455
30961;56799;1.501
28747;34144;1.412
28707;34144;1.390
12392;8201;1.512
12392;59547;1.518
5432;59547;1.491
47537;8201;1.468
34762;48408;1.301
34144;47537;1.373
30961;34144;1.513
28707;8201;1.453
13088;34762;1.482
49964;9031;1.523
41008;50857;1.414
43751;59547;1.282
39923;48408;1.420
12392;5488;1.478
12392;6774;1.528
8201;9208;1.471
47537;6774;1.525
34762;49677;1.473
31669;50857;1.439
28707;6774;1.524
28707;5488;1.404
21175;43751;1.466
2611;39923;1.528
12392;9031;1.529
50156;5432;1.432
47537;9031;1.518
39923;49677;1.483
28707;9031;1.507
12392;31669;1.501
21175;56799;1.460
43751;6848;1.503
28747;39923;1.457
28707;39923;1.516
2611;43751;1.506
5488;6848;1.448
34762;50156;1.414
34144;41008;1.314
31669;56799;1.388
30961;39923;1.492
21175;34144;1.452
2611;47537;1.520
13088;9208;1.464
47537;59547;1.476
39923;9208;1.513
39923;50156;1.420
31669;34144;1.412
28747;43751;1.336
12392;28707;1.502
5432;6848;1.492
49677;50857;1.474
34762;41008;1.427
30961;43751;1.516
50857;59547;1.446
49964;8201;1.445
28747;47537;1.442
28707;49677;1.446
28707;47537;1.388
56799;59547;1.450
34144;48408;1.274
30961;47537;1.518
21175;5432;1.492
