8201;9031;2.173
49964;6774;2.638
49964;5488;1.870
13088;8201;1.924
39923;8201;2.306
34144;49677;1.811
21175;39923;2.273
34762;49964;2.022
2611;5432;2.479
2611;41008;2.409
31669;39923;2.051
12392;2611;2.562
48408;6848;1.738
47537;5488;1.730
41008;43751;1.621
39923;6774;2.721
39923;5488;2.072
39923;49964;2.332
28747;41008;1.438
28707;41008;1.554
13088;9031;2.276
39923;9031;2.462
34144;50156;1.552
31669;43751;1.510
21175;49677;1.900
21175;47537;1.829
41008;56799;1.135
2611;48408;2.376
48408;50857;1.407
31669;47537;1.709
12392;28747;2.084
28747;48408;1.095
28707;48408;1.428
28707;30961;2.353
2611;49677;2.442
30961;48408;2.186
28707;49964;1.947
50857;6848;1.996
50156;50857;1.609
48408;56799;1.134
34762;9208;1.846
31669;5432;1.705
28747;49677;1.573
13088;59547;1.846
49677;5432;1.929
41008;6848;1.739
30961;49677;2.317
28747;5432;1.697
21175;41008;1.674
34144;49964;1.969
2611;50156;2.420
49677;56799;1.727
43751;50857;1.751
34144;5432;1.843
34144;34762;1.967
28747;50156;1.356
28707;50156;1.705
5488;56799;1.424
50156;6848;1.875
39923;59547;2.148
34762;8201;1.868
30961;50156;2.207
21175;48408;1.554
21175;30961;2.367
13088;6774;2.611
13088;5488;1.426
13088;31669;1.803
13088;2611;2.470
21175;49964;1.975
48408;9208;1.340
31669;48408;1.103
49964;59547;1.832
41008;49677;1.641
41008;47537;1.598
34762;6774;2.561
34762;5488;1.685
30961;6848;2.479
30961;41008;2.286
2611;30961;2.606
34762;9031;2.228
31669;49677;1.581
2611;49964;2.504
13088;28707;1.798
47537;50857;1.836
43751;9208;1.851
5488;9208;1.511
28747;30961;2.229
48408;8201;1.532
28747;49964;1.821
2611;34762;2.480
21175;50156;1.723
12392;5432;2.001
30961;49964;2.439
28707;5432;1.814
5432;9208;1.727
50857;9208;1.732
34144;59547;1.741
28747;34762;1.763
28707;34762;1.924
12392;50857;2.113
9031;9208;2.272
43751;8201;1.897
41008;9208;1.482
30961;34762;2.358
5488;8201;1.709
48408;9031;1.973
31669;41008;1.449
12392;13088;2.060
34762;59547;1.970
50156;56799;1.444
43751;6774;2.673
43751;5488;1.671
5488;6774;2.561
5432;8201;1.880
41008;48408;0.923
5432;56799;1.693
43751;9031;2.200
41008;49964;1.842
12392;21175;2.129
5488;9031;2.098
5432;6774;2.599
5432;5488;1.350
43751;56799;1.769
31669;49964;1.844
13088;28747;1.796
2611;59547;2.407
21175;34762;2.022
5432;9031;2.222
49964;5432;2.025
50857;9031;2.353
31669;34762;1.786
59547;6848;2.048
56799;6848;1.833
41008;9031;2.118
28707;59547;1.795
41008;50156;1.274
21175;6848;2.047
13088;50857;1.737
48408;49677;1.388
47537;5432;1.918
39923;5432;2.217
31669;50156;1.293
2611;31669;2.394
49677;49964;1.855
48408;6774;2.507
48408;5488;0.924
47537;56799;1.722
34144;6848;1.825
2611;6848;2.532
28707;31669;1.680
13088;21175;1.895
6848;9208;1.978
2611;28707;2.446
21175;59547;1.797
12392;56799;2.113
50857;8201;1.930
50156;9208;1.618
49964;50857;1.886
49677;50156;1.582
43751;47537;1.771
41008;8201;1.728
12392;34144;2.139
6774;6848;2.638
50857;6774;2.573
50857;5488;1.608
30961;9208;2.417
6848;8201;2.073
41008;6774;2.564
41008;5488;1.245
21175;31669;1.797
50156;8201;1.773
48408;49964;1.705
31669;6848;2.028
28747;59547;1.421
56799;9208;1.611
49677;6848;2.051
30961;59547;2.303
28747;6848;2.011
13088;5432;1.693
6848;9031;2.427
50156;6774;2.559
30961;8201;2.452
12392;39923;2.483
34762;5432;1.858
21175;28707;1.898
50156;9031;2.154
34762;50857;1.951
50857;56799;1.769
30961;6774;2.779
30961;5488;2.299
28747;31669;1.133
2611;28747;2.388
13088;56799;1.565
12392;43751;2.164
48408;50156;0.924
39923;50857;2.200
30961;31669;2.231
43751;48408;1.344
30961;9031;2.530
13088;34144;1.765
12392;47537;2.096
41008;59547;1.549
28707;28747;1.659
43751;49677;1.635
31669;59547;1.429
56799;9031;2.172
6774;9208;2.603
12392;6848;2.196
49964;56799;1.951
47537;6848;1.940
28707;6848;1.928
47537;48408;1.512
43751;5432;1.901
43751;50156;1.570
12392;41008;1.994
13088;39923;2.289
59547;9208;1.790
31669;9208;1.756
49677;9208;1.851
34144;50857;1.757
28747;9208;1.746
21175;9208;1.883
21175;28747;1.771
50156;5488;1.262
49677;59547;1.558
47537;49677;1.745
13088;43751;1.897
6774;8201;2.637
34144;9208;1.796
13088;47537;1.849
12392;48408;1.954
2611;9208;2.458
59547;8201;1.845
56799;8201;1.819
31669;8201;1.731
49677;8201;1.858
47537;50156;1.691
28747;8201;1.709
21175;8201;2.029
12392;49677;2.176
6774;9031;2.729
43751;49964;1.890
59547;6774;2.645
56799;6774;2.577
34762;56799;1.867
49964;6848;2.091
34144;8201;1.963
2611;50857;2.473
21175;6774;2.612
21175;5488;1.756
59547;9031;2.166
48408;5432;1.350
39923;56799;2.171
31669;9031;2.039
2611;8201;2.486
49677;9031;2.268
28747;9031;2.032
21175;9031;2.355
12392;50156;2.062
34144;6774;2.609
28747;50857;1.748
28707;50857;1.846
48408;59547;1.262
39923;6848;2.356
30961;50857;2.364
2611;6774;2.768
2611;5488;2.430
34144;9031;2.332
47537;49964;1.925
2611;9031;2.550
13088;48408;1.398
50156;59547;1.492
34762;39923;2.174
5488;59547;1.606
50857;5432;1.759
13088;49677;1.941
12392;30961;2.541
41008;5432;1.563
12392;49964;2.192
34762;43751;2.020
34144;56799;1.589
21175;50857;1.828
39923;43751;2.204
34762;47537;2.055
12392;34762;2.333
31669;6774;2.624
31669;5488;1.439
13088;50156;1.664
49677;6774;2.661
49677;5488;1.722
39923;47537;2.269
28747;6774;2.615
28747;5488;1.426
21175;2611;2.472
49964;9208;1.896
13088;41008;1.423
34144;5488;1.601
30961;5432;2.392
13088;6848;1.956
12392;9208;2.112
47537;9208;1.877
28707;9208;1.740
28707;43751;1.856
2611;56799;2.448
34762;6848;2.143
34144;39923;2.185
2611;34144;2.478
13088;30961;2.395
49964;50156;1.854
39923;41008;2.121
28747;56799;1.610
28707;56799;1.671
13088;49964;2.027
34144;43751;1.806
30961;56799;2.325
28747;34144;1.707
28707;34144;1.715
12392;8201;2.197
12392;59547;2.109
5432;59547;1.850
47537;8201;1.932
34762;48408;1.522
34144;47537;1.615
30961;34144;2.320
28707;8201;1.802
13088;34762;1.962
49964;9031;2.308
41008;50857;1.623
43751;59547;1.347
39923;48408;1.925
12392;5488;1.969
12392;6774;2.735
8201;9208;1.799
47537;6774;2.681
34762;49677;2.009
31669;50857;1.746
28707;6774;2.673
28707;5488;1.627
21175;43751;1.861
2611;39923;2.576
12392;9031;2.493
50156;5432;1.607
47537;9031;2.319
39923;49677;2.192
28707;9031;2.223
12392;31669;2.087
21175;56799;1.824
43751;6848;2.101
28747;39923;2.050
28707;39923;2.290
2611;43751;2.442
5488;6848;1.859
34762;50156;1.721
34144;41008;1.460
31669;56799;1.615
30961;39923;2.283
21175;34144;1.766
2611;47537;2.445
13088;9208;1.721
47537;59547;1.711
39923;9208;2.264
39923;50156;1.928
31669;34144;1.713
28747;43751;1.501
12392;28707;2.145
5432;6848;1.993
49677;50857;1.768
34762;41008;1.769
30961;43751;2.348
50857;59547;1.694
49964;8201;1.801
28747;47537;1.691
28707;49677;1.812
28707;47537;1.664
56799;59547;1.704
34144;48408;1.370
30961;47537;2.327
21175;5432;1.929
