39273;59605;2.315
35313;51375;1.289
31452;5416;1.838
35457;59605;2.298
35313;39273;1.310
35313;35457;1.247
31452;51375;1.291
35313;59605;2.354
31452;35457;1.246
31452;35313;1.376
39273;5416;1.663
35313;5416;1.829
35019;35457;1.254
35019;35313;1.268
31452;59605;2.316
51375;59605;2.344
35019;59605;2.270
31452;35019;1.290
35457;35568;1.560
35457;51375;1.179
35313;35568;1.562
35019;5416;1.757
51375;5416;1.849
35568;51375;1.534
35457;39273;1.242
31452;35568;1.584
35568;39273;1.398
35019;35568;1.492
5416;59605;2.480
39273;51375;1.228
35568;59605;2.423
35019;51375;1.160
31452;39273;1.252
35568;5416;1.902
35457;5416;1.859
35019;39273;1.186
