35518;6775;1.485
42346;44468;1.478
24889;34146;1.466
12387;21232;1.474
48052;48885;1.495
34781;8821;1.537
47506;48885;1.516
31736;35054;1.493
21232;47176;1.509
12651;24889;1.428
41562;61287;1.472
25091;34146;1.519
29655;41913;1.514
20932;25091;1.534
34554;51395;1.476
3303;44468;1.528
198385;20932;1.494
48052;48575;1.421
47506;48575;1.402
197742;29691;1.408
24889;61190;1.369
34146;48038;1.398
15600;6837;1.500
15600;61287;1.511
25091;61190;1.486
197742;29655;1.435
13030;47506;1.551
35518;41562;1.429
28859;50837;1.503
15547;61190;1.500
20932;48971;1.515
48575;513;1.381
29655;34781;1.445
198385;42346;1.417
12387;48885;1.522
12350;15517;1.513
12651;39040;1.316
25091;513;1.505
24889;50837;1.510
12651;58193;1.314
48052;6730;1.516
3291;48052;1.463
31424;34146;1.527
48575;559;1.505
48052;6772;1.500
41913;47506;1.537
39440;48885;1.465
33965;513;1.458
29691;44468;1.503
198385;39440;1.232
12387;48575;1.431
50837;6837;1.495
25091;50837;1.520
1836;48038;1.397
25091;559;1.527
21232;41562;1.513
12651;44911;1.293
48052;6775;1.519
15623;51395;1.492
39440;48575;1.192
33965;559;1.523
15547;33965;1.500
12350;48052;1.517
48038;6730;1.458
41562;47176;1.511
31424;61190;1.490
48038;6772;1.409
41913;8821;1.545
31736;48885;1.501
21040;3303;1.549
12387;15600;1.542
12651;44919;1.486
15547;15623;1.494
12651;61287;1.445
48038;6775;1.370
3303;48038;1.511
31736;6837;1.458
198385;9042;1.408
44911;48052;1.413
34781;47506;1.495
31736;48575;1.467
198385;28859;1.405
198385;9044;1.499
15600;47176;1.522
13030;41622;1.512
6837;9042;1.282
48971;8300;1.445
24889;25091;1.504
31662;3303;1.527
31424;50837;1.527
6837;9044;1.499
513;6837;1.322
39040;48885;1.453
12333;513;1.524
43284;47506;1.412
29691;3303;1.553
198385;21040;1.479
1836;6730;1.526
35054;50837;1.490
33965;44468;1.467
28859;48971;1.476
1836;6772;1.508
39040;48575;1.286
34554;49457;1.441
197742;49457;1.414
15576;8821;1.491
15547;3303;1.538
15517;8821;1.530
12387;20932;1.533
197742;3303;1.523
44468;8300;1.411
1836;6775;1.509
12333;559;1.525
24889;48971;1.410
12333;15517;1.535
61287;6730;1.512
31662;44468;1.491
31424;513;1.490
12651;41913;1.513
61287;6772;1.483
41622;43284;1.475
25091;48971;1.516
21232;24889;1.516
197742;34554;1.434
21040;8300;1.437
15517;43284;1.523
61287;6775;1.493
31424;559;1.533
12387;42346;1.334
15600;41562;1.531
12333;48052;1.541
34781;41622;1.461
21040;31662;1.515
13030;34146;1.532
48971;6730;1.508
39440;42346;1.418
35518;58193;1.409
12387;39440;1.417
48971;6772;1.493
31662;8300;1.430
47176;50837;1.513
12651;34781;1.451
15623;49457;1.475
58193;6837;1.267
48971;6775;1.499
35518;44911;1.355
34554;35054;1.449
197742;35054;1.405
39440;8821;1.475
15623;28859;1.496
29691;8300;1.463
21232;39040;1.468
12387;9042;1.465
31424;48971;1.500
15576;44468;1.481
15547;8300;1.500
12333;31662;1.517
6730;9042;1.507
197742;8300;1.239
12387;9044;1.536
49457;8758;1.505
44468;6730;1.504
31736;42346;1.511
6730;9044;1.525
44468;6772;1.485
35518;44919;1.490
44468;6775;1.504
35054;48971;1.482
29655;9042;1.470
31736;39440;1.453
29691;47506;1.462
198385;48038;0.924
12651;6730;1.498
12387;28859;1.455
29655;9044;1.493
197742;21232;1.472
12651;6772;1.479
44468;61287;1.487
41913;61190;1.512
29655;58193;1.468
13030;50837;1.533
12651;6775;1.399
39040;42346;1.427
29655;44911;1.430
41622;48288;1.346
21232;61287;1.520
21040;61287;1.520
15623;35054;1.412
12387;21040;1.474
12350;47176;1.507
15517;48288;1.490
39040;39440;1.313
31662;6730;1.522
31662;6772;1.454
41913;50837;1.528
34146;8300;1.469
34146;44468;1.484
15600;24889;1.515
47506;8758;1.490
31662;6775;1.474
29655;44919;1.515
44919;47506;1.495
29691;6730;1.546
559;8300;1.486
29691;6772;1.481
20932;33965;1.516
15547;6730;1.530
48038;61287;1.364
47176;48971;1.478
35518;41913;1.518
34554;48885;1.497
15547;6772;1.483
49457;61190;1.400
44911;47176;1.448
29691;6775;1.522
15623;21232;1.508
41562;58193;1.462
15547;6775;1.509
48288;50837;1.496
48575;61190;1.313
34554;48575;1.426
13030;25091;1.533
33965;47506;1.501
6775;8821;1.530
6772;8758;1.482
48885;8300;1.471
43284;61190;1.472
41562;44911;1.441
35054;8821;1.512
29691;41622;1.408
15623;3303;1.553
47506;48038;1.163
34781;50837;1.509
31424;6730;1.551
21232;41913;1.546
15600;39040;1.505
15547;43284;1.534
48885;513;1.478
44468;47176;1.449
41622;8821;1.456
31424;6772;1.492
49457;50837;1.517
15600;58193;1.531
12350;41562;1.502
31662;47506;1.478
31424;6775;1.531
29655;34554;1.477
12651;29691;1.465
48885;559;1.517
48575;50837;1.499
41562;44919;1.453
35054;41622;1.404
21040;47176;1.509
15600;44911;1.498
13030;48971;1.504
43284;50837;1.540
28859;61190;1.413
39040;44468;1.378
34146;6730;1.506
197742;51395;1.434
34146;6772;1.468
15623;48885;1.505
12651;29655;1.440
21232;34781;1.517
21040;34781;1.517
13030;15547;1.536
559;6730;1.533
34146;6775;1.508
12350;3303;1.537
559;6772;1.522
15600;44919;1.538
12387;48038;1.325
15623;48575;1.423
12333;47176;1.537
61190;9042;1.417
47506;6837;1.374
41913;48971;1.516
13030;8758;1.558
559;6775;1.513
15517;31736;1.494
13030;1836;1.535
61190;9044;1.501
39440;48038;0.924
28859;33965;1.489
15517;31424;1.507
33965;41622;1.472
29691;34146;1.518
15576;47506;1.487
15623;8300;1.464
24889;33965;1.438
13030;198385;1.512
48288;48971;1.469
20932;31736;1.521
6772;6837;1.473
41562;41913;1.530
21040;41562;1.513
25091;33965;1.525
3303;9042;1.530
31736;48038;1.406
31662;41622;1.399
20932;31424;1.546
34781;48971;1.445
3303;9044;1.530
15547;48288;1.488
34554;42346;1.486
51395;559;1.512
12350;24889;1.501
15600;41913;1.517
29655;35518;1.475
12333;41562;1.487
48575;48971;1.443
34554;39440;1.404
12350;8300;1.500
43284;48971;1.488
39040;48038;0.949
35054;61190;1.452
34781;513;1.448
15623;20932;1.542
34146;47506;1.492
29691;50837;1.523
12350;31662;1.488
34554;8300;1.464
34781;559;1.512
31424;33965;1.514
44919;61190;1.503
35518;51395;1.475
33965;34146;1.492
15600;34781;1.510
15576;41622;1.363
513;61287;1.447
41562;8300;1.447
12333;9042;1.527
12350;39040;1.503
42346;48971;1.509
12333;9044;1.549
198385;44468;1.384
15623;42346;1.500
197742;28859;1.405
1836;47506;1.511
12651;34554;1.465
31662;34146;1.481
34554;513;1.475
3291;9042;1.306
44919;50837;1.508
28859;31736;1.492
15623;39440;1.381
3291;9044;1.508
21232;29691;1.508
47176;61190;1.423
3291;61287;1.448
21040;24889;1.516
42346;47506;1.433
34554;559;1.507
28859;31424;1.512
24889;31736;1.443
197742;21040;1.472
198385;8821;1.451
43284;8300;1.470
21232;29655;1.513
41622;48052;1.445
29655;51395;1.324
24889;31424;1.494
8300;8821;1.488
6837;8821;1.491
25091;31736;1.523
12350;61287;1.498
44919;8300;1.484
33965;50837;1.520
3303;47506;1.549
29655;29691;1.493
15517;48052;1.494
34146;41622;1.459
25091;9042;1.510
15547;31736;1.502
34554;6730;1.523
25091;31424;1.542
12387;197742;1.403
12333;24889;1.523
34554;6772;1.451
25091;9044;1.524
24889;8758;1.502
20932;43284;1.540
15547;31424;1.502
44468;58193;1.443
34554;6775;1.488
15576;34146;1.503
41562;6730;1.545
31662;50837;1.495
29691;48971;1.494
41562;6772;1.498
21040;39040;1.469
44911;61287;1.386
44468;44911;1.385
13030;3291;1.518
13030;61190;1.508
48885;61287;1.488
34781;8758;1.531
21232;58193;1.372
21232;3303;1.549
21040;58193;1.375
41562;6775;1.513
1836;41622;1.402
21232;44911;1.450
21040;44911;1.452
15623;21040;1.508
48038;9042;1.267
31424;31736;1.512
44468;44919;1.523
12333;39040;1.512
48038;9044;1.480
21040;6730;1.541
3291;47176;1.457
21040;6772;1.526
12651;35518;1.370
12350;41913;1.507
1836;198385;1.401
48038;58193;0.930
13030;33965;1.531
44919;48971;1.517
35518;49457;1.467
21232;44919;1.527
21040;6775;1.480
21040;44919;1.527
3303;41622;1.522
3291;34781;1.452
15576;50837;1.475
44911;8300;1.290
15600;29691;1.513
12387;44468;1.475
13030;15623;1.553
48288;61190;1.410
34554;48038;1.377
12387;8821;1.506
51395;8300;1.439
33965;48971;1.460
1836;9042;1.489
12350;34781;1.519
6730;8821;1.548
39440;44468;1.394
24889;6837;1.373
15600;29655;1.516
12333;61287;1.531
513;559;1.512
34781;61190;1.427
28859;43284;1.479
1836;9044;1.521
21232;8300;1.437
20932;48288;1.511
197742;6730;1.504
197742;48885;1.471
197742;6772;1.440
1836;34146;1.513
12387;12651;1.437
24889;43284;1.489
31662;48971;1.462
197742;6775;1.460
12387;15576;1.513
61287;9042;1.471
41913;8758;1.521
29655;49457;1.466
21232;34554;1.520
21040;34554;1.520
197742;48575;1.265
49457;6837;1.355
3291;41562;1.459
61287;9044;1.517
25091;43284;1.544
31736;44468;1.459
198385;47506;1.445
50837;513;1.508
21040;41913;1.546
12651;15600;1.499
34146;50837;1.523
1836;61190;1.470
15576;25091;1.519
12651;51395;1.440
15623;48038;1.349
50837;559;1.501
3303;34146;1.530
15547;48052;1.514
44911;6730;1.496
28859;3303;1.527
44911;6772;1.455
42346;61190;1.446
12333;41913;1.551
44911;6775;1.461
51395;6730;1.508
1836;50837;1.487
15576;8758;1.493
15517;8758;1.518
51395;6772;1.492
15576;48971;1.453
41562;49457;1.492
3303;61190;1.519
31424;43284;1.507
21232;6730;1.541
51395;6775;1.497
44468;9042;1.469
29655;35054;1.481
21232;6772;1.525
15517;47176;1.446
44468;9044;1.516
24889;3291;1.436
42346;50837;1.541
21232;6775;1.480
35054;43284;1.511
28859;48288;1.409
197742;20932;1.498
12651;9042;1.305
12333;34781;1.537
48885;6730;1.517
20932;9042;1.513
48885;6772;1.510
12651;9044;1.510
20932;9044;1.526
198385;41622;1.093
42346;8300;1.436
3303;50837;1.537
24889;48288;1.437
12387;513;1.481
48885;6775;1.515
35518;48885;1.505
21232;35518;1.428
21040;35518;1.430
25091;48288;1.511
12387;13030;1.550
12387;559;1.541
29691;61190;1.479
28859;8300;1.390
15600;34554;1.498
34146;48971;1.496
197742;42346;1.409
1836;25091;1.520
47176;8300;1.434
39440;8758;1.447
35518;48575;1.404
12350;29691;1.502
513;58193;1.419
39040;9042;1.409
29691;9042;1.501
197742;39440;1.213
61190;8821;1.500
39040;9044;1.504
29691;9044;1.534
15517;41562;1.519
12350;29655;1.503
12387;47506;1.428
3291;39040;1.320
29691;33965;1.504
1836;48971;1.499
12651;49457;1.445
39440;47506;1.390
3291;58193;1.223
29655;48885;1.480
13030;6837;1.510
35518;9042;1.449
31424;48288;1.483
12651;28859;1.391
15623;6730;1.546
35518;9044;1.531
31424;9042;1.515
198385;34146;1.454
15623;6772;1.481
42346;6730;1.535
3291;44911;1.266
44468;51395;1.464
42346;6772;1.485
31424;9044;1.538
29655;48575;1.435
35518;513;1.426
3303;8821;1.553
15623;6775;1.522
12350;58193;1.525
35054;48288;1.461
42346;6775;1.506
33965;61190;1.470
31736;47506;1.495
28859;6730;1.501
21232;51395;1.512
21040;51395;1.512
12350;44911;1.485
35518;559;1.510
3303;48971;1.519
28859;6772;1.474
13030;43284;1.541
3291;44919;1.493
21040;29691;1.508
28859;6775;1.469
559;9042;1.502
44911;58193;1.235
12350;6730;1.533
48885;58193;1.505
31662;61190;1.460
21040;29655;1.513
12350;6772;1.486
559;9044;1.526
34554;44468;1.494
197742;44468;1.387
15600;35518;1.515
15600;3303;1.539
12350;44919;1.523
12651;35054;1.438
41913;43284;1.542
39040;47506;1.411
12350;6775;1.516
48038;51395;1.323
15576;197742;1.373
15547;47176;1.509
12333;29691;1.504
198385;50837;1.470
6775;8758;1.531
35054;8758;1.467
35518;42346;1.481
15517;24889;1.464
48575;8300;1.333
39440;41622;1.267
15576;3291;1.438
15517;3291;1.480
12333;8821;1.511
47176;48288;1.482
41622;8758;1.452
12333;29655;1.529
48052;9042;1.484
44911;44919;1.496
48052;9044;1.518
35518;39440;1.366
3291;34554;1.464
31662;33965;1.473
20932;48052;1.523
12651;21232;1.437
15517;31662;1.498
3291;8821;1.496
48288;8300;1.373
3291;41913;1.514
29691;31736;1.502
12333;197742;1.488
34781;43284;1.505
31736;41622;1.467
15576;61190;1.449
12350;34554;1.491
41562;51395;1.480
29691;31424;1.381
15623;44468;1.503
48052;61190;1.412
12651;197742;1.240
15517;39040;1.452
12333;58193;1.515
20932;31662;1.515
43284;6730;1.541
29655;42346;1.505
15600;513;1.514
43284;6772;1.508
31736;3303;1.531
198385;25091;1.500
15600;8300;1.499
15547;41562;1.510
13030;48288;1.523
48288;513;1.435
25091;8821;1.549
12333;44911;1.509
44919;6730;1.551
12387;34146;1.474
44919;6772;1.530
43284;6775;1.505
39040;41622;1.312
15600;51395;1.516
44468;49457;1.465
29655;39440;1.438
15600;559;1.515
1836;43284;1.528
15576;33965;1.483
48288;559;1.497
48052;50837;1.521
44919;6775;1.532
197742;48038;0.940
12651;48885;1.472
48575;6730;1.503
47506;50837;1.529
48575;6772;1.447
41913;48288;1.505
21232;49457;1.507
21040;49457;1.508
12333;44919;1.483
41622;61287;1.425
35054;6837;1.442
50837;8300;1.486
48575;6775;1.478
21232;28859;1.486
198385;48971;1.435
15576;15623;1.466
12651;48575;1.336
42346;43284;1.428
34146;61190;1.439
15517;61287;1.482
41622;6837;1.304
48288;6730;1.515
29655;8821;1.523
48288;6772;1.442
48038;8821;1.441
34781;6837;1.428
31736;34146;1.492
28859;48052;1.484
48288;6775;1.467
3291;35518;1.400
48038;49457;1.312
24889;48052;1.463
20932;61287;1.516
12387;50837;1.541
48971;61287;1.450
34781;48288;1.476
31736;8300;1.479
25091;48052;1.516
12350;35518;1.501
39440;50837;1.480
12333;34554;1.533
48971;9042;1.473
28859;31662;1.449
48971;9044;1.493
21232;35054;1.518
21040;35054;1.518
513;8300;1.405
1836;8821;1.495
15547;24889;1.499
43284;48288;1.432
34554;47506;1.472
24889;31662;1.446
15517;41913;1.525
29691;43284;1.496
15576;1836;1.454
15517;1836;1.507
1836;33965;1.515
13030;31736;1.530
41622;47176;1.453
39040;61190;1.218
31736;50837;1.524
28859;513;1.451
25091;31662;1.518
12651;20932;1.501
48052;48971;1.475
47506;48971;1.477
15547;31662;1.487
13030;31424;1.555
61287;8821;1.524
28859;559;1.505
21040;21232;1.355
12350;197742;1.467
12387;25091;1.540
31424;48052;1.519
42346;48288;1.364
35518;48038;1.243
21040;9042;1.464
198385;8758;1.450
15600;49457;1.504
15517;34781;1.491
41913;6837;1.511
39040;50837;1.497
3291;51395;1.445
21040;9044;1.544
15600;28859;1.505
15547;39040;1.502
8300;8758;1.499
6837;8758;1.503
20932;47176;1.509
12651;42346;1.439
35054;48052;1.503
3303;33965;1.530
12350;15600;1.519
31662;513;1.462
15623;47506;1.462
31662;9042;1.448
12651;39440;1.297
12387;48971;1.509
12350;51395;1.503
44468;48885;1.496
31424;31662;1.490
31662;9044;1.518
58193;8300;1.310
31662;559;1.498
24889;61287;1.438
50837;61190;1.499
39440;48971;1.443
34554;41622;1.441
44468;48575;1.409
43284;513;1.495
33965;43284;1.506
21232;48885;1.530
21040;48885;1.530
12333;35518;1.508
25091;61287;1.514
15547;9042;1.511
29655;48038;1.323
197742;9042;1.400
15547;9044;1.516
15547;61287;1.494
44911;51395;1.429
197742;9044;1.505
15576;6837;1.440
15517;6837;1.445
43284;559;1.543
21232;48575;1.474
21040;48575;1.475
15600;35054;1.480
12651;8821;1.489
31662;43284;1.486
29691;48288;1.467
20932;8821;1.528
58193;61190;1.380
47176;48052;1.491
31736;48971;1.440
20932;41562;1.528
48038;48885;1.411
1836;31736;1.517
39040;513;1.309
13030;15517;1.524
48038;48575;0.931
1836;31424;1.512
12651;21040;1.437
31424;61287;1.494
15623;41622;1.409
15600;21232;1.543
39040;559;1.499
39040;48971;1.407
28859;47176;1.451
47176;6730;1.504
34146;9042;1.485
198385;61190;1.278
12651;44468;1.413
12387;8758;1.503
47176;6772;1.498
39040;8821;1.495
6730;8758;1.548
559;61190;1.505
44919;48288;1.497
34146;9044;1.516
24889;47176;1.474
15547;41913;1.495
47176;6775;1.502
12333;15600;1.544
39440;6837;1.255
15576;43284;1.503
13030;48052;1.520
41562;48885;1.523
25091;47176;1.524
12333;51395;1.529
12387;41622;1.425
3291;49457;1.430
35518;8821;1.492
33965;8300;1.490
33965;48288;1.478
12651;15576;1.425
15517;29691;1.499
41562;48575;1.461
198385;33965;1.468
48885;9042;1.500
31424;8821;1.515
41913;48052;1.522
48885;9044;1.517
15600;48885;1.512
15547;34781;1.510
12350;49457;1.496
15517;29655;1.469
31662;48288;1.405
28859;41562;1.488
15600;48575;1.490
21232;42346;1.474
20932;24889;1.511
34554;50837;1.510
15623;34146;1.518
34146;43284;1.499
31424;47176;1.514
24889;41562;1.475
198385;3291;1.330
44911;49457;1.395
48885;49457;1.497
21232;39440;1.458
47506;61190;1.448
41622;58193;1.363
25091;41562;1.544
34781;48052;1.503
3291;35054;1.447
15517;58193;1.502
12651;48038;0.917
41622;44911;1.280
15517;44911;1.456
41622;513;1.376
33965;6730;1.509
12350;35054;1.495
33965;6772;1.481
20932;39040;1.495
15576;48288;1.427
48052;8821;1.524
43284;48052;1.513
61190;61287;1.426
20932;58193;1.530
15623;9042;1.501
48971;58193;1.472
41622;559;1.477
41622;44919;1.454
33965;6775;1.511
6775;6837;1.448
42346;9042;1.469
15623;9044;1.534
21040;28859;1.488
15623;50837;1.523
15517;44919;1.525
12387;61190;1.445
42346;9044;1.536
20932;44911;1.500
35518;44468;1.473
13030;513;1.510
31424;41562;1.469
15600;20932;1.525
12651;13030;1.515
39440;61190;1.314
12350;21232;1.542
42346;48052;1.493
41913;61287;1.510
41562;42346;1.503
39040;43284;1.453
3303;43284;1.549
12333;49457;1.533
13030;559;1.535
20932;44919;1.535
12333;28859;1.527
61190;8758;1.505
12350;9042;1.512
34554;48971;1.479
31662;31736;1.477
12387;33965;1.506
15600;6730;1.531
12350;9044;1.525
34146;48288;1.455
15600;6772;1.517
31736;61190;1.458
15600;42346;1.542
13030;197742;1.514
34554;9042;1.477
3291;48885;1.489
15600;6775;1.514
15517;34554;1.497
12387;3291;1.421
41622;41913;1.496
34554;9044;1.521
29655;44468;1.465
15547;29691;1.493
15623;25091;1.536
15600;39440;1.472
197742;47506;1.422
41562;9042;1.483
3291;48575;1.336
3303;8758;1.556
12350;48885;1.517
50837;6730;1.534
49457;61287;1.448
41562;9044;1.539
15547;29655;1.503
13030;47176;1.526
513;51395;1.411
50837;6772;1.520
28859;39040;1.406
1836;48288;1.470
31736;33965;1.453
12333;35054;1.515
50837;6775;1.512
48575;61287;1.439
12350;48575;1.479
29691;48052;1.517
24889;39040;1.363
43284;61287;1.493
31736;513;1.455
20932;41913;1.530
15576;31736;1.482
24889;58193;1.441
15623;48971;1.494
44911;48885;1.458
41913;47176;1.522
25091;39040;1.489
15576;31424;1.472
31736;559;1.524
25091;58193;1.526
24889;44911;1.382
44468;48038;1.291
43284;9042;1.482
31736;6730;1.514
15547;58193;1.524
48971;8821;1.525
44911;48575;1.232
43284;9044;1.540
41562;44468;1.499
3303;48288;1.525
31736;6772;1.487
61190;6837;1.177
44919;9042;1.512
25091;44911;1.498
12333;21232;1.538
29691;31662;1.470
28859;61287;1.468
44919;9044;1.541
31736;6775;1.511
21232;48038;1.352
21040;48038;1.355
15547;44911;1.481
20932;34781;1.506
12333;8758;1.527
513;6730;1.497
24889;44919;1.514
15600;21040;1.543
12333;1836;1.496
513;6772;1.483
44919;48052;1.533
13030;41562;1.543
197742;41622;1.143
15600;44468;1.526
12387;15547;1.531
513;6775;1.497
25091;44919;1.546
44468;8821;1.505
34781;47176;1.494
197742;513;1.370
3291;8758;1.498
198385;43284;1.468
15547;44919;1.536
15517;35518;1.498
31424;39040;1.480
48885;51395;1.480
31424;58193;1.482
33965;48052;1.500
3291;513;1.407
197742;559;1.484
12350;20932;1.505
21040;8821;1.530
44919;513;1.516
43284;47176;1.518
35054;39040;1.444
31424;44911;1.457
12333;48885;1.538
3291;559;1.491
31662;48052;1.500
28859;41913;1.518
25091;8758;1.547
44919;559;1.515
12333;48575;1.517
198385;6837;1.290
31662;8821;1.504
31424;44919;1.496
24889;41913;1.511
12350;42346;1.533
44911;9042;1.390
44911;513;1.345
29691;513;1.480
15547;34554;1.488
44911;9044;1.509
58193;6730;1.521
41562;48038;1.374
29691;8821;1.506
25091;41913;1.529
12387;1836;1.513
58193;6772;1.474
34781;41562;1.504
12350;39440;1.463
51395;9042;1.470
44911;559;1.498
29691;559;1.526
197742;34146;1.453
15547;8821;1.536
35054;61287;1.474
197742;8821;1.458
12333;6837;1.506
58193;6775;1.446
51395;9044;1.493
28859;34781;1.473
21232;9042;1.464
15517;15600;1.514
41622;51395;1.431
29655;8758;1.508
48038;8758;1.419
29655;47506;1.474
21232;9044;1.544
24889;34781;1.447
1836;197742;1.401
15600;48038;1.469
13030;24889;1.512
15517;51395;1.469
47176;58193;1.476
44919;61287;1.519
3291;6837;1.254
15576;48052;1.495
49457;8300;1.443
34554;61190;1.471
34146;513;1.477
197742;61190;1.299
25091;34781;1.513
198385;48288;1.336
13030;31662;1.523
34146;559;1.527
12350;28859;1.509
31424;41913;1.525
12333;20932;1.542
20932;29691;1.542
21040;42346;1.476
34146;8821;1.522
29691;47176;1.508
25091;6837;1.487
197742;50837;1.476
197742;198385;1.042
47176;61287;1.494
1836;8758;1.526
12387;43284;1.426
13030;39040;1.503
20932;29655;1.513
12350;21040;1.542
559;8821;1.523
21040;39440;1.459
39440;43284;1.458
25091;35518;1.522
12387;6837;1.412
35054;47176;1.484
34146;48052;1.494
31424;34781;1.522
12333;42346;1.530
6730;6837;1.458
61287;8758;1.505
47506;8300;1.390
15623;61190;1.479
15547;35518;1.496
29655;41622;1.432
12333;3291;1.513
48885;8821;1.531
41913;58193;1.535
12333;39440;1.498
29655;6837;1.408
13030;3303;1.533
44919;47176;1.524
31736;43284;1.507
1836;513;1.482
48052;48288;1.470
41913;44911;1.498
13030;61287;1.522
12350;15576;1.477
47506;48288;1.423
1836;48052;1.510
6772;8300;1.478
197742;25091;1.501
29691;41562;1.449
1836;559;1.492
15623;33965;1.504
33965;47176;1.483
28859;9042;1.394
41913;44919;1.546
47176;9042;1.482
41622;49457;1.421
34781;39040;1.387
28859;9044;1.513
198385;31736;1.465
47176;9044;1.512
28859;29691;1.496
15517;49457;1.490
35054;41562;1.482
25091;3291;1.499
198385;31424;1.427
49457;58193;1.455
3291;48038;0.909
21232;44468;1.513
21040;44468;1.514
1836;31662;1.478
31662;47176;1.499
197742;48971;1.440
15576;513;1.453
3303;48052;1.527
24889;29691;1.479
12387;48288;1.358
47506;6730;1.531
28859;29655;1.472
15547;15600;1.501
48575;58193;1.326
47506;6772;1.499
12651;47506;1.391
12651;8758;1.499
29655;34146;1.492
20932;8758;1.547
48288;61287;1.444
43284;58193;1.412
25091;29691;1.536
15576;559;1.490
15547;51395;1.503
12333;21040;1.539
12350;48038;1.452
47506;6775;1.457
39440;48288;1.351
24889;29655;1.409
13030;41913;1.538
12387;15623;1.500
48971;49457;1.469
15623;8821;1.507
13030;8300;1.514
43284;44911;1.445
34781;61287;1.466
25091;29655;1.516
29655;3291;1.445
33965;41562;1.502
20932;34554;1.522
15600;198385;1.493
44911;48038;0.924
28859;58193;1.407
31736;48288;1.480
6772;6775;1.504
43284;44919;1.515
15517;35054;1.470
39040;8758;1.495
15576;47176;1.488
13030;34781;1.515
51395;61190;1.399
28859;44911;1.404
12333;15576;1.499
31662;41562;1.437
12350;8821;1.524
1836;61287;1.504
29655;50837;1.512
39040;48288;1.385
15623;31736;1.502
34554;8821;1.516
28859;44919;1.513
35518;8758;1.479
1836;3291;1.458
12651;41622;1.293
42346;61287;1.507
15623;31424;1.382
15517;21232;1.527
34781;41913;1.526
31424;8758;1.437
48575;9042;1.424
41562;8821;1.473
20932;6837;1.502
48575;9044;1.507
41562;513;1.479
3303;61287;1.528
24889;3303;1.526
29691;39040;1.467
12387;31736;1.511
35518;48971;1.477
34146;47176;1.495
12333;48038;1.479
15576;41562;1.406
12387;31424;1.509
48288;9042;1.407
41562;559;1.515
3303;6837;1.519
48288;9044;1.515
198385;48052;1.438
41622;48885;1.469
28859;34554;1.473
25091;49457;1.506
43284;8821;1.523
39440;513;1.372
35518;47506;1.444
35054;58193;1.473
3291;42346;1.423
20932;35518;1.525
15547;49457;1.490
15517;48885;1.427
39040;6837;1.206
24889;34554;1.463
1836;47176;1.507
44919;8821;1.494
41622;48575;1.307
34554;43284;1.489
197742;43284;1.459
15600;9042;1.509
35054;44911;1.434
39440;559;1.483
3291;39440;1.266
29691;61287;1.483
15600;9044;1.523
15517;48575;1.453
25091;34554;1.518
12651;34146;1.470
44919;58193;1.494
48052;8758;1.525
29655;48971;1.334
42346;47176;1.508
21232;47506;1.398
35518;6837;1.387
35054;44919;1.495
34146;41562;1.519
24889;8300;1.425
50837;9042;1.505
33965;39040;1.464
3303;47176;1.529
12651;3291;1.173
50837;9044;1.521
20932;3291;1.504
13030;29691;1.553
25091;35054;1.512
34781;8300;1.450
15547;35054;1.487
31662;39040;1.453
15623;43284;1.497
13030;29655;1.503
31424;34554;1.473
1836;41562;1.474
47506;48052;1.505
15576;24889;1.452
35518;41622;1.345
29691;41913;1.520
12651;50837;1.486
31736;9042;1.498
20932;51395;1.513
48971;51395;1.334
44911;8821;1.486
33965;61287;1.477
31736;9044;1.509
28859;35518;1.460
15517;20932;1.517
3291;44468;1.429
15576;31662;1.420
15547;21232;1.536
513;9042;1.471
35054;41913;1.510
197742;33965;1.468
51395;8821;1.522
34554;48288;1.427
24889;35518;1.454
21232;41622;1.482
513;9044;1.506
13030;58193;1.541
41562;47506;1.470
3303;41562;1.551
31662;61287;1.443
48052;6837;1.408
29691;34781;1.512
24889;6730;1.495
21232;8821;1.530
12350;44468;1.500
9042;9044;1.521
24889;6772;1.473
12387;48052;1.492
41622;42346;1.426
15576;39040;1.447
13030;44911;1.512
12350;513;1.501
49457;51395;1.466
24889;6775;1.498
15576;3303;1.528
15517;3303;1.529
15517;42346;1.523
31424;3291;1.484
39440;48052;1.427
15600;47506;1.527
49457;6730;1.498
12651;25091;1.482
12350;559;1.518
49457;6772;1.460
48038;6837;0.925
15517;513;1.461
15517;39440;1.454
12350;12651;1.500
13030;44919;1.556
49457;6775;1.500
41913;8300;1.513
41913;513;1.513
33965;41913;1.514
15547;48885;1.514
48971;8758;1.509
15517;559;1.516
31736;48052;1.493
15623;48288;1.468
48288;58193;1.330
41913;559;1.531
1836;24889;1.481
15576;61287;1.444
15547;48575;1.472
31424;35518;1.462
31662;41913;1.508
12651;48971;1.447
12350;12387;1.533
48052;61287;1.490
28859;51395;1.472
198385;47176;1.444
58193;9042;1.380
35518;61190;1.414
34146;39040;1.447
21232;34146;1.521
21040;34146;1.522
44468;513;1.413
34781;58193;1.488
58193;9044;1.531
44468;8758;1.509
41562;41622;1.388
35054;35518;1.460
33965;34781;1.485
24889;51395;1.409
1836;6837;1.456
12651;15547;1.501
15517;28859;1.467
42346;513;1.483
39040;48052;1.403
34781;44911;1.439
44468;559;1.518
13030;34554;1.531
41913;49457;1.507
25091;51395;1.516
15576;8300;1.423
15547;198385;1.467
15517;8300;1.463
12651;1836;1.447
42346;559;1.541
21040;8758;1.518
35518;50837;1.504
31662;34781;1.477
20932;49457;1.517
61287;6837;1.416
197742;31736;1.467
1836;39040;1.462
15600;41622;1.494
15517;21040;1.527
20932;28859;1.509
12333;44468;1.533
42346;8821;1.507
34781;44919;1.529
1836;58193;1.486
197742;31424;1.432
34146;61287;1.485
15576;41913;1.507
31662;8758;1.498
29655;61190;1.400
1836;44911;1.462
28859;8821;1.506
21232;50837;1.543
42346;58193;1.338
198385;41562;1.383
48971;6837;1.416
47176;8821;1.528
15547;20932;1.524
12333;12651;1.507
29691;8758;1.420
15517;198385;1.459
42346;44911;1.410
3303;39040;1.520
31424;51395;1.499
15547;8758;1.494
12350;13030;1.538
197742;8758;1.451
1836;44919;1.471
15547;1836;1.521
15517;15576;1.493
3303;58193;1.545
48575;49457;1.396
39440;8300;1.294
15576;34781;1.477
29655;33965;1.459
15623;513;1.480
48038;50837;1.466
35054;51395;1.481
3303;44911;1.521
20932;35054;1.515
44468;6837;1.387
12333;12387;1.530
42346;44919;1.519
15547;42346;1.531
33965;9042;1.502
15623;559;1.527
34146;41913;1.521
15600;34146;1.521
12350;47506;1.528
13030;6730;1.531
41562;61190;1.476
33965;9044;1.511
13030;6772;1.537
12651;6837;1.254
15547;39440;1.450
48052;513;1.443
3303;44919;1.555
13030;35518;1.531
39040;61287;1.434
21232;25091;1.541
13030;6775;1.529
49457;513;1.431
28859;49457;1.422
12387;47176;1.507
41622;48038;1.092
29691;58193;1.462
20932;21232;1.545
48052;559;1.527
34146;8758;1.522
24889;49457;1.432
15600;61190;1.506
15517;48038;1.398
49457;559;1.523
44911;47506;1.363
44468;48971;1.467
39440;47176;1.449
41562;50837;1.508
31662;6837;1.440
29691;44911;1.438
24889;28859;1.450
1836;41913;1.529
559;8758;1.543
34146;34781;1.508
47176;51395;1.475
25091;28859;1.513
21232;48971;1.515
21040;48971;1.515
29691;6837;1.468
198385;24889;1.390
15547;28859;1.508
15547;6837;1.502
47506;9042;1.419
44468;47506;1.492
29691;44919;1.481
15600;50837;1.510
31736;47176;1.484
48885;8758;1.519
47506;9044;1.536
15623;198385;1.407
12333;13030;1.555
48575;8821;1.491
198385;31662;1.394
1836;34781;1.510
50837;61287;1.511
34554;48052;1.500
3303;41913;1.541
21040;47506;1.398
20932;48885;1.517
28859;35054;1.471
15547;21040;1.536
12350;41622;1.463
48038;48971;1.333
34781;35518;1.486
13030;15600;1.532
6775;8300;1.398
35054;8300;1.437
31424;6837;1.484
8821;9042;1.509
8758;9042;1.520
24889;35054;1.467
20932;48575;1.509
6772;9042;1.487
39040;47176;1.430
31424;49457;1.487
13030;51395;1.503
12651;61190;1.269
8821;9044;1.551
8758;9044;1.537
48288;8821;1.487
41622;8300;1.290
33965;58193;1.501
198385;39040;1.289
6772;9044;1.516
21040;3291;1.414
12651;513;1.408
12333;47506;1.520
58193;61287;1.480
33965;44911;1.467
47506;513;1.472
35054;49457;1.472
3303;34781;1.530
29691;34554;1.459
34146;6837;1.434
12651;559;1.487
31662;58193;1.469
15576;29691;1.466
41913;51395;1.514
1836;35518;1.482
15600;25091;1.521
15547;15576;1.486
31662;3291;1.432
15600;8821;1.540
559;6837;1.499
47506;559;1.532
31736;41562;1.503
41562;48971;1.482
31662;44911;1.425
12651;33965;1.491
44919;49457;1.529
33965;44919;1.528
3291;34146;1.467
15623;48052;1.517
15576;29655;1.451
12387;15517;1.523
29691;3291;1.468
198385;61287;1.423
15623;8758;1.420
15547;3291;1.498
559;61287;1.513
197742;3291;1.291
12651;15623;1.465
48288;51395;1.465
21040;41622;1.482
197742;48288;1.343
12350;34146;1.516
31662;44919;1.497
31424;35054;1.433
15600;48971;1.518
50837;8821;1.514
39040;41562;1.469
35054;6730;1.525
3303;35518;1.540
35054;6772;1.478
34781;51395;1.445
28859;48885;1.476
15623;31662;1.471
47176;49457;1.496
41622;6730;1.505
35518;43284;1.489
41622;6772;1.445
35054;6775;1.499
15576;58193;1.478
24889;48885;1.477
15547;48038;1.450
12333;41622;1.485
48052;58193;1.467
41622;6775;1.466
34781;6730;1.502
28859;48575;1.427
48575;51395;1.435
34781;6772;1.512
33965;34554;1.484
15576;44911;1.424
12350;8758;1.507
43284;51395;1.485
25091;48885;1.515
34781;6775;1.476
24889;48575;1.412
31736;8821;1.532
12387;31662;1.495
20932;42346;1.533
34554;8758;1.494
198385;41913;1.496
48971;513;1.412
31662;34554;1.439
25091;48575;1.500
198385;3303;1.521
29691;35518;1.442
1836;29691;1.498
15576;44919;1.470
12350;50837;1.512
513;8821;1.509
20932;39440;1.503
41562;8758;1.483
13030;49457;1.524
48971;559;1.514
29655;43284;1.485
12387;39040;1.423
47506;61287;1.485
42346;51395;1.505
1836;29655;1.497
34146;58193;1.468
44468;61190;1.394
44911;50837;1.495
198385;34781;1.460
12651;31736;1.480
34146;44911;1.441
31424;48885;1.513
12651;31424;1.481
21232;61190;1.476
21040;61190;1.477
12333;34146;1.540
34554;47176;1.503
31424;48575;1.442
43284;8758;1.506
41622;44468;1.397
35054;48885;1.478
20932;513;1.510
15576;34554;1.464
35518;48288;1.420
44468;50837;1.516
34146;44919;1.536
31736;39040;1.456
12387;61287;1.507
15517;44468;1.489
44919;8758;1.510
41913;6730;1.534
12350;25091;1.533
41913;6772;1.506
48288;49457;1.422
35054;48575;1.424
20932;559;1.520
198385;8300;1.242
13030;35054;1.528
41913;6775;1.524
39440;61287;1.427
33965;35518;1.501
21040;50837;1.543
48038;61190;0.924
3291;48971;1.448
20932;21040;1.545
6837;8300;1.250
21232;33965;1.529
58193;8821;1.483
34781;49457;1.481
34554;6837;1.460
29691;51395;1.492
28859;42346;1.456
20932;44468;1.512
39040;58193;1.321
31662;35518;1.428
24889;42346;1.480
12350;48971;1.506
41562;6837;1.458
28859;39440;1.398
24889;9042;1.475
12333;50837;1.522
12387;3303;1.545
3291;47506;1.327
31736;61287;1.470
24889;9044;1.508
12387;198385;1.416
43284;49457;1.490
39040;44911;1.196
29655;48288;1.464
25091;42346;1.540
15623;47176;1.508
13030;21232;1.554
47176;48885;1.458
34146;34554;1.481
24889;39440;1.404
15623;3291;1.469
15576;6730;1.524
12350;15547;1.485
15517;6730;1.516
34554;41562;1.484
15576;6772;1.481
15517;6772;1.508
1836;49457;1.500
49457;9042;1.453
25091;39440;1.486
15576;6775;1.490
15517;6775;1.515
47176;48575;1.454
44911;48971;1.436
49457;9044;1.516
48885;48971;1.486
44919;51395;1.514
39040;44919;1.499
21040;6837;1.446
39440;41913;1.486
21040;25091;1.541
44911;8758;1.473
42346;49457;1.473
34781;35054;1.492
1836;34554;1.504
15576;35518;1.429
12350;3291;1.502
51395;8758;1.508
50837;58193;1.526
33965;51395;1.459
12387;34781;1.524
31424;42346;1.510
198385;513;1.366
12651;43284;1.472
13030;48885;1.526
12333;25091;1.547
31736;41913;1.519
21232;8758;1.518
198385;29691;1.406
15623;41562;1.450
39440;6730;1.505
31424;39440;1.408
198385;559;1.477
13030;48575;1.517
12387;8300;1.435
39440;6772;1.433
35054;42346;1.507
31662;51395;1.460
20932;48038;1.480
6730;8300;1.498
3291;41622;1.340
197742;6837;1.275
1836;35054;1.476
3303;34554;1.530
198385;29655;1.430
41913;48885;1.523
39440;6775;1.455
33965;8821;1.526
15600;33965;1.522
24889;44468;1.433
21232;31736;1.525
35054;39440;1.383
39040;41913;1.513
197742;48052;1.439
12333;48971;1.530
21232;31424;1.519
41913;48575;1.497
31736;34781;1.482
25091;44468;1.515
12387;41562;1.502
15600;15623;1.514
34146;35518;1.505
29691;49457;1.475
15547;44468;1.506
12333;15547;1.543
29655;31736;1.440
48288;48885;1.491
39440;41562;1.431
1836;21232;1.533
29655;31424;1.499
198385;58193;1.352
15576;15600;1.508
559;58193;1.526
44911;6837;1.181
3303;513;1.526
197742;31662;1.394
15517;47506;1.514
48288;48575;1.388
34781;48885;1.495
15576;51395;1.451
198385;44911;1.267
24889;513;1.325
51395;6837;1.408
3303;559;1.536
34781;48575;1.465
513;61190;1.325
48575;48885;1.454
47176;513;1.458
13030;20932;1.532
34554;39040;1.461
31424;44468;1.509
21232;6837;1.444
12651;48288;1.376
43284;48885;1.522
24889;559;1.512
198385;44919;1.451
47176;559;1.522
15623;24889;1.480
15623;1836;1.498
42346;8758;1.504
29691;35054;1.411
28859;48038;1.312
13030;9042;1.522
43284;48575;1.467
48885;6837;1.451
35054;513;1.470
13030;9044;1.534
8758;8821;1.524
33965;49457;1.486
3291;61190;1.338
24889;48038;1.293
13030;42346;1.550
28859;8758;1.518
42346;48885;1.522
35054;559;1.503
34146;51395;1.492
47176;8758;1.512
25091;48038;1.470
15600;31736;1.523
12387;24889;1.479
34554;61287;1.460
197742;61287;1.423
12350;61190;1.503
13030;39440;1.519
31662;49457;1.458
47506;58193;1.171
42346;48575;1.433
15600;31424;1.522
15517;41622;1.460
35518;48052;1.490
12350;1836;1.508
41913;42346;1.541
3291;50837;1.493
198385;34554;1.437
15623;39040;1.467
21232;43284;1.482
21040;43284;1.482
1836;51395;1.496
61190;8300;1.266
44911;61190;1.285
48885;61190;1.454
12350;33965;1.505
33965;35054;1.494
21232;3291;1.414
15600;197742;1.496
31424;48038;1.380
13030;28859;1.518
12387;58193;1.332
15623;6837;1.468
12333;3303;1.555
12350;15623;1.502
42346;6837;1.415
34781;42346;1.525
29691;48885;1.505
15623;61287;1.483
15576;49457;1.474
34554;41913;1.509
29655;48052;1.470
12387;44911;1.405
48885;50837;1.510
39440;58193;1.312
35054;48038;1.350
3303;51395;1.520
31662;35054;1.464
48052;49457;1.470
3303;8300;1.526
13030;21040;1.554
34781;39440;1.467
29691;48575;1.422
39440;44911;1.228
3291;3303;1.524
28859;6837;1.319
197742;47176;1.450
15547;47506;1.527
15517;34146;1.503
12387;44919;1.518
31736;58193;1.495
12350;6837;1.504
44468;48288;1.451
34554;34781;1.489
41562;43284;1.490
39440;44919;1.477
12333;61190;1.514
61190;6730;1.464
44919;48885;1.528
61190;6772;1.484
48575;8758;1.465
41913;44468;1.519
31736;44911;1.457
25091;3303;1.533
21040;33965;1.529
198385;35518;1.320
21232;48288;1.473
21040;48288;1.475
13030;15576;1.518
61190;6775;1.470
34146;49457;1.446
44919;48575;1.505
15623;41913;1.520
15576;35054;1.460
47176;48038;1.352
50837;51395;1.511
15600;43284;1.542
12333;8300;1.506
48288;8758;1.488
33965;48885;1.501
31736;44919;1.530
41622;9042;1.415
12333;33965;1.540
15517;50837;1.510
12387;34554;1.486
41622;9044;1.500
21040;513;1.500
197742;41562;1.395
48038;48288;1.265
33965;48575;1.475
34781;9042;1.474
3291;8300;1.170
12387;41913;1.541
31662;48885;1.500
29655;3303;1.519
34781;9044;1.509
1836;28859;1.488
15623;34781;1.513
15576;21232;1.522
15547;41622;1.467
12333;15623;1.505
21040;559;1.546
15600;8758;1.534
15600;1836;1.520
28859;3291;1.383
31662;48575;1.447
43284;6837;1.451
13030;48038;1.495
198385;6730;1.504
43284;44468;1.511
34146;35054;1.491
198385;6772;1.440
12651;15517;1.464
44919;6837;1.493
1836;21040;1.533
51395;61287;1.446
31736;34554;1.483
29691;42346;1.499
25091;8300;1.482
198385;6775;1.465
39040;49457;1.420
3303;49457;1.526
50837;8758;1.540
198385;51395;1.429
48575;6837;1.285
41562;48288;1.444
41913;48038;1.482
29691;39440;1.380
15517;25091;1.514
1836;3303;1.534
12333;6730;1.552
12333;6772;1.541
28859;44468;1.473
15576;48885;1.499
12651;48052;1.456
12333;6775;1.542
49457;8821;1.513
48288;6837;1.371
21040;31736;1.525
15600;48288;1.508
3291;6730;1.499
15576;48575;1.442
15547;513;1.497
41622;48971;1.437
3291;6772;1.470
29655;8300;1.439
48038;8300;0.909
21040;31424;1.519
15547;34146;1.510
31736;8758;1.510
15517;48971;1.472
3291;6775;1.389
12387;35518;1.481
41913;9042;1.522
197742;24889;1.392
15547;559;1.520
12333;12350;1.533
12651;31662;1.432
41913;9044;1.529
34781;48038;1.373
29655;47176;1.475
12333;31736;1.542
15517;15547;1.513
513;8758;1.505
3303;35054;1.533
41622;47506;1.450
33965;42346;1.506
3291;43284;1.456
25091;6730;1.525
12333;31424;1.515
25091;6772;1.524
34146;48885;1.504
43284;48038;1.392
25091;6775;1.523
48052;51395;1.470
33965;39440;1.464
47506;51395;1.474
1836;8300;1.445
12350;43284;1.536
47506;8821;1.507
31662;42346;1.496
12387;6730;1.534
34146;48575;1.451
31736;35518;1.501
12387;6772;1.487
197742;39040;1.299
6730;6772;1.521
20932;47506;1.536
15576;9042;1.464
15547;50837;1.516
15517;9042;1.496
34554;58193;1.479
197742;58193;1.323
12387;6775;1.506
31662;39440;1.415
15623;29691;1.349
15576;9044;1.515
15517;9044;1.512
6730;6775;1.514
61287;8300;1.444
29655;6730;1.508
1836;48885;1.512
15576;20932;1.504
42346;48038;1.331
35054;44468;1.490
34554;44911;1.442
29655;6772;1.492
197742;44911;1.241
12651;3303;1.527
20932;3303;1.536
29655;41562;1.480
15623;29655;1.493
6772;8821;1.522
29655;6775;1.497
1836;48575;1.471
198385;49457;1.415
12387;51395;1.505
29655;513;1.411
12350;198385;1.462
12387;29691;1.499
58193;8758;1.486
34554;44919;1.520
197742;44919;1.459
8300;9042;1.305
39440;51395;1.438
15576;42346;1.514
8300;9044;1.508
29655;559;1.512
15600;3291;1.502
3303;48885;1.532
15547;197742;1.469
12387;29655;1.505
3291;33965;1.491
15623;58193;1.463
15576;39440;1.412
15547;25091;1.522
44468;48052;1.453
39440;9042;1.399
3291;48288;1.364
3303;48575;1.524
39440;9044;1.497
15623;44911;1.439
48038;513;1.215
31736;51395;1.440
20932;41622;1.494
21232;48052;1.521
21040;48052;1.522
13030;8821;1.550
29691;48038;1.348
12350;48288;1.488
12651;8300;0.917
12333;43284;1.531
48038;559;1.471
28859;47506;1.452
20932;8300;1.501
198385;35054;1.402
15547;48971;1.505
31424;3303;1.554
15623;44919;1.482
15517;197742;1.465
34146;42346;1.474
24889;47506;1.485
197742;41913;1.497
1836;20932;1.515
12651;47176;1.436
39040;51395;1.399
15576;28859;1.473
35518;39040;1.412
48038;48052;1.357
47506;49457;1.479
44911;48288;1.356
21232;31662;1.515
25091;47506;1.538
34146;39440;1.437
31736;3291;1.481
13030;44468;1.529
47176;6837;1.427
44919;48038;1.448
198385;21232;1.478
15576;21040;1.522
39040;8300;1.312
29655;31662;1.460
1836;42346;1.513
197742;34781;1.462
41622;61190;1.323
33965;8758;1.507
21232;513;1.500
20932;34146;1.522
15623;34554;1.460
15517;61190;1.444
1836;39440;1.441
35518;61287;1.461
33965;48038;1.427
12387;49457;1.472
21232;559;1.546
41562;48052;1.516
29655;39040;1.399
35518;8300;1.367
20932;6730;1.527
31424;47506;1.481
28859;41622;1.412
20932;6772;1.522
12651;41562;1.450
6775;9042;1.414
39440;49457;1.372
35054;9042;1.478
31424;8300;1.480
41622;50837;1.471
15576;198385;1.361
6775;9044;1.523
35054;9044;1.514
3303;42346;1.545
31662;48038;1.374
20932;6775;1.519
20932;61190;1.505
48971;61190;1.407
24889;41622;1.394
198385;48885;1.467
12333;48288;1.517
51395;58193;1.468
35054;47506;1.478
3303;6730;1.531
15600;48052;1.527
15517;33965;1.498
34554;35518;1.475
3303;6772;1.532
197742;35518;1.311
12350;31736;1.509
3303;39440;1.520
25091;41622;1.501
34781;44468;1.497
198385;48575;1.270
3303;6775;1.535
12350;31424;1.508
31736;49457;1.484
15623;197742;1.408
15517;15623;1.499
39040;6730;1.482
29655;61287;1.446
20932;50837;1.512
48971;50837;1.514
39040;6772;1.475
12333;198385;1.483
12387;35054;1.507
39040;6775;1.468
15600;31662;1.507
12651;198385;1.246
33965;6837;1.469
1836;44468;1.491
15576;48038;1.358
35518;47176;1.496
35518;6730;1.531
24889;8821;1.509
35518;6772;1.488
28859;34146;1.467
48052;8300;1.455
47176;47506;1.490
31424;41622;1.429
15623;35518;1.443
