35518;6775;1.947
42346;44468;1.812
24889;34146;1.908
12387;21232;1.754
48052;48885;2.125
34781;8821;2.203
47506;48885;2.037
31736;35054;2.068
21232;47176;1.974
12651;24889;1.678
41562;61287;1.888
25091;34146;2.368
29655;41913;2.337
20932;25091;2.618
34554;51395;1.847
3303;44468;2.749
198385;20932;2.231
48052;48575;1.621
47506;48575;1.525
197742;29691;1.650
24889;61190;1.609
34146;48038;1.591
15600;6837;2.385
15600;61287;2.496
25091;61190;2.159
197742;29655;1.729
13030;47506;2.733
35518;41562;1.705
28859;50837;2.276
15547;61190;2.163
20932;48971;2.355
48575;513;1.629
29655;34781;1.929
198385;42346;1.663
12387;48885;2.180
12350;15517;2.312
12651;39040;1.334
25091;513;2.308
24889;50837;2.328
12651;58193;1.317
48052;6730;2.508
3291;48052;1.660
31424;34146;2.067
48575;559;2.285
48052;6772;2.052
41913;47506;2.381
39440;48885;1.939
33965;513;1.917
29691;44468;1.916
198385;39440;1.232
12387;48575;1.714
50837;6837;2.298
25091;50837;2.564
1836;48038;1.698
25091;559;2.583
21232;41562;1.800
12651;44911;1.296
48052;6775;2.175
15623;51395;1.905
39440;48575;1.193
33965;559;2.374
15547;33965;2.261
12350;48052;2.227
48038;6730;2.297
41562;47176;1.888
31424;61190;1.907
48038;6772;1.667
41913;8821;2.444
31736;48885;2.215
21040;3303;2.806
12387;15600;2.585
12651;44919;1.890
15547;15623;2.188
12651;61287;1.787
48038;6775;1.701
3303;48038;2.670
31736;6837;1.866
198385;9042;1.545
44911;48052;1.588
34781;47506;1.905
31736;48575;1.936
198385;28859;1.529
198385;9044;2.212
15600;47176;2.474
13030;41622;2.732
6837;9042;1.282
48971;8300;1.797
24889;25091;2.319
31662;3303;2.734
31424;50837;2.312
6837;9044;2.263
513;6837;1.501
39040;48885;1.936
12333;513;2.203
43284;47506;1.567
29691;3303;2.800
198385;21040;1.666
1836;6730;2.601
35054;50837;2.237
33965;44468;1.880
28859;48971;1.903
1836;6772;1.988
39040;48575;1.310
34554;49457;1.827
197742;49457;1.579
15576;8821;1.983
15547;3303;2.808
15517;8821;2.282
12387;20932;2.405
197742;3303;2.706
44468;8300;1.522
1836;6775;2.202
12333;559;2.393
24889;48971;1.741
12333;15517;2.298
61287;6730;2.496
31662;44468;1.867
31424;513;2.010
12651;41913;2.320
61287;6772;2.011
41622;43284;1.765
25091;48971;2.378
21232;24889;1.790
197742;34554;1.757
21040;8300;1.584
15517;43284;2.157
61287;6775;2.059
31424;559;2.386
12387;42346;1.526
15600;41562;2.498
12333;48052;2.192
34781;41622;1.957
21040;31662;1.838
13030;34146;2.782
48971;6730;2.470
39440;42346;1.724
35518;58193;1.505
12387;39440;1.692
48971;6772;2.007
31662;8300;1.750
47176;50837;2.267
12651;34781;1.885
15623;49457;1.858
58193;6837;1.267
48971;6775;2.047
35518;44911;1.463
34554;35054;1.850
197742;35054;1.768
39440;8821;1.748
15623;28859;1.898
29691;8300;1.753
21232;39040;1.657
12387;9042;1.799
31424;48971;1.952
15576;44468;1.872
15547;8300;2.156
12333;31662;2.057
6730;9042;2.429
197742;8300;1.243
12387;9044;2.324
49457;8758;1.962
44468;6730;2.449
31736;42346;1.982
6730;9044;2.666
44468;6772;1.919
35518;44919;1.907
44468;6775;2.075
35054;48971;2.006
29655;9042;1.838
31736;39440;1.869
29691;47506;1.644
198385;48038;0.924
12651;6730;2.383
12387;28859;1.754
29655;9044;2.178
197742;21232;1.633
12651;6772;1.856
44468;61287;1.922
41913;61190;2.305
29655;58193;1.666
13030;50837;2.880
12651;6775;1.810
39040;42346;1.706
29655;44911;1.663
41622;48288;1.412
21232;61287;1.897
21040;61287;1.905
15623;35054;1.752
12387;21040;1.754
12350;47176;2.167
15517;48288;2.090
39040;39440;1.336
31662;6730;2.530
31662;6772;1.847
41913;50837;2.568
34146;8300;1.782
34146;44468;1.900
15600;24889;2.482
47506;8758;1.778
31662;6775;1.969
29655;44919;2.023
44919;47506;1.832
29691;6730;2.624
559;8300;2.231
29691;6772;1.825
20932;33965;2.353
15547;6730;2.658
48038;61287;1.589
47176;48971;1.953
35518;41913;2.361
34554;48885;2.038
15547;6772;2.151
49457;61190;1.510
44911;47176;1.749
29691;6775;2.082
15623;21232;1.820
41562;58193;1.605
15547;6775;2.313
48288;50837;2.229
48575;61190;1.314
34554;48575;1.741
13030;25091;2.818
33965;47506;1.884
6775;8821;2.164
6772;8758;1.845
48885;8300;2.000
43284;61190;1.754
41562;44911;1.675
35054;8821;2.084
29691;41622;1.651
15623;3303;2.801
47506;48038;1.166
34781;50837;2.351
31424;6730;2.663
21232;41913;2.452
15600;39040;2.388
15547;43284;2.330
48885;513;2.149
44468;47176;1.746
41622;8821;1.700
31424;6772;1.913
49457;50837;2.349
15600;58193;2.411
12350;41562;2.083
31662;47506;1.750
31424;6775;2.176
29655;34554;1.851
12651;29691;1.758
48885;559;2.448
48575;50837;2.263
41562;44919;1.750
35054;41622;1.765
21040;47176;1.981
15600;44911;2.355
13030;48971;2.657
43284;50837;2.380
28859;61190;1.560
39040;44468;1.502
34146;6730;2.511
197742;51395;1.703
34146;6772;1.968
15623;48885;2.073
12651;29655;1.725
21232;34781;1.996
21040;34781;2.003
13030;15547;2.859
559;6730;2.699
34146;6775;2.114
12350;3303;2.801
559;6772;2.321
15600;44919;2.543
12387;48038;1.460
15623;48575;1.710
12333;47176;2.179
61190;9042;1.583
47506;6837;1.480
41913;48971;2.383
13030;8758;2.893
559;6775;2.369
15517;31736;2.195
13030;1836;2.882
61190;9044;2.242
39440;48038;0.924
28859;33965;1.955
15517;31424;2.103
33965;41622;1.836
29691;34146;1.974
15576;47506;1.867
15623;8300;1.766
24889;33965;1.757
13030;198385;2.687
48288;48971;1.842
20932;31736;2.384
6772;6837;1.863
41562;41913;2.368
21040;41562;1.808
25091;33965;2.448
3303;9042;2.759
31736;48038;1.719
31662;41622;1.643
20932;31424;2.490
34781;48971;1.942
3303;9044;2.789
15547;48288;2.146
34554;42346;1.945
51395;559;2.374
12350;24889;2.184
15600;41913;2.565
29655;35518;1.861
12333;41562;1.962
48575;48971;1.836
34554;39440;1.678
12350;8300;2.068
43284;48971;1.765
39040;48038;0.950
35054;61190;1.903
34781;513;1.990
15623;20932;2.450
34146;47506;1.835
29691;50837;2.301
12350;31662;2.098
34554;8300;1.808
34781;559;2.371
31424;33965;2.038
44919;61190;1.966
35518;51395;1.843
33965;34146;2.047
15600;34781;2.453
15576;41622;1.664
513;61287;1.887
41562;8300;1.698
12333;9042;2.135
12350;39040;2.145
42346;48971;1.900
12333;9044;2.451
198385;44468;1.385
15623;42346;1.913
197742;28859;1.535
1836;47506;1.982
12651;34554;1.812
31662;34146;1.972
34554;513;1.995
3291;9042;1.381
44919;50837;2.263
28859;31736;1.954
15623;39440;1.616
3291;9044;2.259
21232;29691;1.806
47176;61190;1.683
3291;61287;1.761
21040;24889;1.794
42346;47506;1.710
34554;559;2.300
28859;31424;1.976
24889;31736;1.844
197742;21040;1.641
198385;8821;1.668
43284;8300;1.770
21232;29655;1.882
41622;48052;1.713
29655;51395;1.495
24889;31424;1.912
8300;8821;1.833
6837;8821;1.841
25091;31736;2.433
12350;61287;2.237
44919;8300;1.886
33965;50837;2.362
3303;47506;2.799
29655;29691;1.912
15517;48052;2.173
34146;41622;1.773
25091;9042;2.225
15547;31736;2.267
34554;6730;2.581
25091;31424;2.446
12387;197742;1.612
12333;24889;2.114
34554;6772;1.838
25091;9044;2.506
24889;8758;1.977
20932;43284;2.415
15547;31424;2.244
44468;58193;1.594
34554;6775;2.044
15576;34146;2.072
41562;6730;2.568
31662;50837;2.260
29691;48971;1.940
41562;6772;1.895
21040;39040;1.677
44911;61287;1.634
44468;44911;1.510
13030;3291;2.658
13030;61190;2.615
48885;61287;2.155
34781;8758;2.201
21232;58193;1.376
21232;3303;2.806
21040;58193;1.397
41562;6775;2.029
1836;41622;1.705
21232;44911;1.567
21040;44911;1.586
15623;21040;1.820
48038;9042;1.267
31424;31736;2.045
44468;44919;1.957
12333;39040;2.068
48038;9044;2.159
21040;6730;2.512
3291;47176;1.746
21040;6772;1.953
12651;35518;1.477
12350;41913;2.349
1836;198385;1.703
48038;58193;0.930
13030;33965;2.791
44919;48971;2.086
35518;49457;1.747
21232;44919;1.982
21040;6775;1.883
21040;44919;1.990
3303;41622;2.697
3291;34781;1.855
15576;50837;2.197
44911;8300;1.290
15600;29691;2.401
12387;44468;1.768
13030;15623;2.890
48288;61190;1.572
34554;48038;1.584
12387;8821;1.924
51395;8300;1.694
33965;48971;1.908
1836;9042;1.995
12350;34781;2.290
6730;8821;2.605
39440;44468;1.535
24889;6837;1.603
15600;29655;2.472
12333;61287;2.164
513;559;2.372
34781;61190;1.866
28859;43284;1.830
1836;9044;2.370
21232;8300;1.576
20932;48288;2.286
197742;6730;2.426
197742;48885;1.994
197742;6772;1.747
1836;34146;2.099
12387;12651;1.705
24889;43284;1.763
31662;48971;1.893
197742;6775;1.927
12387;15576;1.988
61287;9042;1.897
41913;8758;2.341
29655;49457;1.820
21232;34554;1.922
21040;34554;1.930
197742;48575;1.270
49457;6837;1.355
3291;41562;1.707
61287;9044;2.346
25091;43284;2.455
31736;44468;1.828
198385;47506;1.570
50837;513;2.393
21040;41913;2.452
12651;15600;2.361
34146;50837;2.355
1836;61190;1.946
15576;25091;2.431
12651;51395;1.698
15623;48038;1.517
50837;559;2.420
3303;34146;2.779
15547;48052;2.290
44911;6730;2.374
28859;3303;2.761
44911;6772;1.802
42346;61190;1.741
12333;41913;2.496
44911;6775;1.890
51395;6730;2.464
1836;50837;2.252
15576;8758;1.980
15517;8758;2.166
51395;6772;1.993
15576;48971;1.884
41562;49457;1.862
3303;61190;2.692
31424;43284;1.877
21232;6730;2.512
51395;6775;2.031
44468;9042;1.706
29655;35054;1.992
21232;6772;1.933
15517;47176;2.019
44468;9044;2.291
24889;3291;1.644
42346;50837;2.377
21232;6775;1.876
35054;43284;2.026
28859;48288;1.567
197742;20932;2.275
12651;9042;1.309
12333;34781;2.318
48885;6730;2.623
20932;9042;2.314
48885;6772;2.137
12651;9044;2.264
20932;9044;2.567
198385;41622;1.093
42346;8300;1.750
3303;50837;2.873
24889;48288;1.698
12387;513;1.925
48885;6775;2.307
35518;48885;2.136
21232;35518;1.540
21040;35518;1.560
25091;48288;2.305
12387;13030;2.797
12387;559;2.436
29691;61190;1.825
28859;8300;1.518
15600;34554;2.379
34146;48971;2.041
197742;42346;1.667
1836;25091;2.438
47176;8300;1.681
39440;8758;1.751
35518;48575;1.555
12350;29691;2.108
513;58193;1.646
39040;9042;1.575
29691;9042;1.889
197742;39440;1.218
61190;8821;1.887
39040;9044;2.264
29691;9044;2.321
15517;41562;2.168
12350;29655;2.162
12387;47506;1.662
3291;39040;1.342
29691;33965;1.976
1836;48971;2.105
12651;49457;1.597
39440;47506;1.473
3291;58193;1.223
29655;48885;2.053
13030;6837;2.653
35518;9042;1.676
31424;48288;1.842
12651;28859;1.523
15623;6730;2.626
35518;9044;2.327
31424;9042;1.992
198385;34146;1.759
15623;6772;1.840
42346;6730;2.545
3291;44911;1.266
44468;51395;1.799
42346;6772;1.889
31424;9044;2.320
29655;48575;1.753
35518;513;1.696
3303;8821;2.833
15623;6775;2.096
12350;58193;2.112
35054;48288;1.887
42346;6775;2.112
33965;61190;1.880
31736;47506;1.877
28859;6730;2.435
21232;51395;1.863
21040;51395;1.870
12350;44911;2.069
35518;559;2.287
3303;48971;2.715
28859;6772;1.907
13030;43284;2.751
3291;44919;1.898
21040;29691;1.814
28859;6775;1.978
559;9042;2.293
44911;58193;1.235
12350;6730;2.637
48885;58193;1.998
31662;61190;1.852
21040;29655;1.889
12350;6772;2.083
559;9044;2.533
34554;44468;1.961
197742;44468;1.452
15600;35518;2.452
15600;3303;2.915
12350;44919;2.116
12651;35054;1.838
41913;43284;2.457
39040;47506;1.547
12350;6775;2.285
48038;51395;1.460
15576;197742;1.704
15547;47176;2.272
12333;29691;1.990
198385;50837;2.161
6775;8758;2.172
35054;8758;1.907
35518;42346;1.798
15517;24889;2.030
48575;8300;1.334
39440;41622;1.352
15576;3291;1.804
15517;3291;2.008
12333;8821;2.060
47176;48288;1.820
41622;8758;1.774
12333;29655;2.164
48052;9042;1.792
44911;44919;1.878
48052;9044;2.312
35518;39440;1.483
3291;34554;1.765
31662;33965;1.887
20932;48052;2.409
12651;21232;1.578
15517;31662;2.148
3291;8821;1.843
48288;8300;1.497
3291;41913;2.301
29691;31736;1.983
12333;197742;1.940
34781;43284;2.002
31736;41622;1.859
15576;61190;1.880
12350;34554;2.101
41562;51395;1.837
29691;31424;1.623
15623;44468;1.929
48052;61190;1.554
12651;197742;1.244
15517;39040;2.023
12333;58193;1.983
20932;31662;2.319
43284;6730;2.567
29655;42346;1.865
15600;513;2.479
43284;6772;1.976
31736;3303;2.772
198385;25091;2.247
15600;8300;2.357
15547;41562;2.199
13030;48288;2.705
48288;513;1.778
25091;8821;2.440
12333;44911;2.003
44919;6730;2.671
12387;34146;1.898
44919;6772;1.989
43284;6775;2.038
39040;41622;1.430
15600;51395;2.466
44468;49457;1.727
29655;39440;1.711
15600;559;2.558
1836;43284;2.108
15576;33965;1.959
48288;559;2.237
48052;50837;2.380
44919;6775;2.207
197742;48038;0.940
12651;48885;2.003
48575;6730;2.496
47506;50837;2.321
48575;6772;1.815
41913;48288;2.292
21232;49457;1.790
21040;49457;1.811
12333;44919;1.951
41622;61287;1.785
35054;6837;1.867
50837;8300;2.233
48575;6775;1.995
21232;28859;1.736
198385;48971;1.808
15576;15623;1.922
12651;48575;1.340
42346;43284;1.692
34146;61190;1.757
15517;61287;2.077
41622;6837;1.388
48288;6730;2.458
29655;8821;2.046
48288;6772;1.762
48038;8821;1.653
34781;6837;1.868
31736;34146;2.045
28859;48052;1.796
48288;6775;1.942
3291;35518;1.503
48038;49457;1.313
24889;48052;1.819
20932;61287;2.409
12387;50837;2.383
48971;61287;1.848
34781;48288;1.981
31736;8300;1.863
25091;48052;2.329
12350;35518;2.126
39440;50837;2.202
12333;34554;2.144
48971;9042;1.912
28859;31662;1.844
48971;9044;2.221
21232;35054;1.975
21040;35054;1.983
513;8300;1.593
1836;8821;1.963
15547;24889;2.233
43284;48288;1.684
34554;47506;1.718
24889;31662;1.821
15517;41913;2.489
29691;43284;1.837
15576;1836;1.956
15517;1836;2.229
1836;33965;2.102
13030;31736;2.798
41622;47176;1.734
39040;61190;1.232
31736;50837;2.383
28859;513;1.788
25091;31662;2.419
12651;20932;2.260
48052;48971;1.866
47506;48971;1.766
15547;31662;2.178
13030;31424;2.890
61287;8821;2.100
28859;559;2.330
21040;21232;1.377
12350;197742;1.996
12387;25091;2.420
31424;48052;2.016
42346;48288;1.579
35518;48038;1.244
21040;9042;1.682
198385;8758;1.729
15600;49457;2.363
15517;34781;2.239
41913;6837;2.312
39040;50837;2.247
3291;51395;1.672
21040;9044;2.396
15600;28859;2.384
15547;39040;2.215
8300;8758;1.860
6837;8758;1.887
20932;47176;2.281
12651;42346;1.757
35054;48052;2.116
3303;33965;2.744
12350;15600;2.515
31662;513;1.954
15623;47506;1.658
31662;9042;1.834
12651;39440;1.299
12387;48971;1.907
12350;51395;2.149
44468;48885;2.136
31424;31662;1.930
31662;9044;2.312
58193;8300;1.310
31662;559;2.266
24889;61287;1.793
50837;61190;2.295
39440;48971;1.788
34554;41622;1.798
44468;48575;1.574
43284;513;1.903
33965;43284;1.934
21232;48885;2.180
21040;48885;2.187
12333;35518;2.023
25091;61287;2.417
15547;9042;2.238
29655;48038;1.485
197742;9042;1.529
15547;9044;2.357
15547;61287;2.266
44911;51395;1.642
197742;9044;2.223
15576;6837;1.864
15517;6837;1.999
43284;559;2.440
21232;48575;1.674
21040;48575;1.694
15600;35054;2.316
12651;8821;1.836
31662;43284;1.874
29691;48288;1.750
20932;8821;2.399
58193;61190;1.380
47176;48052;1.934
31736;48971;1.881
20932;41562;2.344
48038;48885;1.821
1836;31736;2.129
39040;513;1.509
13030;15517;2.788
48038;48575;0.931
1836;31424;2.033
12651;21040;1.586
31424;61287;1.962
15623;41622;1.666
15600;21232;2.502
39040;559;2.270
39040;48971;1.732
28859;47176;1.747
47176;6730;2.484
34146;9042;1.862
198385;61190;1.278
12651;44468;1.524
12387;8758;1.908
47176;6772;2.038
39040;8821;1.875
6730;8758;2.647
559;61190;2.329
44919;48288;1.823
34146;9044;2.386
24889;47176;1.918
15547;41913;2.302
47176;6775;2.108
12333;15600;2.594
39440;6837;1.255
15576;43284;1.940
13030;48052;2.674
41562;48885;2.142
25091;47176;2.394
12333;51395;2.154
12387;41622;1.673
3291;49457;1.538
35518;8821;1.845
33965;8300;1.885
33965;48288;1.854
12651;15576;1.802
15517;29691;2.053
41562;48575;1.746
198385;33965;1.830
48885;9042;2.084
31424;8821;2.026
41913;48052;2.396
48885;9044;2.400
15600;48885;2.416
15547;34781;2.296
12350;49457;2.117
15517;29655;2.070
31662;48288;1.663
28859;41562;1.813
15600;48575;2.369
21232;42346;1.766
20932;24889;2.325
34554;50837;2.299
15623;34146;1.986
34146;43284;1.966
31424;47176;2.080
24889;41562;1.836
198385;3291;1.330
44911;49457;1.496
48885;49457;2.055
21232;39440;1.617
47506;61190;1.576
41622;58193;1.409
25091;41562;2.427
34781;48052;2.060
3291;35054;1.819
15517;58193;2.030
12651;48038;0.917
41622;44911;1.339
15517;44911;1.960
41622;513;1.663
33965;6730;2.495
12350;35054;2.169
33965;6772;1.980
20932;39040;2.214
15576;48288;1.761
48052;8821;2.031
43284;48052;1.884
61190;61287;1.760
20932;58193;2.318
15623;9042;1.901
48971;58193;1.744
41622;559;2.175
41622;44919;1.774
33965;6775;2.127
6775;6837;1.904
42346;9042;1.854
15623;9044;2.323
21040;28859;1.757
15623;50837;2.314
15517;44919;2.225
12387;61190;1.696
42346;9044;2.353
20932;44911;2.269
35518;44468;1.679
13030;513;2.666
31424;41562;1.837
15600;20932;2.583
12651;13030;2.643
39440;61190;1.314
12350;21232;2.239
42346;48052;1.884
41913;61287;2.388
41562;42346;1.873
39040;43284;1.722
3303;43284;2.793
12333;49457;2.110
13030;559;2.925
20932;44919;2.450
12333;28859;2.119
61190;8758;1.931
12350;9042;2.149
34554;48971;1.905
31662;31736;1.917
12387;33965;1.951
15600;6730;2.741
12350;9044;2.363
34146;48288;1.778
15600;6772;2.466
31736;61190;1.878
15600;42346;2.595
13030;197742;2.699
34554;9042;1.901
3291;48885;2.011
15600;6775;2.485
15517;34554;2.079
12387;3291;1.675
41622;41913;2.289
34554;9044;2.296
29655;44468;1.818
15547;29691;2.176
15623;25091;2.413
15600;39440;2.284
197742;47506;1.533
41562;9042;1.810
3291;48575;1.338
3303;8758;2.820
12350;48885;2.287
50837;6730;2.737
49457;61287;1.850
41562;9044;2.334
15547;29655;2.223
13030;47176;2.704
513;51395;1.805
50837;6772;2.300
28859;39040;1.563
1836;48288;1.839
31736;33965;1.886
12333;35054;2.135
50837;6775;2.365
48575;61287;1.821
12350;48575;2.073
29691;48052;2.007
24889;39040;1.601
43284;61287;1.862
31736;513;1.946
20932;41913;2.587
15576;31736;1.981
24889;58193;1.593
15623;48971;1.954
44911;48885;1.943
41913;47176;2.412
25091;39040;2.226
15576;31424;1.930
31736;559;2.398
25091;58193;2.286
24889;44911;1.592
44468;48038;1.291
43284;9042;1.860
31736;6730;2.516
15547;58193;2.208
48971;8821;2.107
44911;48575;1.233
43284;9044;2.354
41562;44468;1.784
3303;48288;2.711
31736;6772;2.007
61190;6837;1.177
44919;9042;1.987
25091;44911;2.229
12333;21232;2.096
29691;31662;1.822
28859;61287;1.884
44919;9044;2.362
31736;6775;2.128
21232;48038;1.356
21040;48038;1.377
15547;44911;2.142
20932;34781;2.286
12333;8758;2.060
513;6730;2.441
24889;44919;2.029
15600;21040;2.503
12333;1836;2.046
513;6772;2.031
44919;48052;2.108
13030;41562;2.795
197742;41622;1.179
15600;44468;2.529
12387;15547;2.306
513;6775;2.104
25091;44919;2.463
44468;8821;1.870
34781;47176;2.102
197742;513;1.605
3291;8758;1.858
198385;43284;1.756
15547;44919;2.265
15517;35518;2.101
31424;39040;1.871
48885;51395;2.057
31424;58193;1.746
33965;48052;2.018
3291;513;1.587
197742;559;2.209
12350;20932;2.374
21040;8821;1.940
44919;513;2.144
43284;47176;1.995
35054;39040;1.888
31424;44911;1.800
12333;48885;2.328
3291;559;2.241
31662;48052;2.026
28859;41913;2.386
25091;8758;2.444
44919;559;2.296
12333;48575;2.050
198385;6837;1.290
31662;8821;1.937
31424;44919;1.919
24889;41913;2.362
12350;42346;2.263
44911;9042;1.504
44911;513;1.561
29691;513;1.959
15547;34554;2.172
44911;9044;2.243
58193;6730;2.432
41562;48038;1.505
29691;8821;1.943
25091;41913;2.525
12387;1836;2.037
58193;6772;1.765
34781;41562;2.061
12350;39440;1.987
51395;9042;1.814
44911;559;2.261
29691;559;2.321
197742;34146;1.752
15547;8821;2.300
35054;61287;2.020
197742;8821;1.720
12333;6837;2.025
58193;6775;1.807
51395;9044;2.176
28859;34781;1.993
21232;9042;1.675
15517;15600;2.444
41622;51395;1.756
29655;8758;1.977
48038;8758;1.663
29655;47506;1.690
21232;9044;2.395
24889;34781;1.914
1836;197742;1.710
15600;48038;2.276
13030;24889;2.673
15517;51395;2.081
47176;58193;1.801
44919;61287;2.090
3291;6837;1.254
15576;48052;2.015
49457;8300;1.592
34554;61190;1.842
34146;513;1.962
197742;61190;1.303
25091;34781;2.409
198385;48288;1.358
13030;31662;2.785
34146;559;2.429
12350;28859;2.155
31424;41913;2.371
12333;20932;2.525
20932;29691;2.448
21040;42346;1.787
34146;8821;2.002
29691;47176;2.026
25091;6837;2.214
197742;50837;2.192
197742;198385;1.044
47176;61287;2.005
1836;8758;2.026
12387;43284;1.689
13030;39040;2.601
20932;29655;2.336
12350;21040;2.247
559;8821;2.335
21040;39440;1.637
39440;43284;1.758
25091;35518;2.353
12387;6837;1.659
35054;47176;1.964
34146;48052;1.955
31424;34781;2.142
12333;42346;2.089
6730;6837;2.341
61287;8758;2.027
47506;8300;1.486
15623;61190;1.841
15547;35518;2.188
29655;41622;1.778
12333;3291;2.045
48885;8821;2.237
41913;58193;2.364
12333;39440;1.981
29655;6837;1.660
13030;3303;2.992
44919;47176;2.034
31736;43284;1.957
1836;513;2.073
48052;48288;1.762
41913;44911;2.291
13030;61287;2.754
12350;15576;2.114
47506;48288;1.548
1836;48052;2.097
6772;8300;1.851
197742;25091;2.260
29691;41562;1.729
1836;559;2.275
15623;33965;1.991
33965;47176;1.980
28859;9042;1.537
41913;44919;2.416
47176;9042;1.859
41622;49457;1.644
34781;39040;1.746
28859;9044;2.317
198385;31736;1.855
47176;9044;2.331
28859;29691;1.882
15517;49457;2.067
35054;41562;1.922
25091;3291;2.250
198385;31424;1.751
49457;58193;1.535
3291;48038;0.909
21232;44468;1.815
21040;44468;1.835
1836;31662;1.949
31662;47176;1.956
197742;48971;1.806
15576;513;1.980
3303;48052;2.729
24889;29691;1.845
12387;48288;1.533
47506;6730;2.497
28859;29655;1.827
15547;15600;2.429
48575;58193;1.327
47506;6772;1.873
12651;47506;1.489
12651;8758;1.862
29655;34146;2.005
20932;8758;2.485
48288;61287;1.781
43284;58193;1.553
25091;29691;2.407
15576;559;2.282
15547;51395;2.217
12333;21040;2.112
12350;48038;1.950
47506;6775;1.822
39440;48288;1.476
24889;29655;1.732
13030;41913;2.889
12387;15623;1.898
48971;49457;1.893
15623;8821;1.954
13030;8300;2.641
43284;44911;1.702
34781;61287;2.003
25091;29655;2.328
29655;3291;1.697
33965;41562;1.920
20932;34554;2.422
15600;198385;2.382
44911;48038;0.924
28859;58193;1.488
31736;48288;1.879
6772;6775;2.112
43284;44919;2.003
15517;35054;1.971
39040;8758;1.905
15576;47176;1.922
13030;34781;2.693
51395;61190;1.638
28859;44911;1.517
12333;15576;2.093
31662;41562;1.704
12350;8821;2.158
1836;61287;2.126
29655;50837;2.315
39040;48288;1.525
15623;31736;1.996
34554;8821;2.027
28859;44919;1.996
35518;8758;1.868
1836;3291;1.821
12651;41622;1.381
42346;61287;1.962
15623;31424;1.639
15517;21232;2.151
34781;41913;2.439
31424;8758;1.809
48575;9042;1.606
41562;8821;1.786
20932;6837;2.293
48575;9044;2.275
41562;513;1.967
3303;61287;2.758
24889;3303;2.716
29691;39040;1.800
12387;31736;1.986
35518;48971;1.871
34146;47176;1.989
12333;48038;1.897
15576;41562;1.749
12387;31424;1.930
48288;9042;1.595
41562;559;2.282
3303;6837;2.734
48288;9044;2.257
198385;48052;1.626
41622;48885;2.031
28859;34554;1.890
25091;49457;2.223
43284;8821;2.026
39440;513;1.591
35518;47506;1.643
35054;58193;1.809
3291;42346;1.711
20932;35518;2.321
15547;49457;2.155
15517;48885;1.992
39040;6837;1.226
24889;34554;1.875
1836;47176;2.086
44919;8821;1.901
41622;48575;1.395
34554;43284;1.888
197742;43284;1.738
15600;9042;2.396
35054;44911;1.807
39440;559;2.206
3291;39440;1.267
29691;61287;1.912
15600;9044;2.572
15517;48575;1.989
25091;34554;2.353
12651;34146;1.784
44919;58193;1.816
48052;8758;2.068
29655;48971;1.576
42346;47176;2.000
21232;47506;1.501
35518;6837;1.517
35054;44919;1.986
34146;41562;1.974
24889;8300;1.673
50837;9042;2.304
33965;39040;1.882
3303;47176;2.791
12651;3291;1.177
50837;9044;2.474
20932;3291;2.245
13030;29691;2.889
25091;35054;2.390
34781;8300;1.880
15547;35054;2.223
31662;39040;1.850
15623;43284;1.853
13030;29655;2.613
31424;34554;1.853
1836;41562;1.917
47506;48052;1.834
15576;24889;1.895
35518;41622;1.457
29691;41913;2.340
12651;50837;2.236
31736;9042;1.958
20932;51395;2.333
48971;51395;1.579
44911;8821;1.788
33965;61287;1.947
31736;9044;2.327
28859;35518;1.706
15517;20932;2.473
3291;44468;1.567
15576;31662;1.798
15547;21232;2.294
513;9042;1.792
35054;41913;2.381
197742;33965;1.844
51395;8821;2.016
34554;48288;1.746
24889;35518;1.748
21232;41622;1.651
513;9044;2.351
13030;58193;2.697
41562;47506;1.625
3303;41562;2.804
31662;61287;1.877
48052;6837;1.539
29691;34781;2.080
24889;6730;2.425
21232;8821;1.928
12350;44468;2.099
9042;9044;2.332
24889;6772;1.916
12387;48052;1.839
41622;42346;1.673
15576;39040;1.870
13030;44911;2.645
12350;513;2.248
49457;51395;1.794
24889;6775;2.031
15576;3303;2.746
15517;3303;2.819
15517;42346;2.218
31424;3291;1.815
39440;48052;1.616
15600;47506;2.425
49457;6730;2.433
12651;25091;2.147
12350;559;2.375
49457;6772;1.904
48038;6837;0.925
15517;513;2.088
15517;39440;1.948
12350;12651;2.070
13030;44919;2.896
49457;6775;2.050
41913;8300;2.317
41913;513;2.401
33965;41913;2.385
15547;48885;2.348
48971;8758;2.040
15517;559;2.465
31736;48052;2.010
15623;48288;1.765
48288;58193;1.331
41913;559;2.545
1836;24889;2.008
15576;61287;1.926
15547;48575;2.153
31424;35518;1.868
31662;41913;2.346
12651;48971;1.802
12350;12387;2.227
48052;61287;1.950
28859;51395;1.806
198385;47176;1.632
58193;9042;1.451
35518;61190;1.557
34146;39040;1.805
21232;34146;1.892
21040;34146;1.913
44468;513;1.704
34781;58193;1.884
58193;9044;2.307
44468;8758;1.943
41562;41622;1.565
35054;35518;1.904
33965;34781;2.060
24889;51395;1.710
1836;6837;1.901
12651;15547;2.158
15517;28859;2.000
42346;513;1.939
39040;48052;1.552
34781;44911;1.857
44468;559;2.328
13030;34554;2.784
41913;49457;2.310
25091;51395;2.329
15576;8300;1.798
15547;198385;2.082
15517;8300;2.015
12651;1836;1.868
42346;559;2.441
21040;8758;1.938
35518;50837;2.276
31662;34781;2.022
20932;49457;2.366
61287;6837;1.731
197742;31736;1.847
1836;39040;1.934
15600;41622;2.394
15517;21040;2.159
20932;28859;2.280
12333;44468;2.087
42346;8821;1.955
34781;44919;2.228
1836;58193;1.870
197742;31424;1.760
34146;61287;1.990
15576;41913;2.370
31662;8758;1.917
29655;61190;1.652
1836;44911;1.857
28859;8821;1.921
21232;50837;2.373
42346;58193;1.513
198385;41562;1.515
48971;6837;1.743
47176;8821;2.055
15547;20932;2.492
12333;12651;2.042
29691;8758;1.709
15517;198385;2.006
42346;44911;1.675
3303;39040;2.746
31424;51395;1.904
15547;8758;2.156
12350;13030;2.847
197742;8758;1.734
1836;44919;1.908
15547;1836;2.288
15517;15576;2.157
3303;58193;2.773
48575;49457;1.528
39440;8300;1.294
15576;34781;2.093
29655;33965;1.894
15623;513;1.967
48038;50837;2.155
35054;51395;1.994
3303;44911;2.732
20932;35054;2.386
44468;6837;1.498
12333;12387;2.099
42346;44919;2.010
15547;42346;2.328
33965;9042;1.983
15623;559;2.323
34146;41913;2.427
15600;34146;2.437
12350;47506;2.134
13030;6730;2.827
41562;61190;1.786
33965;9044;2.325
13030;6772;2.861
12651;6837;1.257
15547;39440;2.043
48052;513;1.754
3303;44919;2.828
13030;35518;2.768
39040;61287;1.773
21232;25091;2.407
13030;6775;2.783
49457;513;1.741
28859;49457;1.603
12387;47176;1.961
41622;48038;1.092
29691;58193;1.629
20932;21232;2.382
48052;559;2.441
34146;8758;2.058
24889;49457;1.761
15600;61190;2.404
15517;48038;1.837
49457;559;2.346
44911;47506;1.446
44468;48971;1.889
39440;47176;1.743
41562;50837;2.265
31662;6837;1.804
29691;44911;1.691
24889;28859;1.763
1836;41913;2.413
559;8758;2.377
34146;34781;2.134
47176;51395;1.886
25091;28859;2.311
21232;48971;1.889
21040;48971;1.897
29691;6837;1.764
198385;24889;1.645
15547;28859;2.241
15547;6837;2.168
47506;9042;1.590
44468;47506;1.769
29691;44919;1.828
15600;50837;2.542
31736;47176;2.000
48885;8758;2.122
47506;9044;2.331
15623;198385;1.663
12333;13030;2.947
48575;8821;1.826
198385;31662;1.636
1836;34781;2.233
50837;61287;2.373
34554;48052;2.005
3303;41913;2.851
21040;47506;1.509
20932;48885;2.434
28859;35054;1.894
15547;21040;2.301
12350;41622;2.008
48038;48971;1.570
34781;35518;1.986
13030;15600;2.851
6775;8300;1.806
35054;8300;1.834
31424;6837;1.869
8821;9042;1.924
8758;9042;1.968
24889;35054;1.960
20932;48575;2.352
6772;9042;1.933
39040;47176;1.704
31424;49457;1.933
13030;51395;2.612
12651;61190;1.272
8821;9044;2.406
8758;9044;2.316
48288;8821;1.742
41622;8300;1.376
33965;58193;1.869
198385;39040;1.309
6772;9044;2.297
21040;3291;1.508
12651;513;1.597
12333;47506;2.035
58193;61287;1.754
33965;44911;1.862
47506;513;1.799
35054;49457;1.942
3303;34781;2.807
29691;34554;1.766
34146;6837;1.728
12651;559;2.234
31662;58193;1.730
15576;29691;1.907
41913;51395;2.338
1836;35518;1.909
15600;25091;2.542
15547;15576;2.231
31662;3291;1.740
15600;8821;2.554
559;6837;2.313
47506;559;2.332
31736;41562;1.958
41562;48971;1.914
31662;44911;1.744
12651;33965;1.888
44919;49457;2.030
33965;44919;2.079
3291;34146;1.770
15623;48052;2.021
15576;29655;1.866
12387;15517;2.218
29691;3291;1.720
198385;61287;1.781
15623;8758;1.722
15547;3291;2.147
559;61287;2.381
197742;3291;1.297
12651;15623;1.769
48288;51395;1.744
21040;41622;1.671
197742;48288;1.393
12350;34146;2.252
31662;44919;1.927
31424;35054;1.843
15600;48971;2.491
50837;8821;2.305
39040;41562;1.772
35054;6730;2.640
3303;35518;2.765
35054;6772;1.916
34781;51395;1.910
28859;48885;1.981
15623;31662;1.838
47176;49457;1.927
41622;6730;2.423
35518;43284;1.828
41622;6772;1.733
35054;6775;2.129
15576;58193;1.840
24889;48885;2.086
15547;48038;2.040
12333;41622;1.906
48052;58193;1.676
41622;6775;1.932
34781;6730;2.474
28859;48575;1.608
48575;51395;1.731
34781;6772;2.172
33965;34554;1.994
15576;44911;1.814
12350;8758;2.085
43284;51395;1.707
25091;48885;2.414
34781;6775;2.019
24889;48575;1.694
31736;8821;2.111
12387;31662;1.925
20932;42346;2.405
34554;8758;1.873
198385;41913;2.261
48971;513;1.837
31662;34554;1.838
25091;48575;2.253
198385;3303;2.694
29691;35518;1.760
1836;29691;1.951
15576;44919;1.937
12350;50837;2.355
513;8821;2.063
20932;39440;2.289
41562;8758;1.788
13030;49457;2.694
48971;559;2.396
29655;43284;1.732
12387;39040;1.661
47506;61287;1.773
42346;51395;1.851
1836;29655;2.086
34146;58193;1.699
44468;61190;1.514
44911;50837;2.251
198385;34781;1.954
12651;31736;1.864
34146;44911;1.728
31424;48885;2.113
12651;31424;1.864
21232;61190;1.677
21040;61190;1.696
12333;34146;2.176
34554;47176;2.024
31424;48575;1.799
43284;8758;1.946
41622;44468;1.481
35054;48885;1.989
20932;513;2.354
15576;34554;1.945
35518;48288;1.580
44468;50837;2.293
34146;44919;2.127
31736;39040;1.874
12387;61287;1.960
15517;44468;2.150
44919;8758;1.860
41913;6730;2.724
12350;25091;2.460
41913;6772;2.320
48288;49457;1.645
35054;48575;1.805
20932;559;2.486
198385;8300;1.242
13030;35054;2.814
41913;6775;2.467
39440;61287;1.771
33965;35518;1.922
21040;50837;2.380
48038;61190;0.924
3291;48971;1.750
20932;21040;2.382
6837;8300;1.250
21232;33965;1.985
58193;8821;1.733
34781;49457;1.987
34554;6837;1.807
29691;51395;1.890
28859;42346;1.792
20932;44468;2.304
39040;58193;1.340
31662;35518;1.731
24889;42346;1.827
12350;48971;2.221
41562;6837;1.729
28859;39440;1.542
24889;9042;1.810
12333;50837;2.384
12387;3303;2.778
3291;47506;1.406
31736;61287;1.939
24889;9044;2.295
12387;198385;1.619
43284;49457;1.872
39040;44911;1.216
29655;48288;1.770
25091;42346;2.442
15623;47176;2.042
13030;21232;2.792
47176;48885;2.018
34146;34554;1.994
24889;39440;1.656
15623;3291;1.729
15576;6730;2.538
12350;15547;2.195
15517;6730;2.627
34554;41562;1.858
15576;6772;1.954
15517;6772;2.135
1836;49457;2.020
49457;9042;1.655
25091;39440;2.172
15576;6775;2.097
15517;6775;2.290
47176;48575;1.797
44911;48971;1.743
49457;9044;2.296
48885;48971;2.123
44919;51395;2.009
39040;44919;1.950
21040;6837;1.608
39440;41913;2.229
21040;25091;2.424
44911;8758;1.810
42346;49457;1.867
34781;35054;2.154
1836;34554;2.046
15576;35518;1.832
12350;3291;2.070
51395;8758;1.961
50837;58193;2.295
33965;51395;1.870
12387;34781;2.128
31424;42346;1.938
198385;513;1.602
12651;43284;1.776
13030;48885;2.757
12333;25091;2.504
31736;41913;2.403
21232;8758;1.930
198385;29691;1.647
15623;41562;1.744
39440;6730;2.449
31424;39440;1.709
198385;559;2.181
13030;48575;2.738
12387;8300;1.699
39440;6772;1.756
35054;42346;2.056
31662;51395;1.866
20932;48038;2.183
6730;8300;2.381
3291;41622;1.398
197742;6837;1.280
1836;35054;2.018
3303;34554;2.751
198385;29655;1.733
41913;48885;2.474
39440;6775;1.903
33965;8821;2.080
15600;33965;2.559
24889;44468;1.752
21232;31736;1.971
35054;39440;1.718
39040;41913;2.342
197742;48052;1.630
12333;48971;2.186
21232;31424;1.915
41913;48575;2.312
31736;34781;2.063
25091;44468;2.322
12387;41562;1.821
15600;15623;2.403
34146;35518;1.866
29691;49457;1.843
15547;44468;2.224
12333;15547;2.349
29655;31736;1.871
48288;48885;2.050
39440;41562;1.668
1836;21232;2.025
29655;31424;1.921
198385;58193;1.352
15576;15600;2.500
559;58193;2.312
44911;6837;1.182
3303;513;2.740
197742;31662;1.663
15517;47506;2.071
48288;48575;1.538
34781;48885;2.203
15576;51395;1.868
198385;44911;1.267
24889;513;1.598
51395;6837;1.635
3303;559;2.891
34781;48575;1.962
513;61190;1.527
48575;48885;1.959
47176;513;1.895
13030;20932;2.819
34554;39040;1.811
31424;44468;1.969
21232;6837;1.588
12651;48288;1.503
43284;48885;2.157
24889;559;2.344
198385;44919;1.729
47176;559;2.391
15623;24889;1.859
15623;1836;1.950
42346;8758;1.945
29691;35054;1.735
28859;48038;1.312
13030;9042;2.670
43284;48575;1.799
48885;6837;1.962
35054;513;2.051
13030;9044;2.830
8758;8821;1.972
33965;49457;1.977
3291;61190;1.339
24889;48038;1.429
13030;42346;2.840
28859;8758;1.973
42346;48885;2.210
35054;559;2.345
34146;51395;1.974
47176;8758;2.032
25091;48038;2.126
15600;31736;2.545
12387;24889;1.817
34554;61287;1.907
197742;61287;1.771
12350;61190;2.128
13030;39440;2.694
31662;49457;1.894
47506;58193;1.174
42346;48575;1.758
15600;31424;2.473
15517;41622;2.008
35518;48052;1.812
12350;1836;2.149
41913;42346;2.454
3291;50837;2.239
198385;34554;1.764
15623;39040;1.815
21232;43284;1.758
21040;43284;1.765
1836;51395;2.062
61190;8300;1.266
44911;61190;1.285
48885;61190;1.983
12350;33965;2.205
33965;35054;2.085
21232;3291;1.508
15600;197742;2.389
31424;48038;1.617
13030;28859;2.662
12387;58193;1.468
15623;6837;1.780
12333;3303;2.842
12350;15623;2.119
42346;6837;1.704
34781;42346;2.134
29691;48885;2.060
15623;61287;1.927
15576;49457;1.978
34554;41913;2.327
29655;48052;1.765
12387;44911;1.634
48885;50837;2.332
39440;58193;1.312
35054;48038;1.627
3303;51395;2.703
31662;35054;1.927
48052;49457;1.740
3303;8300;2.718
13030;21040;2.793
34781;39440;1.907
29691;48575;1.694
39440;44911;1.228
3291;3303;2.710
28859;6837;1.319
197742;47176;1.689
15547;47506;2.224
15517;34146;2.138
12387;44919;1.973
31736;58193;1.866
12350;6837;2.111
44468;48288;1.600
34554;34781;2.057
41562;43284;1.814
39440;44919;1.820
12333;61190;2.038
61190;6730;2.308
44919;48885;2.192
61190;6772;1.907
48575;8758;1.824
41913;44468;2.352
31736;44911;1.854
25091;3303;2.869
21040;33965;1.992
198385;35518;1.400
21232;48288;1.645
21040;48288;1.666
13030;15576;2.765
61190;6775;1.960
34146;49457;1.688
44919;48575;1.898
15623;41913;2.341
15576;35054;1.965
47176;48038;1.510
50837;51395;2.314
15600;43284;2.563
12333;8300;2.039
48288;8758;1.810
33965;48885;2.220
31736;44919;2.110
41622;9042;1.607
12333;33965;2.168
15517;50837;2.382
12387;34554;1.919
41622;9044;2.241
21040;513;1.809
197742;41562;1.563
48038;48288;1.265
33965;48575;1.940
34781;9042;1.980
3291;8300;1.170
12387;41913;2.425
31662;48885;2.168
29655;3303;2.708
34781;9044;2.348
1836;28859;2.006
15623;34781;2.094
15576;21232;1.979
15547;41622;2.110
12333;15623;2.003
21040;559;2.382
15600;8758;2.512
15600;1836;2.524
28859;3291;1.494
31662;48575;1.824
43284;6837;1.727
13030;48038;2.583
198385;6730;2.422
43284;44468;1.908
34146;35054;1.991
198385;6772;1.727
12651;15517;2.019
44919;6837;1.924
1836;21040;2.025
51395;61287;1.819
31736;34554;1.994
29691;42346;1.898
25091;8300;2.144
198385;6775;1.930
39040;49457;1.579
3303;49457;2.735
50837;8758;2.352
198385;51395;1.709
48575;6837;1.287
41562;48288;1.605
41913;48038;2.215
29691;39440;1.601
15517;25091;2.423
1836;3303;2.771
12333;6730;2.670
12333;6772;2.104
28859;44468;1.695
15576;48885;2.171
12651;48052;1.647
12333;6775;2.322
49457;8821;1.908
48288;6837;1.496
21040;31736;1.978
15600;48288;2.427
3291;6730;2.370
15576;48575;1.880
15547;513;2.275
41622;48971;1.812
3291;6772;1.816
29655;8300;1.720
48038;8300;0.909
21040;31424;1.922
15547;34146;2.277
31736;8758;2.042
15517;48971;2.089
3291;6775;1.771
12387;35518;1.802
41913;9042;2.384
197742;24889;1.641
15547;559;2.433
12333;12350;2.263
12651;31662;1.755
41913;9044;2.476
34781;48038;1.714
29655;47176;1.883
12333;31736;2.211
15517;15547;2.349
513;8758;2.099
3303;35054;2.798
41622;47506;1.621
33965;42346;1.955
3291;43284;1.720
25091;6730;2.678
12333;31424;2.076
25091;6772;2.400
34146;48885;2.135
43284;48038;1.532
25091;6775;2.482
48052;51395;1.763
33965;39440;1.884
47506;51395;1.665
1836;8300;1.865
12350;43284;2.269
47506;8821;1.852
31662;42346;1.931
12387;6730;2.544
34146;48575;1.781
31736;35518;1.913
12387;6772;1.909
197742;39040;1.327
6730;6772;2.567
20932;47506;2.353
15576;9042;1.921
15547;50837;2.450
15517;9042;2.116
34554;58193;1.723
197742;58193;1.329
12387;6775;2.110
31662;39440;1.744
15623;29691;1.518
15576;9044;2.309
15517;9044;2.387
6730;6775;2.529
61287;8300;1.783
29655;6730;2.466
1836;48885;2.240
15576;20932;2.313
42346;48038;1.505
35054;44468;2.024
34554;44911;1.735
29655;6772;1.988
197742;44911;1.245
12651;3303;2.720
20932;3303;2.894
29655;41562;1.848
15623;29655;1.927
6772;8821;1.993
29655;6775;2.037
1836;48575;1.875
198385;49457;1.583
12387;51395;1.816
29655;513;1.828
12350;198385;1.967
12387;29691;1.890
58193;8758;1.764
34554;44919;1.981
197742;44919;1.765
8300;9042;1.305
39440;51395;1.687
15576;42346;1.982
8300;9044;2.260
29655;559;2.377
15600;3291;2.346
3303;48885;2.845
15547;197742;2.096
12387;29655;1.830
3291;33965;1.881
15623;58193;1.645
15576;39440;1.804
15547;25091;2.422
44468;48052;1.689
39440;9042;1.552
3291;48288;1.470
3303;48575;2.747
39440;9044;2.193
15623;44911;1.706
48038;513;1.330
31736;51395;1.851
20932;41622;2.233
21232;48052;1.898
21040;48052;1.917
13030;8821;2.851
29691;48038;1.501
12350;48288;2.046
12651;8300;0.917
12333;43284;2.115
48038;559;2.171
28859;47506;1.650
20932;8300;2.257
198385;35054;1.761
15547;48971;2.263
31424;3303;2.798
15623;44919;1.843
15517;197742;2.014
34146;42346;1.912
24889;47506;1.704
197742;41913;2.264
1836;20932;2.411
12651;47176;1.686
39040;51395;1.634
15576;28859;1.946
35518;39040;1.571
48038;48052;1.394
47506;49457;1.675
44911;48288;1.442
21232;31662;1.831
25091;47506;2.369
34146;39440;1.711
31736;3291;1.864
13030;44468;2.731
47176;6837;1.702
44919;48038;1.724
198385;21232;1.646
15576;21040;1.986
39040;8300;1.327
29655;31662;1.888
1836;42346;2.044
197742;34781;1.951
41622;61190;1.435
33965;8758;2.030
21232;513;1.802
20932;34146;2.382
15623;34554;1.782
15517;61190;1.997
1836;39440;1.823
35518;61287;1.851
33965;48038;1.734
12387;49457;1.824
21232;559;2.382
41562;48052;1.972
29655;39040;1.648
35518;8300;1.472
20932;6730;2.644
31424;47506;1.765
28859;41622;1.591
20932;6772;2.415
12651;41562;1.703
6775;9042;1.872
39440;49457;1.450
35054;9042;1.954
31424;8300;1.860
41622;50837;2.161
15576;198385;1.661
6775;9044;2.398
35054;9044;2.342
3303;42346;2.782
31662;48038;1.609
20932;6775;2.376
20932;61190;2.287
48971;61190;1.732
24889;41622;1.650
198385;48885;1.992
12333;48288;1.989
51395;58193;1.641
35054;47506;1.838
3303;6730;2.900
15600;48052;2.532
15517;33965;2.182
34554;35518;1.891
3303;6772;2.744
197742;35518;1.388
12350;31736;2.219
3303;39440;2.701
25091;41622;2.285
34781;44468;2.042
198385;48575;1.271
3303;6775;2.808
12350;31424;2.167
31736;49457;1.970
15623;197742;1.660
15517;15623;2.067
39040;6730;2.358
29655;61287;1.828
20932;50837;2.430
48971;50837;2.330
39040;6772;1.894
12333;198385;1.903
12387;35054;2.061
39040;6775;1.956
15600;31662;2.448
12651;198385;1.248
33965;6837;1.876
1836;44468;1.929
15576;48038;1.656
35518;47176;1.864
35518;6730;2.477
24889;8821;1.984
35518;6772;1.866
28859;34146;1.778
48052;8300;1.644
47176;47506;1.850
31424;41622;1.754
15623;35518;1.775
