6471;7004;1.111
19338;6471;1.108
262237;27651;0.926
16629;22661;1.455
16471;27978;1.434
22661;27978;1.479
20015;262237;1.271
14259;52280;1.350
10778;16471;0.925
22661;52280;1.451
19411;6429;1.204
27651;27678;1.470
16629;19228;1.308
262237;27678;1.472
19228;52280;1.248
16629;27986;1.397
11340;19338;1.467
14259;27978;1.499
14259;7004;1.323
11340;27651;1.445
19411;27651;1.129
19338;52280;1.336
16471;262237;1.140
27986;6471;1.379
10778;52280;1.213
10778;6471;1.137
27651;7004;1.110
19228;27978;1.435
19338;262237;1.272
16471;19338;1.306
14259;6429;1.374
27651;27986;1.379
11340;19411;1.428
16471;27651;1.136
22661;27651;1.420
19338;27978;1.467
27651;6429;1.205
10778;27978;1.434
11340;27678;1.510
20015;6471;1.108
19411;27678;1.459
16629;20015;0.908
27678;6471;1.470
262237;6471;0.926
262237;27986;1.404
27978;6471;1.441
20015;52280;1.336
11340;22661;1.464
11340;6471;1.445
19411;22661;1.380
19338;7004;0.914
16471;19411;1.048
14259;19338;1.323
16471;27678;1.462
22661;27678;1.506
14259;27651;1.318
27978;27986;1.503
11340;19228;1.428
27678;27986;1.513
22661;6471;1.420
16629;6471;1.108
10778;7004;1.307
20015;27978;1.467
19338;6429;1.359
19228;19338;1.309
16471;22661;1.280
16471;6471;1.136
19411;262237;1.177
19228;27651;1.126
11340;27986;1.512
19411;27986;1.417
19338;19411;1.311
52280;6471;1.141
19228;6471;1.126
14259;19411;1.372
10778;19338;1.306
16471;19228;1.035
14259;27678;1.504
19338;27651;1.108
20015;7004;0.914
10778;27651;1.136
27986;7004;1.397
16629;52280;1.336
19338;22661;1.455
19228;19411;0.943
16471;27986;1.414
14259;22661;1.475
22661;27986;1.490
19228;27678;1.459
10778;19411;1.048
27986;6429;1.424
19338;27678;1.478
11340;20015;1.467
14259;19228;1.371
19411;20015;1.310
19228;22661;1.380
10778;27678;1.462
10778;6429;1.226
16629;27978;1.467
11340;14259;1.504
27678;7004;1.478
27651;52280;1.141
262237;7004;1.274
19411;6471;1.129
20015;27651;1.108
14259;27986;1.380
10778;22661;1.280
27978;7004;1.468
11340;7004;1.467
6429;6471;1.205
22661;262237;1.426
10778;262237;1.140
16471;20015;1.306
20015;6429;1.359
11340;16629;1.467
27678;6429;1.482
262237;6429;1.244
19228;27986;1.416
10778;19228;1.035
27651;27978;1.441
22661;7004;1.454
16629;7004;0.914
27978;6429;1.397
11340;6429;1.465
20015;27678;1.478
27978;52280;1.442
19338;27986;1.397
16471;7004;1.307
11340;262237;1.449
262237;27978;1.447
14259;262237;1.346
10778;27986;1.415
14259;16629;1.323
52280;7004;1.338
19228;7004;1.309
16471;16629;1.306
262237;52280;1.091
20015;22661;1.455
14259;6471;1.318
14259;20015;1.323
22661;6429;1.433
16629;6429;1.359
16629;19338;0.909
11340;52280;1.470
27651;6471;0.926
19411;52280;1.253
16629;27651;1.108
11340;16471;1.421
16471;6429;1.226
27986;52280;1.414
19411;7004;1.310
19228;262237;1.174
52280;6429;1.204
27678;27978;1.510
19228;6429;1.204
19228;20015;1.308
10778;11340;1.421
6429;7004;1.360
27678;52280;1.476
10778;16629;1.306
20015;27986;1.397
19338;20015;0.909
16629;19411;1.310
16471;52280;1.212
14259;16471;1.371
11340;27978;1.492
19411;27978;1.439
10778;20015;1.306
16629;27678;1.478
10778;14259;1.371
16629;262237;1.271
