17897;24400;1.126
56042;9308;1.237
24348;56040;0.925
23910;24547;0.925
17897;24445;1.126
9308;9394;1.958
24348;56042;0.925
24348;56001;0.910
24151;58461;2.011
38340;58461;1.044
17897;24489;1.207
17897;24133;1.301
4837;55439;2.504
38370;4837;2.459
23911;38370;1.506
17897;4847;1.045
4808;4847;1.209
24400;24547;0.924
24348;56046;0.925
24151;58466;2.066
17897;4808;1.099
132203;17621;1.822
24348;56048;0.925
17897;4809;1.905
132203;17622;2.023
4808;4809;1.922
38340;58466;1.155
17897;24138;0.924
132203;17623;2.023
4813;9808;1.194
4809;4811;1.905
17897;4538;1.905
4816;4837;2.462
4809;4812;1.955
4809;4813;1.905
24490;9814;1.577
24490;58461;1.509
4809;4816;1.905
24138;9929;1.388
24490;58466;1.562
24348;24547;0.925
17431;9808;1.055
55439;7497;1.812
17622;4837;2.459
23910;4811;0.925
132203;24400;1.787
56001;9929;1.620
23910;4812;1.045
17633;9929;1.515
23910;4813;0.925
17431;18118;0.963
37958;4811;1.630
132203;24445;1.787
37958;4812;1.652
24138;9308;0.925
23910;4816;0.925
37958;4813;1.631
17785;23724;0.970
38283;9394;2.023
132203;24133;1.760
132203;24489;1.774
37958;38340;1.713
24151;9298;2.015
17621;55439;1.216
37958;4816;1.631
17623;4847;1.626
56001;9308;1.360
17623;7497;2.020
17633;9308;1.175
17623;4808;1.356
132203;24138;1.646
17623;4809;2.054
17638;58461;0.924
17897;9808;1.194
4808;9808;1.186
17623;4538;2.091
4538;4837;2.598
17638;58466;1.045
38340;9929;1.485
24151;38283;2.011
4809;9814;1.908
38370;9298;1.159
24138;24490;1.265
23910;55439;0.925
17816;9929;1.758
18118;24400;1.128
55439;9808;1.312
23650;9929;1.515
58466;9298;1.048
4816;9298;0.947
38340;9308;1.158
24400;55439;1.227
23910;9814;0.933
18118;24445;1.128
24490;38283;1.509
18118;24489;1.196
18118;24133;1.288
17633;17638;0.924
37958;9814;1.786
17816;9308;1.418
23650;9308;1.175
17431;24400;0.959
17623;24400;1.573
24133;24490;1.431
18118;24138;0.924
17623;9808;1.643
17431;24445;0.959
17623;24445;1.573
24489;9394;2.056
17785;4847;1.045
17431;24133;0.935
17623;24133;1.677
17431;24489;0.969
17623;24489;1.620
17785;4808;1.099
17897;38340;1.044
17785;4809;1.905
9394;9814;1.970
17623;17897;1.527
17431;17897;0.963
17431;17816;1.360
17431;24138;0.056
17623;17816;1.360
17623;24138;1.360
23724;37958;1.631
17785;4538;1.905
17622;37958;1.982
24489;38340;1.190
4538;9298;1.910
17638;23650;0.924
24348;4847;1.046
24348;4808;0.327
24348;4809;1.834
24547;9394;2.076
23724;45587;1.533
56046;9814;1.242
24348;4538;1.826
17622;45587;1.694
132203;38340;1.671
17633;23650;0.924
17785;9808;1.194
132203;17785;1.739
4813;9929;1.515
132203;17431;1.669
24547;58461;1.126
23724;38370;1.194
17622;38370;1.476
24547;58466;1.228
17431;9929;1.414
4813;9308;1.175
24490;9394;2.177
24445;24489;1.199
24133;4847;1.385
24133;7497;1.888
9298;9808;1.204
24133;4808;0.997
24133;4809;1.994
17431;9308;0.957
24348;9808;1.025
24133;4538;1.916
17816;23650;1.527
17638;24348;0.925
4812;9298;1.048
18118;38340;1.058
56042;56046;0.924
56042;56048;0.924
17897;9929;1.515
4808;9929;1.469
56048;9298;1.132
24151;56040;2.035
55439;58461;1.241
23650;24400;1.126
17785;24348;0.925
17431;38340;0.963
17623;38340;1.537
24151;56042;2.035
24151;56001;2.026
17897;9308;1.175
4808;9308;1.140
23650;24445;1.126
55439;58466;1.353
24151;56046;2.035
17633;24348;0.925
55439;9929;1.636
4809;9394;2.308
24151;56048;2.035
23650;24489;1.207
23650;24133;1.301
24490;56040;1.481
24490;56042;1.481
24490;56001;1.448
23650;24138;0.924
55439;9308;1.281
38283;58461;0.924
24151;7497;2.216
24138;58461;0.924
24490;56046;1.481
23910;9394;1.946
24151;24547;2.035
17623;9929;1.758
24490;56048;1.481
17622;18118;1.533
38283;58466;1.045
37958;9394;2.382
24138;58466;1.044
56040;9298;1.132
45587;4837;2.470
17785;58461;0.924
17431;17621;0.924
17623;9308;1.418
17431;17622;1.360
24490;24547;1.481
24138;4811;0.924
17816;24348;1.362
17431;17623;1.360
24138;4812;1.044
24138;4813;0.924
132203;23910;1.647
56042;9814;1.242
24133;58461;1.301
17785;58466;1.045
17633;58461;0.924
132203;23911;1.970
24138;4816;0.924
17633;4811;0.943
17633;4812;1.045
58466;7497;1.865
17633;4813;0.924
38370;58461;1.150
24133;58466;1.384
17633;58466;1.045
17622;9298;1.534
17633;4816;0.924
38370;58466;1.263
24445;38340;1.149
24348;55439;0.925
132203;4134;2.715
38340;4811;1.058
23724;24400;1.162
17785;9929;1.515
58461;58466;1.045
38340;4812;1.155
38340;4813;1.044
17638;38283;0.924
17816;58461;1.527
56046;9394;2.076
23724;24445;1.162
38340;4816;1.044
18118;23910;0.925
18118;23911;1.513
17816;4811;1.533
24138;9814;0.932
23724;24489;1.250
17816;4812;1.626
45587;9298;1.503
23650;4811;0.943
17816;58466;1.626
17816;4813;1.527
24151;55439;1.930
23650;4812;1.045
17785;9308;1.175
23650;4813;0.924
17816;4816;1.527
56001;9814;1.368
17633;9814;1.176
17622;17897;1.527
23650;4816;0.924
17622;17816;1.360
17785;38283;0.924
17623;23910;1.362
23911;24400;1.561
17623;23911;1.847
9298;9929;1.528
17785;23650;0.924
23724;4847;1.045
23650;38340;1.044
17633;38283;0.924
23724;7497;1.826
17638;24151;2.011
24490;55439;1.536
24348;9929;1.390
23911;24445;1.561
23724;4808;1.144
23724;4809;1.907
23911;24489;1.466
23911;24133;1.461
23724;4538;1.944
56046;58461;1.126
9808;9929;1.655
9298;9308;1.186
23911;24138;1.297
24348;9308;0.926
56046;58466;1.228
38340;9814;1.163
23910;37958;1.619
17785;24151;2.011
17633;24151;2.011
24400;37958;1.735
17816;9814;1.408
23911;4134;2.702
23650;9814;1.176
4811;4837;2.465
17816;38283;1.527
17621;38370;1.160
4813;58461;0.924
24138;24348;0.002
23724;9808;1.225
24400;4134;2.645
23910;45587;1.346
4813;58466;1.045
4812;4847;1.044
4812;7497;1.865
24400;45587;1.567
38340;56040;1.149
24445;4134;2.645
23910;38370;0.925
17816;24151;2.194
4813;4816;0.924
38340;56042;1.149
38340;56001;1.261
17431;17785;0.963
17623;17785;1.527
24133;24348;0.909
17431;4811;0.963
38340;56046;1.149
24400;38370;1.213
17897;23910;0.925
17431;4812;1.077
17897;23911;1.513
17431;4813;0.963
38340;56048;1.149
24547;38283;1.126
24133;9808;1.334
17431;4816;0.963
4847;9298;1.049
56042;9394;2.076
55439;56040;1.227
24151;4847;2.067
132203;23724;1.762
132203;4837;2.592
55439;56042;1.227
55439;56001;1.286
24151;4808;1.977
24151;4809;2.396
17897;24490;1.509
58461;9298;0.947
24348;38370;0.925
55439;56046;1.227
24151;4538;2.312
55439;56048;1.227
24489;24490;1.286
17897;4811;0.943
4808;4811;1.099
17897;4812;1.045
4808;4812;1.209
17897;4813;0.924
4808;4813;1.099
56040;7497;1.830
38370;4847;1.263
23650;23910;0.925
17897;4816;0.924
4813;9814;1.176
4808;4816;1.099
38370;7497;1.862
23911;38340;1.514
23650;23911;1.513
38370;4808;1.086
17638;56040;1.126
38370;4809;1.927
17638;56042;1.126
132203;17633;1.739
17638;56001;1.312
38370;4538;1.934
4816;4847;1.045
4816;7497;1.796
17638;56046;1.126
17431;9814;0.963
132203;17638;1.739
17638;56048;1.126
18118;23724;0.980
17785;56040;1.126
132203;24490;1.917
24138;9394;1.945
17622;4847;1.626
17622;17623;1.360
17785;56042;1.126
17785;56001;1.312
17622;7497;2.020
24151;9808;2.070
17622;4808;1.356
17622;4809;2.054
17633;56040;1.126
56001;9394;2.038
17785;56046;1.126
17633;9394;2.023
17623;4811;1.533
18118;4134;2.617
17633;56001;1.312
17623;4812;1.626
17638;24547;1.126
17622;4538;2.091
17633;56042;1.126
17785;56048;1.126
17623;4813;1.527
38370;56040;1.213
132203;9298;1.746
17623;23724;1.568
17623;4816;1.527
17633;56046;1.126
38370;56042;1.213
38370;56001;1.286
17897;9814;1.176
17638;4134;2.614
17622;24400;1.573
4808;9814;1.147
24138;38283;0.924
17633;56048;1.126
38370;9808;1.296
38370;56046;1.213
17622;24445;1.573
4538;4847;1.974
38370;56048;1.213
23911;4837;2.566
23724;24133;1.342
17785;24547;1.126
4538;7497;2.252
17622;24489;1.620
17622;24133;1.677
4538;4808;1.879
4538;4809;2.343
38340;55439;1.245
17621;4134;2.616
58466;9808;1.262
4816;9808;1.194
23724;24138;0.970
17633;24547;1.126
38340;9394;2.002
17622;24138;1.360
55439;9814;1.280
18118;24490;1.498
17431;23910;0.058
17621;37958;1.754
17431;23911;1.323
17816;56040;1.573
24400;4837;2.493
24133;38283;1.301
24138;24151;1.929
17816;9394;2.101
17816;56042;1.573
17816;56001;1.676
23650;9394;2.023
4134;4837;2.717
23724;9929;1.558
17816;56046;1.573
17816;56048;1.573
17431;24490;1.283
17623;24490;1.836
17623;9814;1.408
24445;4837;2.493
17785;4811;0.943
17785;4812;1.045
17785;4813;0.924
23724;9308;1.219
17621;45587;1.559
17785;4816;0.924
24133;24151;2.030
17816;24547;1.573
4538;9808;1.990
17638;55439;1.241
24547;56040;0.924
23911;9298;1.515
4134;58461;2.614
24133;9929;1.631
24547;56042;0.924
24547;56001;1.321
56046;56048;0.924
24348;37958;1.619
17897;23724;0.970
4134;58466;2.652
24547;56046;0.924
24348;4811;0.925
24348;4812;1.045
17785;55439;1.241
24547;56048;0.924
24348;4813;0.925
4809;58461;1.905
24133;9308;1.357
24400;9298;1.132
24348;4816;0.925
17633;55439;1.241
56048;7497;1.830
4809;58466;1.955
4134;9298;2.618
4813;56040;1.126
17785;9814;1.176
38370;55439;1.236
4813;56042;1.126
4813;56001;1.312
38283;4134;2.614
24445;9298;1.132
4813;56046;1.126
4813;56048;1.126
24348;45587;1.346
4813;9394;2.023
23650;23724;0.970
24445;24490;1.481
23724;38340;1.088
17622;38340;1.537
4847;7497;1.866
24133;4811;1.288
18118;4837;2.465
24133;4812;1.384
17622;17785;1.527
24490;37958;1.984
24133;4813;1.301
9298;9814;1.184
4811;9298;0.930
24151;9929;2.217
17431;9394;1.964
24133;4816;1.301
17816;55439;1.582
17638;4837;2.462
4812;9808;1.262
24348;9814;0.933
58461;7497;1.796
4837;9298;2.467
9808;9814;1.323
56048;9808;1.024
24151;9308;2.087
38283;56040;1.126
24138;56040;0.924
38283;56042;1.126
38283;56001;1.312
24138;56042;0.924
24138;56001;0.909
132203;58461;1.739
17621;4837;2.441
38370;9929;1.533
17621;18118;1.138
38283;56046;1.126
24151;38370;2.053
24138;56046;0.924
17897;9394;2.023
4808;9394;1.989
132203;58466;1.793
38283;56048;1.126
24490;45587;1.769
24138;56048;0.924
23650;24490;1.509
58466;9929;1.612
4816;9929;1.515
24489;4134;2.646
38370;9308;1.167
24133;56040;1.259
24490;38370;1.543
24547;55439;1.227
24138;24547;0.924
24133;56042;1.259
24133;56001;1.008
58466;9308;1.284
55439;9394;2.099
4816;9308;1.175
17431;23724;1.008
24133;56046;1.259
18118;9298;0.930
24133;56048;1.259
56040;9808;1.024
132203;7497;2.161
18118;58461;0.943
17638;9298;0.947
17623;9394;2.101
45587;4847;1.586
18118;58466;1.044
45587;7497;2.058
4538;9929;2.089
24133;24547;1.259
45587;4808;1.428
24547;4134;2.645
45587;4809;2.042
17621;24400;1.183
17623;58461;1.527
17621;9298;1.139
17431;17633;0.963
17623;17633;1.527
17621;24445;1.183
17622;9808;1.643
4538;9308;1.957
17623;58466;1.626
17621;24133;1.360
17431;17638;0.963
17623;17638;1.527
17621;24489;1.273
132203;23650;1.739
7497;9298;1.799
17621;17897;1.126
17621;17816;1.385
17621;24138;0.924
37958;58461;1.631
23724;23910;0.971
56001;58461;1.312
23724;23911;1.552
17622;23910;1.362
23910;24400;0.925
17622;23911;1.847
38283;4837;2.462
24490;4134;2.696
37958;58466;1.652
56001;58466;1.409
23910;24445;0.925
23910;24489;0.950
23910;24133;0.909
23724;24490;1.549
38283;55439;1.241
24400;24445;0.924
24138;55439;0.924
17897;24348;0.925
45587;9808;1.630
23910;24138;0.002
24400;24489;1.199
17785;9394;2.023
24348;24400;0.925
18118;23650;0.943
24348;24445;0.925
23724;4811;0.980
23911;24490;1.698
23724;4812;1.045
56040;58461;1.126
24348;24489;0.950
23724;4813;0.970
4812;9929;1.612
24133;55439;1.293
23724;4816;0.970
4812;58461;1.045
4134;56040;2.645
17623;23650;1.527
9298;9394;2.027
56040;58466;1.228
4134;56042;2.645
4134;56001;2.638
56048;9929;1.593
4134;7497;2.739
24348;9394;1.946
132203;24348;1.647
4812;58466;1.044
4812;9308;1.284
4134;56046;2.645
24151;37958;2.087
4808;58461;1.099
37958;38283;1.631
24489;4837;2.488
17897;58461;0.924
4809;56040;1.919
4134;56048;2.646
38283;9298;0.947
24445;7497;1.830
23910;4134;2.606
4809;56042;1.919
4809;56001;2.000
56048;9308;1.237
4808;58466;1.209
24489;58461;1.207
17897;58466;1.045
37958;4134;2.742
4809;56046;1.919
4809;56048;1.919
24489;58466;1.296
4811;4847;1.044
4811;7497;1.799
23724;9814;1.219
24151;45587;2.199
17621;38340;1.163
38340;45587;1.435
23650;58461;0.924
4812;4813;1.045
56040;9929;1.593
18118;24348;0.925
4812;4816;1.045
24547;4837;2.493
23650;58466;1.045
4847;58461;1.045
38340;38370;1.151
17638;37958;1.631
56040;9308;1.237
4847;58466;1.044
23910;38340;0.925
17431;24348;0.058
17623;24348;1.362
4847;9808;1.262
24489;9298;1.199
132203;56040;1.787
24133;9814;1.368
17897;38283;0.924
17622;9929;1.758
24400;38340;1.149
132203;56042;1.787
132203;56001;1.755
24151;4811;2.014
24151;4812;2.066
24490;4837;2.560
24151;4813;2.011
17897;23650;0.924
58461;9808;1.194
24489;38283;1.207
132203;56046;1.787
24151;4816;2.011
17621;17622;1.385
17633;37958;1.631
132203;56048;1.788
132203;4847;1.793
17621;17623;1.385
132203;4808;1.705
17622;9308;1.418
132203;4809;2.219
17638;45587;1.490
24348;38340;0.925
132203;4538;2.148
38370;4811;1.154
4134;55439;2.631
38370;4812;1.263
4813;55439;1.241
38370;4813;1.150
17897;24151;2.011
17622;23724;1.568
17638;38370;1.150
38370;4816;1.150
45587;9929;1.480
17431;58461;0.963
24547;9298;1.132
132203;38283;1.739
4809;55439;1.983
17621;7497;1.855
4538;58461;1.905
17431;58466;1.077
17633;45587;1.490
17622;4811;1.533
45587;9308;1.348
17816;37958;1.982
17622;4812;1.626
17785;38370;1.150
4538;58466;1.973
38370;45587;1.491
17622;4813;1.527
4809;4837;2.549
24151;9814;2.078
45587;58461;1.490
17622;4816;1.527
17622;17633;1.527
17633;38370;1.150
132203;9808;1.838
45587;58466;1.585
17622;17638;1.527
24490;9298;1.501
132203;24151;2.259
23910;4837;2.436
17622;24490;1.836
38370;9814;1.162
37958;4837;2.616
4538;4811;1.908
37958;56040;1.735
4538;4812;1.973
4538;4813;1.905
37958;56042;1.735
37958;56001;1.878
23911;58461;1.513
18118;38283;0.943
4538;4816;1.905
23911;4847;1.599
58466;9814;1.285
4816;9814;1.176
37958;56046;1.735
23911;7497;2.047
23911;4808;1.375
37958;56048;1.735
23911;58466;1.598
23911;4809;2.151
24547;37958;1.735
23911;4538;2.055
17816;38370;1.476
17431;38283;0.963
17623;38283;1.527
4816;58461;0.924
24400;4847;1.228
23910;23911;1.297
24400;7497;1.830
17431;23650;0.963
24400;4808;1.094
23650;24348;0.925
4816;58466;1.045
24445;58461;1.126
24400;4809;1.919
4134;4847;2.652
18118;24151;2.014
4809;9298;1.907
4134;4808;2.633
24400;4538;1.931
24151;24400;2.035
4134;4809;2.715
24445;58466;1.228
23724;9394;2.059
24445;4847;1.228
4134;4538;2.699
24151;24445;2.035
24445;4808;1.094
24445;4809;1.919
56040;56042;0.924
38283;7497;1.796
24547;45587;1.567
24151;24489;2.045
4538;9814;1.950
17431;24151;1.954
17623;24151;2.194
4812;56040;1.228
24445;4538;1.931
23910;9298;0.931
56040;56046;0.924
4812;56042;1.228
4812;56001;1.409
23911;9808;1.625
56040;56048;0.924
37958;9298;1.633
4847;9929;1.613
4812;56046;1.228
24547;38370;1.213
17897;56040;1.126
4812;56048;1.228
17897;56042;1.126
17897;56001;1.312
58461;9929;1.515
24489;56040;1.199
4837;4847;2.500
17897;56046;1.126
4847;9308;1.285
4837;7497;2.637
24489;56042;1.199
24489;56001;1.236
24400;9808;1.024
24133;9394;2.043
17897;56048;1.126
17621;17785;1.126
4134;9808;2.672
24489;56046;1.199
24489;56048;1.199
24138;4134;2.605
58461;9308;1.175
24138;37958;1.619
24445;9808;1.024
17897;24547;1.126
17633;4134;2.614
24445;38283;1.126
37958;55439;1.717
24489;24547;1.199
4847;56040;1.228
24489;7497;1.849
17785;37958;1.631
4847;56042;1.228
4847;56001;1.409
4811;9808;1.202
24133;37958;1.861
56046;9298;1.132
4847;56046;1.228
18118;4847;1.045
4847;56048;1.228
38283;45587;1.490
24138;45587;1.345
18118;7497;1.799
4837;9808;2.525
4812;9814;1.285
18118;4808;1.099
38340;4134;2.609
18118;4809;1.905
132203;9929;1.954
17638;4847;1.045
24151;9394;2.429
18118;4538;1.908
17638;7497;1.796
17638;4808;1.099
56048;9814;1.242
17638;4809;1.905
132203;24547;1.787
17816;4134;2.636
38283;38370;1.150
24138;38370;0.924
23650;4134;2.614
23650;38283;0.924
17638;4538;1.905
17785;45587;1.490
132203;9308;1.784
23911;24348;1.297
17621;4847;1.243
18118;56040;1.128
24133;45587;1.588
17621;4808;0.924
24547;7497;1.830
18118;56042;1.128
18118;56001;1.306
17621;4809;1.936
38370;9394;1.947
24151;38340;2.055
4812;55439;1.353
17621;4538;1.923
18118;56046;1.128
23724;58461;0.970
18118;56048;1.128
17622;58461;1.527
58466;9394;2.084
4816;9394;2.023
24133;38370;1.285
17431;56040;0.959
17623;56040;1.573
23650;24151;2.011
17897;55439;1.241
17623;56001;1.676
17431;56042;0.959
17623;56042;1.573
17431;56001;0.942
23724;58466;1.045
18118;9808;1.202
17622;58466;1.626
4538;56040;1.931
24490;38340;1.487
17431;56046;0.959
17623;56046;1.573
4538;56042;1.931
4538;56001;1.897
24489;55439;1.266
56040;9814;1.242
18118;24547;1.128
17638;9808;1.194
17431;56048;0.959
17623;56048;1.573
24490;7497;2.021
4538;56046;1.931
17621;23910;0.925
56001;56040;1.321
17621;23911;1.572
45587;56040;1.567
4538;56048;1.931
56001;56042;1.321
17816;45587;1.694
45587;56042;1.567
45587;56001;1.585
45587;4811;1.499
45587;4812;1.585
45587;4813;1.490
56001;56046;1.321
17431;24547;0.959
17623;24547;1.573
17621;9808;1.266
45587;56046;1.567
56001;56048;1.321
45587;4816;1.490
45587;56048;1.567
23911;9929;1.786
17621;24490;1.530
4538;9394;2.268
17622;9814;1.408
132203;55439;1.817
7497;9808;1.872
4847;55439;1.354
23911;9308;1.565
17638;18118;0.943
24138;4837;2.436
24400;9929;1.593
4134;9929;2.644
23910;24490;1.266
17633;4837;2.462
4809;7497;2.192
38283;4847;1.045
56042;9298;1.132
17431;4134;2.620
4811;58461;0.943
38283;4808;1.099
24445;9929;1.593
24400;9308;1.237
17785;18118;0.943
17622;23650;1.527
38283;4809;1.905
24400;24490;1.481
9308;9808;1.318
24445;56040;0.924
45587;9814;1.353
4134;9308;2.620
38283;4538;1.905
4811;58466;1.044
24445;56042;0.924
24445;56001;1.321
17633;18118;0.943
4808;56040;1.094
24445;9308;1.237
24445;56046;0.924
4808;56042;1.094
4808;56001;0.993
18118;55439;1.241
24445;56048;0.924
23911;38283;1.513
4811;9929;1.526
38340;4837;2.454
24348;24490;1.266
4808;56046;1.094
4134;45587;2.644
17897;4134;2.614
4808;56048;1.094
4837;9929;2.485
17816;4837;2.459
17431;55439;0.963
17623;55439;1.582
24445;24547;0.924
23650;4837;2.462
4811;9308;1.182
17638;24400;1.126
4812;9394;2.084
24138;9298;0.930
17638;24445;1.126
38283;9808;1.194
4837;9308;2.462
23911;24151;2.171
23650;56040;1.126
17816;18118;1.533
17638;24133;1.301
17638;24489;1.207
23650;56042;1.126
23650;56001;1.312
56001;9298;1.309
17633;9298;0.947
56048;9394;2.076
24489;4847;1.297
17785;24400;1.126
17638;17897;0.924
23650;56046;1.126
17638;17816;1.527
17638;24138;0.924
24489;4808;1.051
24489;4809;1.953
23650;56048;1.126
17785;24445;1.126
17633;24400;1.126
24489;4538;1.937
23724;24348;0.971
17623;4134;2.636
17785;24489;1.207
17785;24133;1.301
17622;24348;1.362
17633;24445;1.126
4811;4812;1.044
4811;4813;0.943
17785;17897;0.924
17633;24489;1.207
17633;24133;1.301
17785;17816;1.527
17785;24138;0.924
23650;24547;1.126
18118;9929;1.526
4811;4816;0.943
38340;9298;1.063
17633;17897;0.924
17633;17816;1.527
17633;24138;0.924
17638;9929;1.515
18118;9308;1.182
17816;9298;1.534
4837;58461;2.462
23650;9298;0.947
56040;9394;2.076
24547;4847;1.228
24547;4808;1.094
17638;9308;1.175
4837;58466;2.500
24547;4809;1.919
17816;24400;1.573
17621;9929;1.586
24489;9808;1.279
17621;23724;1.170
24547;4538;1.931
24445;55439;1.227
4847;9814;1.285
17816;24445;1.573
4813;4837;2.462
17816;24489;1.620
17816;24133;1.677
4808;55439;1.091
7497;9929;2.068
17621;9308;1.224
58461;9814;1.176
17816;17897;1.527
17816;24138;1.360
17785;4134;2.614
132203;4811;1.742
17622;9394;2.101
132203;4812;1.793
24490;4847;1.563
132203;4813;1.739
17431;4837;2.450
24490;4808;1.339
24490;4809;2.107
132203;4816;1.739
7497;9308;1.839
23724;56040;1.162
17621;17633;1.126
17622;56040;1.573
24490;4538;2.037
23724;56042;1.162
23724;56001;1.353
17622;56042;1.573
17622;56001;1.676
17621;17638;1.126
56048;58461;1.126
23724;56046;1.162
9308;9929;1.389
17622;56046;1.573
24547;9808;1.024
23724;56048;1.162
17622;56048;1.573
23650;55439;1.241
56048;58466;1.228
17638;38340;1.044
17897;4837;2.462
4808;4837;2.469
24348;4134;2.606
23910;58461;0.925
45587;9394;1.979
23911;56040;1.561
23911;56042;1.561
23911;56001;1.454
23724;24547;1.162
23910;58466;1.045
24400;58461;1.126
23911;56046;1.561
17785;38340;1.044
4809;4847;1.955
23911;56048;1.561
23724;38283;0.970
132203;9814;1.792
4813;9298;0.947
24490;9808;1.539
17622;38283;1.527
24400;58466;1.228
4816;56040;1.126
17633;38340;1.044
4816;56042;1.126
4816;56001;1.312
56042;7497;1.830
38283;9929;1.515
4816;56046;1.126
23910;4847;1.046
17431;9298;0.964
23911;24547;1.561
23910;7497;1.701
4816;56048;1.126
37958;38370;1.801
23910;4808;0.327
23910;4809;1.834
37958;4847;1.652
17623;4837;2.459
37958;7497;1.942
24133;4134;2.643
23911;4811;1.512
37958;4808;1.759
23911;4812;1.598
23910;4538;1.826
37958;4809;2.142
23911;4813;1.513
38283;9308;1.175
23724;24151;2.037
17622;24151;2.194
4811;56040;1.128
37958;4538;2.239
23911;4816;1.513
4811;56042;1.128
4811;56001;1.306
4811;56046;1.128
24400;4811;1.128
17897;9298;0.947
4808;9298;1.100
24489;37958;1.815
24400;4812;1.228
4811;56048;1.128
24400;4813;1.126
24138;24400;0.924
17816;38340;1.537
4809;9808;1.970
4134;4811;2.617
4538;55439;1.947
4134;4812;2.652
24400;4816;1.126
4134;4813;2.614
24138;24445;0.924
4134;4816;2.614
24445;4811;1.128
24151;24490;2.152
24138;24489;0.949
24445;4812;1.228
24445;4813;1.126
55439;9298;1.246
45587;55439;1.593
23910;9808;1.025
24445;4816;1.126
17633;7497;1.796
37958;9808;1.759
24489;9929;1.553
24133;24400;1.259
23911;9814;1.564
132203;37958;2.103
24133;24445;1.259
17785;4837;2.462
56046;7497;1.830
17897;38370;1.150
17623;9298;1.534
24133;24489;1.199
24489;9308;1.269
4847;9394;2.084
24547;38340;1.149
23911;55439;1.525
24489;38370;1.225
17638;23910;0.925
9394;9808;2.118
24400;9814;1.242
24133;24138;0.909
17638;23911;1.513
38340;7497;1.785
17621;24348;0.925
4134;9814;2.623
58461;9394;2.023
132203;45587;1.913
4816;55439;1.241
24445;9814;1.242
17816;7497;2.020
23650;7497;1.796
24348;4837;2.436
24547;9929;1.593
18118;37958;1.631
17633;23910;0.925
17633;23911;1.513
132203;38370;1.793
23910;24348;0.002
56046;9808;1.024
4811;9814;1.182
24547;9308;1.237
4811;55439;1.241
18118;4811;0.925
17623;37958;1.982
18118;4812;1.044
18118;4813;0.943
4837;9814;2.460
17785;9298;0.947
17621;58461;1.126
24490;9929;1.808
18118;4816;0.943
17638;4811;0.943
17638;4812;1.045
17638;4813;0.924
18118;45587;1.499
17621;58466;1.243
17638;4816;0.924
24133;4837;2.500
132203;9394;2.225
17816;23910;1.362
24490;9308;1.561
17816;23911;1.847
17621;4811;1.137
38283;38340;1.044
24138;38340;0.924
17621;4812;1.243
17621;4813;1.126
18118;38370;1.155
17623;45587;1.694
17638;17785;0.924
17621;4816;1.126
23724;4134;2.644
24348;9298;0.931
17622;24547;1.573
17431;38370;0.960
17623;38370;1.476
37958;45587;2.033
18118;9814;1.182
24133;38340;1.259
4809;9929;2.057
17638;9814;1.176
17633;17785;0.924
24348;58461;0.925
132203;18118;1.743
17431;7497;1.722
4809;9308;1.897
24348;58466;1.045
23910;9929;1.390
17621;38283;1.126
24445;37958;1.735
17621;9814;1.211
37958;9929;2.046
17621;23650;1.126
17897;37958;1.631
23910;9308;0.926
7497;9814;1.851
37958;9308;1.782
23911;9394;2.153
23910;38283;0.925
17897;7497;1.796
4808;7497;1.812
9394;9929;2.048
17621;24151;2.016
24138;4847;1.044
24445;45587;1.567
24400;38283;1.126
24138;7497;1.701
56042;9808;1.024
24138;4808;0.325
38283;4811;0.943
24138;4809;1.833
23724;55439;1.285
38283;4812;1.045
24400;9394;2.076
17638;23724;0.970
17622;55439;1.582
38283;4813;0.924
17633;4847;1.045
56001;7497;1.910
24138;4538;1.825
17897;45587;1.490
23650;37958;1.631
17633;4808;1.099
9308;9814;0.963
4134;9394;2.715
38283;4816;0.924
17633;4809;1.905
24445;38370;1.213
24489;45587;1.524
17633;4538;1.905
24151;4134;2.776
23910;24151;1.929
17623;18118;1.533
24445;9394;2.076
24348;38283;0.925
56046;9929;1.593
132203;17897;1.739
17633;23724;0.970
132203;17816;2.023
38340;4847;1.155
38370;4134;2.622
38340;4808;1.087
4811;9394;2.024
38340;4809;1.837
23650;45587;1.490
56046;9308;1.237
9814;9929;1.406
38340;4538;1.893
24138;9808;1.024
17816;4847;1.626
17638;24490;1.509
23650;4847;1.045
17816;4808;1.356
17785;23910;0.925
4837;9394;2.586
17816;4809;2.054
17785;23911;1.513
38283;9814;1.176
23650;4808;1.099
56001;9808;1.407
23650;4809;1.905
17633;9808;1.194
23650;38370;1.150
17816;4538;2.091
23724;4837;2.486
23650;4538;1.905
24489;4811;1.195
24489;4812;1.296
17622;4134;2.636
24489;4813;1.207
4837;56040;2.493
17785;24490;1.509
4837;56042;2.493
4837;56001;2.494
24489;4816;1.207
17816;23724;1.568
17633;24490;1.509
17431;37958;1.645
4837;56046;2.493
4837;56048;2.493
38340;9808;1.229
17785;7497;1.796
17816;9808;1.643
18118;9394;2.024
23650;9808;1.194
17897;18118;0.943
24547;4811;1.128
24547;4812;1.228
17638;9394;2.023
17621;56040;1.183
24547;4813;1.126
17431;45587;1.370
17621;56001;1.348
17621;56042;1.183
4812;4837;2.500
24547;4816;1.126
24489;9814;1.275
17816;24490;1.836
4538;45587;2.050
17621;56046;1.183
23724;9298;0.985
17621;56048;1.183
24348;7497;1.701
24151;24348;1.929
23911;37958;2.005
17621;9394;2.053
4813;4847;1.045
4813;7497;1.796
23910;56040;0.925
24490;4811;1.498
24490;4812;1.562
23910;56042;0.925
23910;56001;0.910
24490;4813;1.509
17621;24547;1.183
7497;9394;2.373
56042;58461;1.126
24490;4816;1.509
24400;56040;0.924
23910;56046;0.925
56042;9929;1.593
17431;4847;1.077
24400;56042;0.924
24400;56001;1.321
23910;56048;0.925
17431;4808;0.325
24151;4837;2.673
17431;4809;1.855
56042;58466;1.228
24400;56046;0.924
17431;4538;1.845
24547;9814;1.242
24400;56048;0.924
24133;9298;1.291
23911;45587;1.746
