17897;24400;1.126
56042;9308;1.236
24348;56040;0.925
23910;24547;0.925
17897;24445;1.126
9308;9394;1.477
24348;56042;0.925
24348;56001;0.910
24151;58461;1.483
38340;58461;1.043
17897;24489;1.199
17897;24133;1.301
4837;55439;1.519
38370;4837;1.514
23911;38370;1.362
17897;4847;1.045
4808;4847;1.149
24400;24547;0.924
24348;56046;0.925
24151;58466;1.486
17897;4808;1.099
132203;17621;1.461
24348;56048;0.925
17897;4809;1.455
132203;17622;1.504
4808;4809;1.454
38340;58466;1.124
17897;24138;0.924
132203;17623;1.504
4813;9808;1.193
4809;4811;1.456
17897;4538;1.468
4816;4837;1.515
4809;4812;1.459
4809;4813;1.455
24490;9814;1.411
24490;58461;1.383
4809;4816;1.455
24138;9929;1.247
24490;58466;1.394
24348;24547;0.925
17431;9808;1.043
55439;7497;1.459
17622;4837;1.511
23910;4811;0.925
132203;24400;1.454
56001;9929;1.417
23910;4812;1.045
17633;9929;1.329
23910;4813;0.925
17431;18118;0.963
37958;4811;1.393
132203;24445;1.454
37958;4812;1.395
24138;9308;0.925
23910;4816;0.925
37958;4813;1.393
17785;23724;0.970
38283;9394;1.487
132203;24133;1.466
132203;24489;1.448
37958;38340;1.413
24151;9298;1.483
17621;55439;1.216
37958;4816;1.393
17623;4847;1.423
56001;9308;1.359
17623;7497;1.497
17633;9308;1.174
17623;4808;1.356
132203;24138;1.410
17623;4809;1.504
17638;58461;0.924
17897;9808;1.193
4808;9808;1.145
17623;4538;1.503
4538;4837;1.533
17638;58466;1.045
38340;9929;1.320
24151;38283;1.483
4809;9814;1.464
38370;9298;1.157
24138;24490;1.256
23910;55439;0.925
17816;9929;1.447
18118;24400;1.128
55439;9808;1.264
23650;9929;1.329
58466;9298;1.046
4816;9298;0.947
38340;9308;1.157
24400;55439;1.227
23910;9814;0.932
18118;24445;1.128
24490;38283;1.383
18118;24489;1.187
18118;24133;1.288
17633;17638;0.924
37958;9814;1.434
17816;9308;1.389
23650;9308;1.174
17431;24400;0.959
17623;24400;1.424
24133;24490;1.385
18118;24138;0.924
17623;9808;1.437
17431;24445;0.959
17623;24445;1.424
24489;9394;1.495
17785;4847;1.045
17431;24133;0.935
17623;24133;1.467
17431;24489;0.968
17623;24489;1.435
17785;4808;1.099
17897;38340;1.043
17785;4809;1.455
9394;9814;1.478
17623;17897;1.409
17431;17897;0.963
17431;17816;1.360
17431;24138;0.056
17623;17816;1.360
17623;24138;1.360
23724;37958;1.393
17785;4538;1.468
17622;37958;1.486
24489;38340;1.181
4538;9298;1.469
17638;23650;0.924
24348;4847;1.045
24348;4808;0.327
24348;4809;1.435
24547;9394;1.501
23724;45587;1.333
56046;9814;1.240
24348;4538;1.444
17622;45587;1.444
132203;38340;1.431
17633;23650;0.924
17785;9808;1.193
132203;17785;1.443
4813;9929;1.329
132203;17431;1.414
24547;58461;1.126
23724;38370;1.170
17622;38370;1.398
24547;58466;1.193
17431;9929;1.257
4813;9308;1.174
24490;9394;1.513
24445;24489;1.193
24133;4847;1.335
24133;7497;1.477
9298;9808;1.199
24133;4808;0.997
24133;4809;1.489
17431;9308;0.957
24348;9808;1.023
24133;4538;1.484
17816;23650;1.409
17638;24348;0.925
4812;9298;1.046
18118;38340;1.058
56042;56046;0.924
56042;56048;0.924
17897;9929;1.329
4808;9929;1.284
56048;9298;1.132
24151;56040;1.482
55439;58461;1.241
23650;24400;1.126
17785;24348;0.925
17431;38340;0.963
17623;38340;1.416
24151;56042;1.482
24151;56001;1.498
17897;9308;1.174
4808;9308;1.140
23650;24445;1.126
55439;58466;1.281
24151;56046;1.482
17633;24348;0.925
55439;9929;1.379
4809;9394;1.521
24151;56048;1.482
23650;24489;1.199
23650;24133;1.301
24490;56040;1.365
24490;56042;1.365
24490;56001;1.394
23650;24138;0.924
55439;9308;1.279
38283;58461;0.924
24151;7497;1.509
24138;58461;0.924
24490;56046;1.365
23910;9394;1.468
24151;24547;1.482
17623;9929;1.447
24490;56048;1.365
17622;18118;1.412
38283;58466;1.045
37958;9394;1.520
24138;58466;1.044
56040;9298;1.132
45587;4837;1.520
17785;58461;0.924
17431;17621;0.924
17623;9308;1.389
17431;17622;1.360
24490;24547;1.365
24138;4811;0.924
17816;24348;1.361
17431;17623;1.360
24138;4812;1.044
24138;4813;0.924
132203;23910;1.410
56042;9814;1.240
24133;58461;1.301
17785;58466;1.045
17633;58461;0.924
132203;23911;1.493
24138;4816;0.924
17633;4811;0.943
17633;4812;1.045
58466;7497;1.442
17633;4813;0.924
38370;58461;1.150
24133;58466;1.335
17633;58466;1.045
17622;9298;1.413
17633;4816;0.924
38370;58466;1.210
24445;38340;1.149
24348;55439;0.925
132203;4134;1.538
38340;4811;1.058
23724;24400;1.143
17785;9929;1.329
58461;58466;1.045
38340;4812;1.124
38340;4813;1.043
17638;38283;0.924
17816;58461;1.409
56046;9394;1.501
23724;24445;1.143
38340;4816;1.043
18118;23910;0.925
18118;23911;1.374
17816;4811;1.412
24138;9814;0.931
23724;24489;1.210
17816;4812;1.423
45587;9298;1.332
23650;4811;0.943
17816;58466;1.423
17816;4813;1.409
24151;55439;1.457
23650;4812;1.045
17785;9308;1.174
23650;4813;0.924
17816;4816;1.409
56001;9814;1.362
17633;9814;1.174
17622;17897;1.409
23650;4816;0.924
17622;17816;1.360
17785;38283;0.924
17623;23910;1.361
23911;24400;1.396
17623;23911;1.477
9298;9929;1.333
17785;23650;0.924
23724;4847;1.045
23650;38340;1.043
17633;38283;0.924
23724;7497;1.437
17638;24151;1.483
24490;55439;1.401
24348;9929;1.247
23911;24445;1.396
23724;4808;1.112
23724;4809;1.455
23911;24489;1.361
23911;24133;1.362
23724;4538;1.470
56046;58461;1.126
9808;9929;1.388
9298;9308;1.183
23911;24138;1.261
24348;9308;0.926
56046;58466;1.193
38340;9814;1.159
23910;37958;1.382
17785;24151;1.483
17633;24151;1.483
24400;37958;1.423
17816;9814;1.384
23911;4134;1.531
23650;9814;1.174
4811;4837;1.516
17816;38283;1.409
17621;38370;1.160
4813;58461;0.924
24138;24348;0.002
23724;9808;1.200
24400;4134;1.524
23910;45587;1.244
4813;58466;1.045
4812;4847;1.044
4812;7497;1.442
24400;45587;1.369
38340;56040;1.149
24445;4134;1.524
23910;38370;0.925
17816;24151;1.510
4813;4816;0.924
38340;56042;1.149
38340;56001;1.260
17431;17785;0.963
17623;17785;1.409
24133;24348;0.909
17431;4811;0.963
38340;56046;1.149
24400;38370;1.213
17897;23910;0.925
17431;4812;1.067
17897;23911;1.372
17431;4813;0.963
38340;56048;1.149
24547;38283;1.126
24133;9808;1.309
17431;4816;0.963
4847;9298;1.046
56042;9394;1.501
55439;56040;1.227
24151;4847;1.486
132203;23724;1.444
132203;4837;1.533
55439;56042;1.227
55439;56001;1.286
24151;4808;1.469
24151;4809;1.521
17897;24490;1.383
58461;9298;0.947
24348;38370;0.925
55439;56046;1.227
24151;4538;1.517
55439;56048;1.227
24489;24490;1.273
17897;4811;0.943
4808;4811;1.099
17897;4812;1.045
4808;4812;1.149
17897;4813;0.924
4808;4813;1.099
56040;7497;1.445
38370;4847;1.210
23650;23910;0.925
17897;4816;0.924
4813;9814;1.174
4808;4816;1.099
38370;7497;1.458
23911;38340;1.374
23650;23911;1.372
38370;4808;1.086
17638;56040;1.126
38370;4809;1.465
17638;56042;1.126
132203;17633;1.443
17638;56001;1.312
38370;4538;1.471
4816;4847;1.045
4816;7497;1.437
17638;56046;1.126
17431;9814;0.961
132203;17638;1.443
17638;56048;1.126
18118;23724;0.980
17785;56040;1.126
132203;24490;1.486
24138;9394;1.468
17622;4847;1.423
17622;17623;1.360
17785;56042;1.126
17785;56001;1.312
17622;7497;1.497
24151;9808;1.489
17622;4808;1.356
17622;4809;1.504
17633;56040;1.126
56001;9394;1.504
17785;56046;1.126
17633;9394;1.487
17623;4811;1.412
18118;4134;1.519
17633;56001;1.312
17623;4812;1.423
17638;24547;1.126
17622;4538;1.503
17633;56042;1.126
17785;56048;1.126
17623;4813;1.409
38370;56040;1.213
132203;9298;1.444
17623;23724;1.412
17623;4816;1.409
17633;56046;1.126
38370;56042;1.213
38370;56001;1.286
17897;9814;1.174
17638;4134;1.518
17622;24400;1.424
4808;9814;1.143
24138;38283;0.924
17633;56048;1.126
38370;9808;1.251
38370;56046;1.213
17622;24445;1.424
4538;4847;1.474
38370;56048;1.213
23911;4837;1.527
23724;24133;1.311
17785;24547;1.126
4538;7497;1.516
17622;24489;1.435
17622;24133;1.467
4538;4808;1.458
4538;4809;1.529
38340;55439;1.245
17621;4134;1.521
58466;9808;1.215
4816;9808;1.193
23724;24138;0.970
17633;24547;1.126
38340;9394;1.485
17622;24138;1.360
55439;9814;1.277
18118;24490;1.378
17431;23910;0.058
17621;37958;1.423
17431;23911;1.269
17816;56040;1.424
24400;4837;1.520
24133;38283;1.301
24138;24151;1.457
17816;9394;1.504
17816;56042;1.424
17816;56001;1.465
23650;9394;1.487
4134;4837;1.535
23724;9929;1.333
17816;56046;1.424
17816;56048;1.424
17431;24490;1.260
17623;24490;1.489
17623;9814;1.384
24445;4837;1.520
17785;4811;0.943
17785;4812;1.045
17785;4813;0.924
23724;9308;1.191
17621;45587;1.368
17785;4816;0.924
24133;24151;1.496
17816;24547;1.424
4538;9808;1.483
17638;55439;1.241
24547;56040;0.924
23911;9298;1.374
4134;58461;1.518
24133;9929;1.418
24547;56042;0.924
24547;56001;1.321
56046;56048;0.924
24348;37958;1.382
17897;23724;0.970
4134;58466;1.520
24547;56046;0.924
24348;4811;0.925
24348;4812;1.045
17785;55439;1.241
24547;56048;0.924
24348;4813;0.925
4809;58461;1.455
24133;9308;1.356
24400;9298;1.132
24348;4816;0.925
17633;55439;1.241
56048;7497;1.445
4809;58466;1.459
4134;9298;1.519
4813;56040;1.126
17785;9814;1.174
38370;55439;1.236
4813;56042;1.126
4813;56001;1.312
38283;4134;1.518
24445;9298;1.132
4813;56046;1.126
4813;56048;1.126
24348;45587;1.244
4813;9394;1.487
23650;23724;0.970
24445;24490;1.365
23724;38340;1.072
17622;38340;1.416
4847;7497;1.442
24133;4811;1.288
18118;4837;1.516
24133;4812;1.335
17622;17785;1.409
24490;37958;1.486
24133;4813;1.301
9298;9814;1.182
4811;9298;0.930
24151;9929;1.507
17431;9394;1.471
24133;4816;1.301
17816;55439;1.424
17638;4837;1.515
4812;9808;1.215
24348;9814;0.932
58461;7497;1.437
4837;9298;1.516
9808;9814;1.274
56048;9808;1.023
24151;9308;1.489
38283;56040;1.126
24138;56040;0.924
38283;56042;1.126
38283;56001;1.312
24138;56042;0.924
24138;56001;0.909
132203;58461;1.443
17621;4837;1.507
38370;9929;1.338
17621;18118;1.138
38283;56046;1.126
24151;38370;1.483
24138;56046;0.924
17897;9394;1.487
4808;9394;1.475
132203;58466;1.447
38283;56048;1.126
24490;45587;1.449
24138;56048;0.924
23650;24490;1.383
58466;9929;1.350
4816;9929;1.329
24489;4134;1.527
38370;9308;1.167
24133;56040;1.258
24490;38370;1.409
24547;55439;1.227
24138;24547;0.924
24133;56042;1.258
24133;56001;1.008
58466;9308;1.226
55439;9394;1.498
4816;9308;1.174
17431;23724;1.005
24133;56046;1.258
18118;9298;0.930
24133;56048;1.258
56040;9808;1.023
132203;7497;1.506
18118;58461;0.943
17638;9298;0.947
17623;9394;1.504
45587;4847;1.348
18118;58466;1.044
45587;7497;1.486
4538;9929;1.497
24133;24547;1.258
45587;4808;1.279
24547;4134;1.524
45587;4809;1.492
17621;24400;1.183
17623;58461;1.409
17621;9298;1.139
17431;17633;0.963
17623;17633;1.409
17621;24445;1.183
17622;9808;1.437
4538;9308;1.478
17623;58466;1.423
17621;24133;1.360
17431;17638;0.963
17623;17638;1.409
17621;24489;1.266
132203;23650;1.443
7497;9298;1.437
17621;17897;1.126
17621;17816;1.385
17621;24138;0.924
37958;58461;1.393
23724;23910;0.970
56001;58461;1.312
23724;23911;1.373
17622;23910;1.361
23910;24400;0.925
17622;23911;1.477
38283;4837;1.515
24490;4134;1.532
37958;58466;1.395
56001;58466;1.342
23910;24445;0.925
23910;24489;0.949
23910;24133;0.909
23724;24490;1.385
38283;55439;1.241
24400;24445;0.924
24138;55439;0.924
17897;24348;0.925
45587;9808;1.385
23910;24138;0.002
24400;24489;1.193
17785;9394;1.487
24348;24400;0.925
18118;23650;0.943
24348;24445;0.925
23724;4811;0.980
23911;24490;1.457
23724;4812;1.045
56040;58461;1.126
24348;24489;0.949
23724;4813;0.970
4812;9929;1.350
24133;55439;1.293
23724;4816;0.970
4812;58461;1.045
4134;56040;1.524
17623;23650;1.409
9298;9394;1.488
56040;58466;1.193
4134;56042;1.524
4134;56001;1.532
56048;9929;1.370
4134;7497;1.537
24348;9394;1.468
132203;24348;1.410
4812;58466;1.044
4812;9308;1.226
4134;56046;1.524
24151;37958;1.481
4808;58461;1.099
37958;38283;1.393
24489;4837;1.520
17897;58461;0.924
4809;56040;1.462
4134;56048;1.524
38283;9298;0.947
24445;7497;1.445
23910;4134;1.518
4809;56042;1.462
4809;56001;1.490
56048;9308;1.236
4808;58466;1.149
24489;58461;1.199
17897;58466;1.045
37958;4134;1.535
4809;56046;1.462
4809;56048;1.462
24489;58466;1.234
4811;4847;1.044
4811;7497;1.437
23724;9814;1.191
24151;45587;1.510
17621;38340;1.162
38340;45587;1.312
23650;58461;0.924
4812;4813;1.045
56040;9929;1.370
18118;24348;0.925
4812;4816;1.045
24547;4837;1.520
23650;58466;1.045
4847;58461;1.045
38340;38370;1.151
17638;37958;1.393
56040;9308;1.236
4847;58466;1.044
23910;38340;0.925
17431;24348;0.058
17623;24348;1.361
4847;9808;1.215
24489;9298;1.189
132203;56040;1.454
24133;9814;1.362
17897;38283;0.924
17622;9929;1.447
24400;38340;1.149
132203;56042;1.454
132203;56001;1.469
24151;4811;1.483
24151;4812;1.486
24490;4837;1.532
24151;4813;1.483
17897;23650;0.924
58461;9808;1.193
24489;38283;1.199
132203;56046;1.454
24151;4816;1.483
17621;17622;1.385
17633;37958;1.393
132203;56048;1.454
132203;4847;1.447
17621;17623;1.385
132203;4808;1.423
17622;9308;1.389
132203;4809;1.510
17638;45587;1.329
24348;38340;0.925
132203;4538;1.499
38370;4811;1.154
4134;55439;1.524
38370;4812;1.210
4813;55439;1.241
38370;4813;1.150
17897;24151;1.483
17622;23724;1.412
17638;38370;1.150
38370;4816;1.150
45587;9929;1.285
17431;58461;0.963
24547;9298;1.132
132203;38283;1.443
4809;55439;1.471
17621;7497;1.452
4538;58461;1.468
17431;58466;1.067
17633;45587;1.329
17622;4811;1.412
45587;9308;1.245
17816;37958;1.486
17622;4812;1.423
17785;38370;1.150
4538;58466;1.474
38370;45587;1.340
17622;4813;1.409
4809;4837;1.526
24151;9814;1.487
45587;58461;1.329
17622;4816;1.409
17622;17633;1.409
17633;38370;1.150
132203;9808;1.463
45587;58466;1.348
17622;17638;1.409
24490;9298;1.379
132203;24151;1.513
23910;4837;1.507
17622;24490;1.489
38370;9814;1.160
37958;4837;1.529
4538;4811;1.469
37958;56040;1.423
4538;4812;1.474
4538;4813;1.468
37958;56042;1.423
37958;56001;1.476
23911;58461;1.372
18118;38283;0.943
4538;4816;1.468
23911;4847;1.385
58466;9814;1.225
4816;9814;1.174
37958;56046;1.423
23911;7497;1.491
23911;4808;1.283
37958;56048;1.423
23911;58466;1.385
23911;4809;1.502
24547;37958;1.423
23911;4538;1.496
17816;38370;1.398
17431;38283;0.963
17623;38283;1.409
4816;58461;0.924
24400;4847;1.193
23910;23911;1.261
24400;7497;1.445
17431;23650;0.963
24400;4808;1.094
23650;24348;0.925
4816;58466;1.045
24445;58461;1.126
24400;4809;1.462
4134;4847;1.520
18118;24151;1.483
4809;9298;1.456
4134;4808;1.522
24400;4538;1.471
24151;24400;1.482
4134;4809;1.533
24445;58466;1.193
23724;9394;1.488
24445;4847;1.193
4134;4538;1.535
24151;24445;1.482
24445;4808;1.094
24445;4809;1.462
56040;56042;0.924
38283;7497;1.437
24547;45587;1.369
24151;24489;1.493
4538;9814;1.477
17431;24151;1.463
17623;24151;1.510
4812;56040;1.193
24445;4538;1.471
23910;9298;0.931
56040;56046;0.924
4812;56042;1.193
4812;56001;1.342
23911;9808;1.408
56040;56048;0.924
37958;9298;1.393
4847;9929;1.350
4812;56046;1.193
24547;38370;1.213
17897;56040;1.126
4812;56048;1.193
17897;56042;1.126
17897;56001;1.312
58461;9929;1.329
24489;56040;1.193
4837;4847;1.518
17897;56046;1.126
4847;9308;1.226
4837;7497;1.531
24489;56042;1.193
24489;56001;1.228
24400;9808;1.023
24133;9394;1.502
17897;56048;1.126
17621;17785;1.126
4134;9808;1.527
24489;56046;1.193
24489;56048;1.193
24138;4134;1.518
58461;9308;1.174
24138;37958;1.382
24445;9808;1.023
17897;24547;1.126
17633;4134;1.518
24445;38283;1.126
37958;55439;1.425
24489;24547;1.193
4847;56040;1.193
24489;7497;1.448
17785;37958;1.393
4847;56042;1.193
4847;56001;1.342
4811;9808;1.199
24133;37958;1.474
56046;9298;1.132
4847;56046;1.193
18118;4847;1.044
4847;56048;1.193
38283;45587;1.329
24138;45587;1.243
18118;7497;1.437
4837;9808;1.523
4812;9814;1.225
18118;4808;1.099
38340;4134;1.519
18118;4809;1.456
132203;9929;1.479
17638;4847;1.045
24151;9394;1.526
18118;4538;1.469
17638;7497;1.437
17638;4808;1.099
56048;9814;1.240
17638;4809;1.455
132203;24547;1.454
17816;4134;1.527
38283;38370;1.150
24138;38370;0.924
23650;4134;1.518
23650;38283;0.924
17638;4538;1.468
17785;45587;1.329
132203;9308;1.451
23911;24348;1.261
17621;4847;1.197
18118;56040;1.128
24133;45587;1.416
17621;4808;0.924
24547;7497;1.445
18118;56042;1.128
18118;56001;1.306
17621;4809;1.462
38370;9394;1.468
24151;38340;1.489
4812;55439;1.281
17621;4538;1.468
18118;56046;1.128
23724;58461;0.970
18118;56048;1.128
17622;58461;1.409
58466;9394;1.489
4816;9394;1.487
24133;38370;1.285
17431;56040;0.959
17623;56040;1.424
23650;24151;1.483
17897;55439;1.241
17623;56001;1.465
17431;56042;0.959
17623;56042;1.424
17431;56001;0.941
23724;58466;1.045
18118;9808;1.199
17622;58466;1.423
4538;56040;1.471
24490;38340;1.375
17431;56046;0.959
17623;56046;1.424
4538;56042;1.471
4538;56001;1.482
24489;55439;1.256
56040;9814;1.240
18118;24547;1.128
17638;9808;1.193
17431;56048;0.959
17623;56048;1.424
24490;7497;1.498
4538;56046;1.471
17621;23910;0.925
56001;56040;1.321
17621;23911;1.399
45587;56040;1.369
4538;56048;1.471
56001;56042;1.321
17816;45587;1.444
45587;56042;1.369
45587;56001;1.419
45587;4811;1.331
45587;4812;1.348
45587;4813;1.329
56001;56046;1.321
17431;24547;0.959
17623;24547;1.424
17621;9808;1.225
45587;56046;1.369
56001;56048;1.321
45587;4816;1.329
45587;56048;1.369
23911;9929;1.425
17621;24490;1.387
4538;9394;1.519
17622;9814;1.384
132203;55439;1.466
7497;9808;1.449
4847;55439;1.281
23911;9308;1.380
17638;18118;0.943
24138;4837;1.507
24400;9929;1.370
4134;9929;1.529
23910;24490;1.256
17633;4837;1.515
4809;7497;1.497
38283;4847;1.045
56042;9298;1.132
17431;4134;1.520
4811;58461;0.943
38283;4808;1.099
24445;9929;1.370
24400;9308;1.236
17785;18118;0.943
17622;23650;1.409
38283;4809;1.455
24400;24490;1.365
9308;9808;1.270
24445;56040;0.924
45587;9814;1.245
4134;9308;1.522
38283;4538;1.468
4811;58466;1.044
24445;56042;0.924
24445;56001;1.321
17633;18118;0.943
4808;56040;1.094
24445;9308;1.236
24445;56046;0.924
4808;56042;1.094
4808;56001;0.993
18118;55439;1.241
24445;56048;0.924
23911;38283;1.372
4811;9929;1.333
38340;4837;1.515
24348;24490;1.256
4808;56046;1.094
4134;45587;1.530
17897;4134;1.518
4808;56048;1.094
4837;9929;1.523
17816;4837;1.511
17431;55439;0.963
17623;55439;1.424
24445;24547;0.924
23650;4837;1.515
4811;9308;1.181
17638;24400;1.126
4812;9394;1.489
24138;9298;0.930
17638;24445;1.126
38283;9808;1.193
4837;9308;1.517
23911;24151;1.506
23650;56040;1.126
17816;18118;1.412
17638;24133;1.301
17638;24489;1.199
23650;56042;1.126
23650;56001;1.312
56001;9298;1.307
17633;9298;0.947
56048;9394;1.501
24489;4847;1.234
17785;24400;1.126
17638;17897;0.924
23650;56046;1.126
17638;17816;1.409
17638;24138;0.924
24489;4808;1.049
24489;4809;1.471
23650;56048;1.126
17785;24445;1.126
17633;24400;1.126
24489;4538;1.479
23724;24348;0.970
17623;4134;1.527
17785;24489;1.199
17785;24133;1.301
17622;24348;1.361
17633;24445;1.126
4811;4812;1.044
4811;4813;0.943
17785;17897;0.924
17633;24489;1.199
17633;24133;1.301
17785;17816;1.409
17785;24138;0.924
23650;24547;1.126
18118;9929;1.333
4811;4816;0.943
38340;9298;1.061
17633;17897;0.924
17633;17816;1.409
17633;24138;0.924
17638;9929;1.329
18118;9308;1.181
17816;9298;1.413
4837;58461;1.515
23650;9298;0.947
56040;9394;1.501
24547;4847;1.193
24547;4808;1.094
17638;9308;1.174
4837;58466;1.518
24547;4809;1.462
17816;24400;1.424
17621;9929;1.366
24489;9808;1.238
17621;23724;1.150
24547;4538;1.471
24445;55439;1.227
4847;9814;1.225
17816;24445;1.424
4813;4837;1.515
17816;24489;1.435
17816;24133;1.467
4808;55439;1.091
7497;9929;1.488
17621;9308;1.224
58461;9814;1.174
17816;17897;1.409
17816;24138;1.360
17785;4134;1.518
132203;4811;1.443
17622;9394;1.504
132203;4812;1.447
24490;4847;1.394
132203;4813;1.443
17431;4837;1.508
24490;4808;1.275
24490;4809;1.505
132203;4816;1.443
7497;9308;1.452
23724;56040;1.143
17621;17633;1.126
17622;56040;1.424
24490;4538;1.494
23724;56042;1.143
23724;56001;1.320
17622;56042;1.424
17622;56001;1.465
17621;17638;1.126
56048;58461;1.126
23724;56046;1.143
9308;9929;1.247
17622;56046;1.424
24547;9808;1.023
23724;56048;1.143
17622;56048;1.424
23650;55439;1.241
56048;58466;1.193
17638;38340;1.043
17897;4837;1.515
4808;4837;1.512
24348;4134;1.518
23910;58461;0.925
45587;9394;1.484
23911;56040;1.396
23911;56042;1.396
23911;56001;1.352
23724;24547;1.143
23910;58466;1.045
24400;58461;1.126
23911;56046;1.396
17785;38340;1.043
4809;4847;1.459
23911;56048;1.396
23724;38283;0.970
132203;9814;1.452
4813;9298;0.947
24490;9808;1.385
17622;38283;1.409
24400;58466;1.193
4816;56040;1.126
17633;38340;1.043
4816;56042;1.126
4816;56001;1.312
56042;7497;1.445
38283;9929;1.329
4816;56046;1.126
23910;4847;1.045
17431;9298;0.964
23911;24547;1.396
23910;7497;1.410
4816;56048;1.126
37958;38370;1.438
23910;4808;0.327
23910;4809;1.435
37958;4847;1.395
17623;4837;1.511
37958;7497;1.456
24133;4134;1.531
23911;4811;1.374
37958;4808;1.414
23911;4812;1.385
23910;4538;1.444
37958;4809;1.487
23911;4813;1.372
38283;9308;1.174
23724;24151;1.483
17622;24151;1.510
4811;56040;1.128
37958;4538;1.509
23911;4816;1.372
4811;56042;1.128
4811;56001;1.306
4811;56046;1.128
24400;4811;1.128
17897;9298;0.947
4808;9298;1.100
24489;37958;1.444
24400;4812;1.193
4811;56048;1.128
24400;4813;1.126
24138;24400;0.924
17816;38340;1.416
4809;9808;1.468
4134;4811;1.519
4538;55439;1.475
4134;4812;1.520
24400;4816;1.126
4134;4813;1.518
24138;24445;0.924
4134;4816;1.518
24445;4811;1.128
24151;24490;1.507
24138;24489;0.948
24445;4812;1.193
24445;4813;1.126
55439;9298;1.244
45587;55439;1.381
23910;9808;1.023
24445;4816;1.126
17633;7497;1.437
37958;9808;1.432
24489;9929;1.352
24133;24400;1.258
23911;9814;1.379
132203;37958;1.495
24133;24445;1.258
17785;4837;1.515
56046;7497;1.445
17897;38370;1.150
17623;9298;1.413
24133;24489;1.192
24489;9308;1.261
4847;9394;1.489
24547;38340;1.149
23911;55439;1.370
24489;38370;1.217
17638;23910;0.925
9394;9808;1.504
24400;9814;1.240
24133;24138;0.909
17638;23911;1.372
38340;7497;1.434
17621;24348;0.925
4134;9814;1.522
58461;9394;1.487
132203;45587;1.476
4816;55439;1.241
24445;9814;1.240
17816;7497;1.497
23650;7497;1.437
24348;4837;1.507
24547;9929;1.370
18118;37958;1.393
17633;23910;0.925
17633;23911;1.372
132203;38370;1.449
23910;24348;0.002
56046;9808;1.023
4811;9814;1.180
24547;9308;1.236
4811;55439;1.241
18118;4811;0.925
17623;37958;1.486
18118;4812;1.044
18118;4813;0.943
4837;9814;1.515
17785;9298;0.947
17621;58461;1.126
24490;9929;1.455
18118;4816;0.943
17638;4811;0.943
17638;4812;1.045
17638;4813;0.924
18118;45587;1.331
17621;58466;1.197
17638;4816;0.924
24133;4837;1.528
132203;9394;1.514
17816;23910;1.361
24490;9308;1.404
17816;23911;1.477
17621;4811;1.137
38283;38340;1.043
24138;38340;0.924
17621;4812;1.197
17621;4813;1.126
18118;38370;1.155
17623;45587;1.444
17638;17785;0.924
17621;4816;1.126
23724;4134;1.519
24348;9298;0.931
17622;24547;1.424
17431;38370;0.960
17623;38370;1.398
37958;45587;1.476
18118;9814;1.180
24133;38340;1.259
4809;9929;1.493
17638;9814;1.174
17633;17785;0.924
24348;58461;0.925
132203;18118;1.443
17431;7497;1.414
4809;9308;1.462
24348;58466;1.045
23910;9929;1.247
17621;38283;1.126
24445;37958;1.423
17621;9814;1.208
37958;9929;1.471
17621;23650;1.126
17897;37958;1.393
23910;9308;0.926
7497;9814;1.453
37958;9308;1.432
23911;9394;1.505
23910;38283;0.925
17897;7497;1.437
4808;7497;1.431
9394;9929;1.489
17621;24151;1.478
24138;4847;1.044
24445;45587;1.369
24400;38283;1.126
24138;7497;1.410
56042;9808;1.023
24138;4808;0.325
38283;4811;0.943
24138;4809;1.435
23724;55439;1.251
38283;4812;1.045
24400;9394;1.501
17638;23724;0.970
17622;55439;1.424
38283;4813;0.924
17633;4847;1.045
56001;7497;1.481
24138;4538;1.444
17897;45587;1.329
23650;37958;1.393
17633;4808;1.099
9308;9814;0.961
4134;9394;1.536
38283;4816;0.924
17633;4809;1.455
24445;38370;1.213
24489;45587;1.348
17633;4538;1.468
24151;4134;1.540
23910;24151;1.457
17623;18118;1.412
24445;9394;1.501
24348;38283;0.925
56046;9929;1.370
132203;17897;1.443
17633;23724;0.970
132203;17816;1.504
38340;4847;1.124
38370;4134;1.523
38340;4808;1.087
4811;9394;1.488
38340;4809;1.438
23650;45587;1.329
56046;9308;1.236
9814;9929;1.256
38340;4538;1.468
24138;9808;1.023
17816;4847;1.423
17638;24490;1.383
23650;4847;1.045
17816;4808;1.356
17785;23910;0.925
4837;9394;1.531
17816;4809;1.504
17785;23911;1.372
38283;9814;1.174
23650;4808;1.099
56001;9808;1.357
23650;4809;1.455
17633;9808;1.193
23650;38370;1.150
17816;4538;1.503
23724;4837;1.516
23650;4538;1.468
24489;4811;1.187
24489;4812;1.234
17622;4134;1.527
24489;4813;1.199
4837;56040;1.520
17785;24490;1.383
4837;56042;1.520
4837;56001;1.528
24489;4816;1.199
17816;23724;1.412
17633;24490;1.383
17431;37958;1.388
4837;56046;1.520
4837;56048;1.520
38340;9808;1.193
17785;7497;1.437
17816;9808;1.437
18118;9394;1.488
23650;9808;1.193
17897;18118;0.943
24547;4811;1.128
24547;4812;1.193
17638;9394;1.487
17621;56040;1.183
24547;4813;1.126
17431;45587;1.252
17621;56001;1.348
17621;56042;1.183
4812;4837;1.518
24547;4816;1.126
24489;9814;1.263
17816;24490;1.489
4538;45587;1.494
17621;56046;1.183
23724;9298;0.983
17621;56048;1.183
24348;7497;1.410
24151;24348;1.457
23911;37958;1.484
17621;9394;1.496
4813;4847;1.045
4813;7497;1.437
23910;56040;0.925
24490;4811;1.378
24490;4812;1.394
23910;56042;0.925
23910;56001;0.910
24490;4813;1.383
17621;24547;1.183
7497;9394;1.526
56042;58461;1.126
24490;4816;1.383
24400;56040;0.924
23910;56046;0.925
56042;9929;1.370
17431;4847;1.067
24400;56042;0.924
24400;56001;1.321
23910;56048;0.925
17431;4808;0.325
24151;4837;1.536
17431;4809;1.440
56042;58466;1.193
24400;56046;0.924
17431;4538;1.450
24547;9814;1.240
24400;56048;0.924
24133;9298;1.290
23911;45587;1.424
