27992;7315;1.399
27805;27810;0.956
14080;52320;1.505
18678;3816;1.462
27810;52320;1.469
262186;27810;0.957
27805;27817;0.928
14080;27992;1.486
27951;3816;1.431
27810;27992;1.420
262186;27817;1.299
18678;262186;1.444
19429;27810;1.475
14080;27805;1.325
27992;52320;1.510
14080;18678;1.511
19429;27817;1.485
27817;27951;1.449
27805;7315;0.924
52320;7315;1.471
27817;7315;1.265
3816;52320;1.480
14080;3816;1.409
262186;7315;1.190
27817;27992;1.430
27805;27951;1.368
13489;27810;1.504
262215;7315;1.307
27817;52320;1.479
262186;27951;1.387
18678;7315;1.452
262215;27810;1.343
18678;27810;1.444
14080;262186;1.414
27805;52320;1.445
13489;27817;1.505
3816;7315;1.075
27810;3816;1.239
13489;262186;1.504
27951;7315;1.422
13489;3816;1.506
27805;27992;1.367
262215;27817;1.259
262186;52320;1.469
18678;27817;1.471
19429;27951;1.464
19429;262215;1.504
262186;27992;1.420
19429;3816;1.490
262186;27805;0.955
27951;52320;1.516
13489;14080;1.518
19429;27992;1.507
14080;7315;1.396
27951;27992;1.488
14080;27810;1.414
18678;262215;1.493
27992;3816;1.424
19429;27805;1.456
19429;52320;1.523
14080;27817;1.433
27810;27817;1.300
13489;27951;1.522
13489;19429;1.532
262186;262215;1.343
262215;27951;1.467
18678;27951;1.496
18678;19429;1.513
13489;52320;1.534
27810;7315;1.190
13489;7315;1.502
18678;52320;1.503
13489;27992;1.523
27805;3816;1.074
262215;27992;1.441
18678;27992;1.491
27817;3816;1.309
19429;7315;1.486
13489;27805;1.484
13489;18678;1.535
262215;3816;1.340
262215;27805;0.908
18678;27805;1.434
14080;262215;1.438
262215;52320;1.500
262186;3816;1.238
19429;262186;1.474
13489;262215;1.512
14080;27951;1.485
14080;19429;1.505
27810;27951;1.387
