27992;7315;1.498
27805;27810;0.956
14080;52320;2.274
18678;3816;1.795
27810;52320;2.054
262186;27810;0.958
27805;27817;0.928
14080;27992;1.928
27951;3816;1.619
27810;27992;1.554
262186;27817;1.318
18678;262186;1.709
19429;27810;1.842
14080;27805;1.565
27992;52320;2.223
14080;18678;2.181
19429;27817;1.886
27817;27951;1.607
27805;7315;0.924
52320;7315;2.086
27817;7315;1.267
3816;52320;2.133
14080;3816;1.745
262186;7315;1.205
27817;27992;1.588
27805;27951;1.372
13489;27810;2.262
262215;7315;1.307
27817;52320;2.073
262186;27951;1.410
18678;7315;1.729
262215;27810;1.344
18678;27810;1.710
14080;262186;1.770
27805;52320;1.991
13489;27817;2.220
3816;7315;1.076
27810;3816;1.302
13489;262186;2.261
27951;7315;1.552
13489;3816;2.268
27805;27992;1.399
262215;27817;1.262
262186;52320;2.053
18678;27817;1.779
19429;27951;1.818
19429;262215;2.003
262186;27992;1.553
19429;3816;1.969
262186;27805;0.955
27951;52320;2.230
13489;14080;2.361
19429;27992;2.029
14080;7315;1.711
27951;27992;1.752
14080;27810;1.770
18678;262215;1.889
27992;3816;1.595
19429;27805;1.803
19429;52320;2.412
14080;27817;1.828
27810;27817;1.319
13489;27951;2.378
13489;19429;2.516
262186;262215;1.343
262215;27951;1.665
18678;27951;1.891
18678;19429;2.116
13489;52320;2.493
27810;7315;1.206
13489;7315;2.250
18678;52320;2.273
13489;27992;2.359
27805;3816;1.074
262215;27992;1.618
18678;27992;1.909
27817;3816;1.398
19429;7315;1.942
13489;27805;2.153
13489;18678;2.477
262215;3816;1.428
262215;27805;0.908
18678;27805;1.686
14080;262215;1.770
262215;52320;2.065
262186;3816;1.301
19429;262186;1.840
13489;262215;2.248
14080;27951;1.979
14080;19429;2.236
27810;27951;1.411
