11830;262242;1.711
28022;28317;1.785
262202;3790;1.815
263698;28317;1.568
262242;263698;1.260
262184;262202;1.778
27908;28317;1.528
11830;3790;1.539
27908;3790;1.682
11830;28317;1.830
27876;28022;1.703
262202;263698;1.431
11830;27908;1.670
52263;52470;1.338
262184;262242;1.443
27876;27908;0.959
28022;3790;1.922
262184;3790;1.972
27876;28317;1.510
262202;27876;1.455
262242;27876;1.130
262242;52228;1.741
262202;52228;1.829
262242;52470;1.306
262202;52470;1.557
262184;27876;1.609
52228;52470;1.834
28022;52228;1.652
263698;27876;1.235
28022;52470;1.772
262184;52228;1.942
262242;52263;1.328
262184;52470;1.615
262202;52263;1.577
52228;52263;1.739
263698;52228;1.717
11830;263698;1.520
263698;52470;1.236
28022;52263;1.653
3790;52228;1.965
262184;52263;1.634
3790;52470;1.645
263698;52263;1.297
3790;52263;1.729
28317;52228;1.864
11830;27876;1.654
28317;52470;1.429
27908;52228;1.802
262202;28022;1.751
27908;52470;1.298
11830;52228;1.953
28317;3790;1.845
262184;263698;1.609
11830;52470;1.633
28317;52263;1.395
262202;262242;1.449
262184;28022;1.858
27908;52263;1.324
11830;52263;1.712
262242;28022;1.650
27876;3790;1.666
262202;28317;1.740
27876;52228;1.785
27876;52470;1.273
262202;27908;1.477
262242;27908;1.151
263698;28022;1.634
11830;262202;1.778
262184;28317;1.772
11830;262184;1.958
262242;3790;1.724
27876;52263;1.300
262184;27908;1.628
27908;28022;1.720
263698;27908;1.264
262242;28317;1.526
263698;3790;1.532
11830;28022;1.880
