11830;262242;1.425
28022;28317;1.483
262202;3790;1.473
263698;28317;1.417
262242;263698;1.260
262184;262202;1.474
27908;28317;1.399
11830;3790;1.366
27908;3790;1.412
11830;28317;1.475
27876;28022;1.451
262202;263698;1.376
11830;27908;1.413
52263;52470;1.334
262184;262242;1.408
27876;27908;0.959
28022;3790;1.477
262184;3790;1.494
27876;28317;1.398
262202;27876;1.347
262242;27876;1.130
262242;52228;1.466
262202;52228;1.480
262242;52470;1.304
262202;52470;1.397
262184;27876;1.439
52228;52470;1.479
28022;52228;1.437
263698;27876;1.235
28022;52470;1.475
262184;52228;1.504
262242;52263;1.268
262184;52470;1.438
262202;52263;1.404
52228;52263;1.465
263698;52228;1.448
11830;263698;1.365
263698;52470;1.234
28022;52263;1.455
3790;52228;1.482
262184;52263;1.449
3790;52470;1.436
263698;52263;1.297
3790;52263;1.424
28317;52228;1.489
11830;27876;1.411
28317;52470;1.390
27908;52228;1.463
262202;28022;1.472
27908;52470;1.278
11830;52228;1.481
28317;3790;1.474
262184;263698;1.430
11830;52470;1.438
28317;52263;1.393
262202;262242;1.350
262184;28022;1.496
27908;52263;1.256
11830;52263;1.425
262242;28022;1.454
27876;3790;1.410
262202;28317;1.464
27876;52228;1.461
27876;52470;1.272
262202;27908;1.353
262242;27908;1.140
263698;28022;1.439
11830;262202;1.474
262184;28317;1.482
11830;262184;1.494
262242;3790;1.424
27876;52263;1.245
262184;27908;1.442
27908;28022;1.453
263698;27908;1.246
262242;28317;1.402
263698;3790;1.363
11830;28022;1.476
