24672;51606;1.352
20842;35432;1.516
60039;6866;1.489
20842;5504;1.412
15805;24672;0.926
51606;6866;1.513
35432;48285;1.541
35432;43024;1.494
48285;60039;1.447
16229;5504;0.926
24672;6866;1.491
24672;3268;1.292
15805;5504;1.279
51606;5425;1.348
3268;6866;1.493
43024;5504;1.201
29442;60039;1.358
15805;51606;1.352
20842;60039;1.410
24672;5425;0.924
15805;16229;0.926
5425;5504;0.926
24672;29442;1.366
3268;5425;0.935
5504;6866;1.491
35432;60039;1.497
3268;51606;1.437
48285;6866;1.541
51606;5504;1.434
24672;48285;1.473
24672;5504;1.278
24672;43024;1.239
15805;29442;1.366
24672;35432;1.494
3268;5504;1.183
5504;60039;1.217
16229;24672;0.924
15805;20842;1.437
43024;51606;1.416
29442;6866;1.510
15805;48285;1.473
35432;6866;1.523
3268;43024;1.141
20842;24672;1.438
15805;43024;1.239
48285;5425;1.390
48285;51606;1.520
3268;35432;1.503
15805;35432;1.493
51606;60039;1.434
24672;60039;1.292
16229;51606;1.348
29442;3268;1.385
35432;5425;1.467
3268;48285;1.445
29442;51606;1.451
20842;51606;1.486
48285;5504;1.454
3268;60039;1.180
29442;5425;1.207
15805;60039;1.292
16229;20842;1.281
35432;51606;1.509
35432;5504;1.467
20842;6866;1.516
16229;29442;1.207
16229;43024;0.927
43024;48285;1.451
16229;35432;1.467
16229;6866;1.473
16229;3268;0.935
5425;60039;0.925
20842;29442;1.466
29442;5504;1.317
15805;6866;1.491
15805;3268;1.292
20842;5425;1.281
16229;48285;1.390
20842;3268;1.405
43024;6866;1.489
16229;5425;0.000
29442;48285;1.499
20842;48285;1.487
5425;6866;1.473
29442;43024;1.399
16229;60039;0.925
15805;5425;0.926
20842;43024;1.422
43024;60039;1.241
43024;5425;0.927
29442;35432;1.499
