24672;51606;1.483
20842;35432;2.269
60039;6866;2.165
20842;5504;1.568
15805;24672;0.927
51606;6866;2.247
35432;48285;2.331
35432;43024;2.151
48285;60039;1.644
16229;5504;0.926
24672;6866;2.192
24672;3268;1.296
15805;5504;1.280
51606;5425;1.478
3268;6866;2.185
43024;5504;1.202
29442;60039;1.454
15805;51606;1.484
20842;60039;1.506
24672;5425;0.924
15805;16229;0.926
5425;5504;0.926
24672;29442;1.485
3268;5425;0.935
5504;6866;2.198
35432;60039;2.173
3268;51606;1.648
48285;6866;2.316
51606;5504;1.673
24672;48285;1.756
24672;5504;1.278
24672;43024;1.239
15805;29442;1.487
24672;35432;2.177
3268;5504;1.187
5504;60039;1.218
16229;24672;0.924
15805;20842;1.635
43024;51606;1.578
29442;6866;2.280
15805;48285;1.756
35432;6866;2.514
3268;43024;1.144
20842;24672;1.635
15805;43024;1.240
48285;5425;1.508
48285;51606;1.921
3268;35432;2.203
15805;35432;2.178
51606;60039;1.665
24672;60039;1.292
16229;51606;1.478
29442;3268;1.473
35432;5425;2.075
3268;48285;1.637
29442;51606;1.770
20842;51606;1.865
48285;5504;1.697
3268;60039;1.184
29442;5425;1.219
15805;60039;1.293
16229;20842;1.281
35432;51606;2.258
35432;5504;2.079
20842;6866;2.282
16229;29442;1.219
16229;43024;0.927
43024;48285;1.589
16229;35432;2.075
16229;6866;2.110
16229;3268;0.935
5425;60039;0.925
20842;29442;1.735
29442;5504;1.394
15805;6866;2.192
15805;3268;1.297
20842;5425;1.281
16229;48285;1.508
20842;3268;1.526
43024;6866;2.142
16229;5425;0.000
29442;48285;1.848
20842;48285;1.838
5425;6866;2.110
29442;43024;1.451
16229;60039;0.925
15805;5425;0.926
20842;43024;1.592
43024;60039;1.242
43024;5425;0.927
29442;35432;2.191
