29134;48574;1.398
5610;56360;1.448
2852;59984;1.528
197798;20884;1.301
15685;51400;1.470
42306;49025;1.518
50398;59984;1.443
35592;49889;1.489
25424;39392;1.536
198171;49025;1.449
39791;6679;1.508
34315;48417;1.477
56360;6881;1.472
50241;51400;1.131
43541;47232;1.494
35236;48268;1.515
34315;62178;1.248
24971;49931;1.474
21142;48574;1.387
49889;57800;0.934
29134;48268;1.498
198171;35592;1.472
12570;56360;1.440
47232;59984;1.500
39906;41453;1.462
49320;50398;1.368
25234;43070;1.487
13036;5610;1.527
25512;48417;1.517
35592;39791;1.503
48574;48926;1.399
48268;49320;1.498
39906;49101;1.472
39817;8251;1.507
35592;42306;1.520
21430;43541;1.523
43542;51884;1.308
21430;43542;1.487
21142;48268;1.514
42306;50398;1.396
39817;41824;1.467
197798;39392;1.437
15935;49320;1.505
43070;50241;1.441
200155;49320;1.430
15685;59984;1.522
41453;49320;1.368
35592;57707;1.493
21430;25512;1.493
198171;50398;1.267
5588;8251;1.533
48417;51154;1.441
49931;5588;1.514
48268;57800;1.447
21430;47232;1.527
24641;29134;1.480
15614;31246;1.496
51154;5588;1.528
50241;59984;1.498
24971;42477;1.478
15935;57800;1.459
12767;200155;1.421
43541;5588;1.542
35236;49889;1.428
30764;47232;1.531
200155;57800;1.243
15935;6679;1.534
13036;43203;1.447
51884;5610;1.469
43541;49931;1.410
41453;57800;1.137
29134;49889;1.425
34315;41453;1.359
25248;43541;1.438
15685;30764;1.486
25248;43542;1.482
21430;25248;1.498
16019;21430;1.522
198171;25424;1.464
39392;48574;1.458
34315;49101;1.230
25234;48926;1.467
21430;51400;1.468
21142;24971;1.530
198171;25192;1.409
25248;25512;1.507
21142;28972;1.447
15935;39817;1.522
15935;198605;1.541
2852;56360;1.493
21142;49889;1.404
200155;39817;1.513
198171;29113;1.353
35236;39791;1.408
50398;56360;1.139
49025;5588;1.525
35236;42306;1.506
29134;39791;1.489
16019;59984;1.469
29134;42306;1.449
39904;41824;1.464
35592;43070;1.520
34315;39904;1.474
25512;49101;1.368
25424;51154;1.438
12570;5578;1.446
43542;6679;1.438
43203;5578;1.375
48417;49025;1.529
39392;48268;1.531
34315;39906;1.482
24641;41824;1.415
47949;62178;1.283
35236;57707;1.471
15935;35236;1.524
47232;56360;1.491
29134;57707;1.404
200155;35236;1.514
30764;49931;1.440
25248;51400;1.410
21142;39791;1.500
5610;6679;1.526
50398;8251;1.520
29113;43541;1.492
25512;39904;1.480
21142;42306;1.495
43070;56360;1.388
35236;50241;1.481
29113;43542;1.336
24971;8251;1.540
197046;200155;1.258
49025;49889;1.467
42306;5610;1.452
25512;39906;1.504
48926;62178;1.299
49320;6881;1.504
12570;197798;1.287
12767;197046;1.321
43203;49320;1.125
41453;8251;1.486
21142;57707;1.341
12570;43541;1.494
12570;13036;1.462
12570;43542;1.434
15685;56360;1.484
56360;57707;1.319
197798;51154;1.295
12570;6881;1.524
12570;25512;1.371
21142;50241;1.368
198605;43203;1.476
15935;21142;1.527
42306;48417;1.476
29134;5610;1.477
200155;21142;1.487
12570;47232;1.523
50241;56360;1.336
39906;50398;1.492
25192;47949;1.469
15614;5578;1.395
42306;62178;1.465
39392;49889;1.460
35592;48926;1.509
21430;30764;1.490
198171;48417;1.466
12767;49931;1.327
35236;43070;1.498
5588;56360;1.526
43542;49320;1.358
30764;42477;1.525
29134;43070;1.428
28972;43203;1.405
25248;59984;1.436
49025;57707;1.421
12570;25248;1.473
47949;49101;1.227
15614;62178;1.436
20884;42477;1.453
197798;6679;1.334
12570;51400;1.299
51400;57707;1.058
25192;51884;1.391
49025;50241;1.439
43542;57800;1.207
39392;39791;1.516
39392;42306;1.520
21142;43070;1.482
16019;56360;1.482
57707;8251;1.496
25248;30764;1.506
48926;49101;1.235
39904;47949;1.486
39392;57707;1.437
24971;41824;1.464
197046;41453;1.298
15685;8251;1.514
2852;43541;1.534
13036;24641;1.442
12767;42477;1.499
30764;5578;1.467
2852;43542;1.500
29113;59984;1.498
49101;51884;1.287
39392;50241;1.444
12570;198171;1.397
39817;43203;1.459
35236;48926;1.495
28972;6881;1.473
29134;48926;1.457
21430;42000;1.435
42306;49101;1.440
39904;51884;1.470
31246;43203;1.506
2852;47232;1.549
25234;28972;1.461
12570;59984;1.514
49889;5578;1.294
34315;48574;1.311
198171;49101;1.263
15614;41453;1.389
42000;8251;1.492
39791;51154;1.474
28972;49320;1.398
15614;198605;1.501
48574;50241;1.299
43070;43541;1.438
29113;30764;1.471
43070;43542;1.481
21142;48926;1.396
25512;48574;1.438
198171;39904;1.420
30764;6881;1.524
2852;51400;1.469
49101;5588;1.508
39392;43070;1.516
34315;48268;1.494
198171;39906;1.449
12570;30764;1.368
50398;51400;1.319
41824;49025;1.488
39906;49889;1.466
25248;42000;1.506
24641;5588;1.511
198171;6679;1.431
48417;62178;1.492
39906;48417;1.497
15935;34315;1.502
20884;29134;1.348
200155;34315;1.381
15685;47232;1.539
47232;51400;1.503
25512;48268;1.527
43203;47949;1.243
24641;43203;1.403
15935;20884;1.479
43070;51400;1.409
200155;20884;1.279
13036;47949;1.468
25234;50241;1.450
42477;49931;1.461
198605;24641;1.486
197046;49025;1.477
15685;25248;1.514
47949;50398;1.435
15935;16019;1.513
41824;50398;1.034
34315;49889;1.324
29113;56360;1.370
28972;35236;1.495
24641;2852;1.460
197046;35592;1.503
16019;43541;1.493
62178;6881;1.499
25192;49320;1.440
16019;43542;1.518
43203;51884;1.327
39392;48926;1.466
43542;47949;1.407
13036;51884;1.475
48926;50398;1.436
16019;25512;1.531
12570;5610;1.517
43203;5610;1.492
25512;28972;1.495
20884;41824;0.939
12570;42000;1.483
16019;47232;1.518
15614;49025;1.506
25512;49889;1.463
198171;25234;1.379
15685;49931;1.478
2852;30764;1.489
25192;57800;1.333
15935;39392;1.537
48417;49101;1.482
39791;8251;1.498
200155;39392;1.523
43070;59984;1.435
34315;39791;1.466
197046;31246;1.458
15614;35592;1.498
34315;42306;1.462
197046;50398;0.998
49101;49320;1.100
16019;25248;1.478
39904;49320;1.453
34315;57707;1.088
31246;41824;1.457
16019;51400;1.506
39906;8251;1.520
25512;39791;1.494
25192;39817;1.490
25512;42306;1.512
24641;49320;1.392
12767;5588;1.504
49101;57800;0.944
35592;50241;1.503
34315;50241;1.249
15614;50398;1.444
25234;56360;1.425
197046;25424;1.437
5578;6679;1.458
42000;51154;1.473
39904;57800;1.344
25512;57707;1.389
198605;47949;1.507
197046;25192;1.433
15614;5610;1.501
42306;48574;1.428
5588;59984;1.541
39904;5588;1.516
25192;35236;1.467
24971;43203;1.511
198171;48574;0.975
197046;29113;1.374
49889;51154;1.274
25512;50241;1.407
28972;47949;1.460
15935;8251;1.546
49320;5578;1.360
2852;42000;1.491
25248;47232;1.497
47949;6679;1.406
15614;25424;1.513
42306;48268;1.489
198605;51884;1.503
16019;198171;1.483
15614;25192;1.463
47949;49889;1.406
43070;5588;1.536
34315;43070;1.448
198171;48268;1.481
12767;2852;1.422
47949;48417;1.513
15614;29113;1.404
41824;48417;1.441
21430;49931;1.459
41824;62178;1.369
28972;51884;1.214
48268;51154;1.460
25192;6881;1.520
21142;21430;1.499
48926;49889;1.417
25512;43070;1.507
24641;35236;1.478
42000;49025;1.509
35236;5588;1.526
30764;5610;1.517
16019;30764;1.531
15935;51154;1.478
29134;50241;1.437
200155;51154;1.273
51400;5588;1.508
49320;49889;1.275
41453;51154;1.285
15614;15685;1.439
51154;51884;1.192
39817;47949;1.487
29113;47232;1.521
15685;42000;1.477
13036;49320;1.436
5610;8251;1.536
5578;62178;1.359
35592;56360;1.495
49889;5610;1.478
47949;57707;1.241
25248;49931;1.345
198605;8251;1.527
198171;24971;1.480
197046;48417;1.445
42306;49889;1.446
198171;28972;1.297
48417;50398;1.442
39791;62178;1.470
197046;62178;1.367
24971;29134;1.499
198171;49889;1.112
43203;57800;0.950
21430;42477;1.523
34315;48926;1.295
25424;49025;1.529
13036;57800;1.393
42477;5588;1.543
39817;51884;1.472
29113;51400;1.369
25424;5578;1.496
25424;35592;1.526
31246;51884;1.490
15614;48417;1.502
49320;57707;1.125
21142;5578;1.430
28972;5578;1.351
25512;48926;1.413
48574;51400;1.273
41824;49101;1.330
30764;43203;1.365
21430;5588;1.526
198171;39791;1.410
39906;48574;1.451
25234;43541;1.511
198171;42306;1.426
13036;39817;1.470
25234;43542;1.450
49320;50241;0.980
16019;42000;1.518
42306;57707;1.452
29113;49931;1.321
25248;42477;1.458
25234;25512;1.481
20884;43203;1.385
25424;31246;1.482
198171;57707;1.288
197798;49025;1.395
41824;8251;1.512
35236;56360;1.466
24641;47949;1.452
42306;50241;1.464
39791;41453;1.426
29134;56360;1.374
13036;35236;1.482
12570;49931;1.407
39906;48268;1.499
25424;6881;1.484
197798;35592;1.494
198171;50241;1.295
39392;8251;1.526
48268;6679;1.524
21142;6881;1.528
197046;49101;1.309
25248;8251;1.528
48574;8251;1.469
25234;25248;1.488
200155;31246;1.476
198605;49320;1.478
12767;43203;1.351
13036;5588;1.521
39817;5578;1.454
48574;59984;1.457
25234;51400;1.439
21430;2852;1.494
21142;56360;1.416
25192;34315;1.404
24641;51884;1.426
197798;31246;1.495
197046;39904;1.467
198605;57800;1.429
197046;39906;1.489
42306;43070;1.391
21430;29134;1.488
13036;21142;1.489
15614;49101;1.431
57707;62178;1.184
2852;8251;1.518
200155;8251;1.528
198171;43070;1.397
48417;49889;1.480
12570;42477;1.524
50241;8251;1.509
43070;47232;1.497
35592;43541;1.526
28972;57800;1.028
35592;43542;1.496
51884;5588;1.514
49025;56360;1.482
31246;6679;1.533
15614;39904;1.449
39817;6881;1.515
20884;49320;1.379
198605;39817;1.507
197798;25424;1.472
13036;2852;1.470
15614;39906;1.477
197798;25192;1.425
25234;59984;1.495
2852;49931;1.482
42000;62178;1.469
51154;57800;0.947
28972;39817;1.473
197046;5578;1.307
39906;42306;1.514
198605;35236;1.515
39817;49320;1.455
25192;39392;1.508
39791;49025;1.511
39392;56360;1.476
21430;41824;1.473
48417;57707;1.481
31246;49320;1.503
24971;47949;1.529
12767;29134;1.412
47232;49931;1.488
42306;48926;1.493
39906;57707;1.473
35592;51400;1.495
25234;30764;1.482
49320;5610;1.489
30764;41824;1.484
29113;42000;1.485
198171;48926;1.394
25424;48417;1.492
43070;49931;1.344
39817;57800;1.347
197046;25234;1.440
12767;15935;1.500
15614;2852;1.455
25424;62178;1.497
16019;197798;1.501
39906;50241;1.482
31246;57800;1.452
48574;56360;1.185
35236;43541;1.523
42306;5588;1.537
35236;43542;1.487
29134;43541;1.461
47949;48574;1.387
29134;43542;1.386
2852;42477;1.539
24971;51884;1.497
41824;48574;1.198
198605;21142;1.489
197046;6881;1.460
20884;35236;1.474
39791;50398;1.493
35236;47232;1.527
20884;24641;1.421
200155;62178;1.407
15614;25234;1.316
31246;39817;1.515
12570;29134;1.465
21142;43541;1.491
42000;49101;1.466
29134;5588;1.527
21142;43542;1.428
197798;48417;1.473
12767;41824;1.324
48417;5578;1.487
47949;48268;1.524
43541;47949;1.494
35592;59984;1.524
42477;43203;1.503
41824;48268;1.460
197798;62178;1.094
39906;43070;1.513
25512;6679;1.443
21142;25512;1.444
12570;15935;1.523
21142;47232;1.514
13036;34315;1.471
35236;51400;1.468
31246;35236;1.517
197046;48574;1.227
29134;51400;1.409
25234;42000;1.467
25512;59984;1.516
25424;41453;1.493
20884;21142;1.437
15685;42477;1.533
25192;5578;1.433
24641;57800;1.257
16019;49931;1.483
43541;51884;1.445
13036;20884;1.488
25424;5610;1.453
25424;49101;1.475
34315;5578;1.362
21142;25248;1.483
12570;198605;1.497
49931;57800;0.928
15685;43203;1.468
5578;8251;1.491
25192;51154;1.426
21142;5610;1.512
21142;51400;1.318
197046;48268;1.465
48417;6881;1.491
28972;5610;1.440
12570;41824;1.446
13036;16019;1.528
15614;48574;1.368
15935;41453;1.499
200155;41453;1.426
25424;39904;1.515
24641;39817;1.354
41824;49889;1.273
25424;39906;1.531
197798;41453;1.309
39906;48926;1.501
39392;43541;1.528
35236;59984;1.512
47949;8251;1.507
39392;43542;1.488
29134;59984;1.480
2852;29134;1.514
20884;47949;1.454
15614;48268;1.515
20884;6679;1.475
197798;49101;1.028
49101;51154;1.331
25234;6679;1.492
16019;42477;1.486
13036;39392;1.498
57707;6881;1.499
49025;51400;1.388
43542;8251;1.498
34315;6881;1.501
39392;47232;1.533
30764;51884;1.437
197798;198171;1.198
39904;51154;1.464
197046;24971;1.466
16019;6679;1.542
41824;42306;1.395
21142;59984;1.511
15685;6881;1.524
39817;5610;1.510
197798;39904;1.457
197046;49889;1.265
56360;59984;1.451
35592;42000;1.499
34315;56360;1.281
29134;30764;1.481
20884;51884;1.197
15685;200155;1.527
12767;47949;1.417
39791;48417;1.507
31246;47949;1.524
198605;34315;1.495
197798;39906;1.465
41824;57707;1.348
24971;49320;1.508
39392;51400;1.433
47949;50241;1.288
15614;24971;1.499
41824;50241;1.380
28972;34315;1.352
25512;56360;1.471
198605;20884;1.505
15614;28972;1.454
15685;29134;1.506
48926;57707;1.213
2852;41824;1.497
21142;30764;1.446
42000;50398;1.494
197046;39791;1.478
15614;49889;1.392
24971;57800;1.459
21430;43203;1.469
197046;42306;1.383
12767;51884;1.335
49025;59984;1.533
48268;49025;1.530
5578;57707;1.350
49320;59984;1.488
15685;15935;1.529
48926;50241;1.299
48417;48574;1.467
198171;21430;1.409
15935;49025;1.540
51400;59984;1.479
29113;6679;1.445
200155;49025;1.511
197046;57707;1.338
43541;6679;1.508
41453;49025;1.478
35592;6679;1.518
15935;35592;1.538
24971;39817;1.517
200155;35592;1.515
15614;39791;1.458
198171;59984;1.455
197046;50241;1.370
15614;42306;1.482
41824;43070;1.353
25424;50398;1.443
25234;47232;1.532
197798;8251;1.485
197046;5610;1.423
57800;6679;1.293
43541;49320;1.460
39392;59984;1.535
35236;42000;1.435
48574;49931;1.234
29134;42000;1.489
25248;43203;1.436
198605;39392;1.511
16019;29134;1.501
12570;5588;1.522
15685;41824;1.490
15614;57707;1.436
48268;50398;1.463
43203;5588;1.512
197798;25234;1.430
43203;51154;1.380
39791;49101;1.469
24971;35236;1.520
31246;34315;1.499
13036;51154;1.485
15935;31246;1.502
43541;57800;1.407
28972;39392;1.501
15935;50398;1.483
200155;50398;1.245
198171;30764;1.438
15614;50241;1.444
41453;50398;1.340
25424;48574;1.464
21142;42000;1.494
48268;8251;1.544
39791;39904;1.488
197046;43070;1.331
29113;42477;1.513
197798;50398;1.315
49931;51884;1.065
39791;39906;1.481
25424;29113;1.509
43542;51154;1.408
47232;6679;1.530
47949;48926;1.284
30764;49320;1.392
29113;43203;1.375
25424;48268;1.499
25234;49931;1.426
15935;25424;1.511
41824;48926;1.448
200155;25424;1.475
15935;25192;1.518
48926;6679;1.422
34315;43541;1.467
200155;25192;1.475
12570;2852;1.477
34315;43542;1.200
16019;41824;1.470
48417;5610;1.489
16019;198605;1.545
15614;43070;1.479
15935;29113;1.516
15614;5588;1.521
49320;56360;1.330
200155;29113;1.394
197798;48574;1.210
12570;43203;1.289
42000;49889;1.422
43203;49025;1.392
42477;47949;1.526
30764;57800;1.362
51400;56360;1.321
42000;48417;1.517
35592;47232;1.539
34315;47232;1.511
25512;43541;1.495
24641;34315;1.427
198171;8251;1.469
31246;39392;1.542
25512;43542;1.450
25248;29134;1.429
197798;29113;1.363
5588;6881;1.547
42306;56360;1.420
39906;6881;1.533
20884;57800;0.948
25192;5610;1.520
198171;56360;1.182
49889;62178;1.328
197798;48268;1.486
197046;48926;1.439
39392;42000;1.516
25512;47232;1.531
12767;49320;1.341
34315;5610;1.492
30764;39817;1.480
42477;51884;1.489
25234;42477;1.509
43542;49025;1.462
39906;59984;1.526
34315;51400;1.230
25424;49889;1.489
198605;51154;1.504
198605;200155;1.532
50398;5578;1.327
48417;50241;1.494
21430;24641;1.478
20884;39817;1.468
42000;57707;1.466
24971;5578;1.499
12767;57800;1.080
30764;5588;1.525
30764;35236;1.490
28972;51154;1.079
15614;48926;1.464
48268;48417;1.445
25512;51400;1.368
41453;5578;1.258
48268;62178;1.504
35592;49931;1.478
29113;29134;1.368
25424;39791;1.528
25248;41824;1.355
15935;48417;1.507
25424;42306;1.463
200155;48417;1.482
15685;51884;1.481
41453;48417;1.470
15935;62178;1.507
49889;5588;1.511
29134;47232;1.508
2852;43203;1.467
24641;39392;1.471
12767;39817;1.419
41453;62178;1.342
197798;49889;1.268
25424;57707;1.486
50241;51884;1.331
34315;59984;1.488
50398;6881;1.471
25192;41453;1.403
24971;6881;1.458
12767;35236;1.450
39791;48574;1.411
12767;24641;1.359
42000;43070;1.506
41453;6881;1.492
197798;39791;1.459
43070;43203;1.435
39817;51154;1.467
24971;34315;1.506
197798;42306;1.439
35592;42477;1.529
28972;49025;1.491
25512;8251;1.497
198605;6881;1.543
31246;51154;1.457
29113;41824;1.374
28972;35592;1.505
197798;57707;1.141
39791;48268;1.517
35236;49931;1.459
21430;47949;1.493
29134;49931;1.296
48268;49101;1.493
39906;56360;1.481
15685;5578;1.464
25512;30764;1.365
198605;31246;1.543
42306;43541;1.459
30764;47949;1.405
25424;43070;1.439
12767;21142;1.431
42306;43542;1.488
39392;5578;1.472
198171;198605;1.468
15935;49101;1.504
48417;48926;1.509
200155;49101;1.404
198171;43541;1.459
41453;49101;1.352
198171;43542;1.379
12570;24641;1.444
28972;31246;1.471
21142;49931;1.394
42306;47232;1.500
21430;51884;1.467
198171;25512;1.438
198171;47232;1.501
15935;39904;1.522
42477;49320;1.502
42000;5578;1.445
200155;39904;1.511
49320;51400;1.100
43203;62178;1.175
15935;39906;1.535
41824;6881;1.459
200155;39906;1.516
24971;39392;1.543
197046;28972;1.059
35236;42477;1.523
24641;51154;1.415
16019;43203;1.515
39791;49889;1.428
29134;42477;1.493
20884;8251;1.512
200155;5578;1.420
197798;43070;1.410
34315;42000;1.459
25234;8251;1.501
197046;2852;1.497
47949;59984;1.515
42477;57800;1.451
42306;51400;1.440
39392;6881;1.543
25192;49025;1.495
198171;25248;1.399
50241;5578;1.367
49025;49931;1.450
25248;6881;1.463
198171;51400;1.263
12767;197798;1.329
48574;6881;1.477
43542;48417;1.496
25248;51884;1.408
5588;5610;1.544
25424;48926;1.516
25192;35592;1.491
43542;62178;1.362
15685;49320;1.471
25512;42000;1.481
21142;42477;1.515
48926;59984;1.511
197046;21430;1.477
42000;6881;1.517
39791;42306;1.509
59984;6679;1.526
49931;6679;1.434
30764;34315;1.418
49889;50398;1.315
15685;57800;1.410
39392;49931;1.464
2852;6881;1.532
200155;6881;1.478
51154;6679;1.472
39791;57707;1.472
25192;31246;1.520
39904;49025;1.510
25192;50398;1.430
12570;47949;1.364
13036;41453;1.450
50241;6881;1.514
20884;34315;1.330
42306;59984;1.432
24641;49025;1.489
15614;21430;1.458
50241;57800;0.961
43203;49101;1.020
42000;48574;1.394
197798;48926;1.283
39791;50241;1.481
15935;25234;1.511
49320;5588;1.509
200155;25234;1.489
29113;8251;1.503
24641;35592;1.497
15685;39817;1.465
39906;43541;1.528
197046;197798;1.292
15614;59984;1.488
15685;197046;1.494
39906;43542;1.499
198605;62178;1.487
12570;51884;1.405
49025;6679;1.405
25192;25424;1.526
12767;34315;1.359
49101;50398;1.319
42000;48268;1.528
39791;5578;1.456
50398;5610;1.436
43542;49101;1.344
15685;35236;1.457
39906;47232;1.523
39904;50398;1.476
39392;42477;1.537
25192;29113;1.428
24971;5610;1.470
15685;24641;1.456
28972;62178;1.400
25192;2852;1.496
24971;51154;1.464
24641;31246;1.511
12767;20884;1.323
12767;198171;1.251
47949;56360;1.428
39791;43070;1.500
30764;39392;1.498
41824;56360;1.082
41453;5610;1.480
15614;30764;1.480
48268;48574;1.481
39906;5578;1.483
21430;49320;1.469
12767;16019;1.497
51400;6679;1.329
21142;29134;1.464
20884;39392;1.494
15935;48574;1.489
200155;48574;1.397
48926;56360;1.425
41453;48574;1.130
39906;51400;1.472
2852;47949;1.481
39791;6881;1.517
21430;57800;1.409
15685;21142;1.501
5578;56360;1.284
47232;8251;1.550
198605;41453;1.482
25424;5588;1.546
197046;56360;1.119
15935;5578;1.497
15935;48268;1.517
13036;49025;1.509
25248;49320;1.433
200155;48268;1.492
16019;24641;1.511
12767;39392;1.470
47232;47949;1.528
41453;48268;1.487
39906;49931;1.468
43541;51154;1.423
31246;8251;1.539
21142;5588;1.514
28972;5588;1.530
28972;41453;1.353
2852;51884;1.484
21430;39817;1.486
13036;35592;1.510
198171;42000;1.390
50398;51884;1.168
39791;48926;1.495
25192;48417;1.468
197798;198605;1.475
197046;198171;1.208
48417;59984;1.479
28972;49101;1.364
25424;28972;1.450
25248;57800;1.346
42000;42306;1.510
25192;62178;1.442
21142;41824;1.435
15614;56360;1.412
15685;47949;1.487
47232;51884;1.503
21430;35236;1.405
15685;5610;1.529
13036;200155;1.509
43542;5578;1.417
43203;50398;1.368
25234;43203;1.442
13036;31246;1.520
48268;49889;1.496
39392;5610;1.535
15935;6881;1.501
15935;24971;1.502
13036;50398;1.487
43070;51884;1.406
200155;24971;1.484
51884;57800;0.924
25424;2852;1.542
25248;39817;1.501
200155;28972;1.238
49889;57707;1.319
29113;49320;1.389
15935;49889;1.503
42000;50241;1.474
34315;49931;1.206
200155;49889;1.417
41453;49889;1.233
21142;2852;1.503
49101;62178;1.152
39817;5588;1.517
30764;51154;1.484
198605;5578;1.493
197798;24971;1.500
5610;57800;1.427
39904;48417;1.516
197798;28972;1.351
42000;5610;1.515
39817;41453;1.450
12570;49320;1.336
39904;62178;1.473
43542;50398;1.405
29113;57800;1.192
25248;35236;1.499
25512;49931;1.439
24641;62178;1.426
20884;51154;0.939
13036;25424;1.533
13036;25192;1.483
200155;5610;1.475
15935;39791;1.524
43542;6881;1.514
41824;43541;1.423
200155;39791;1.514
16019;47949;1.531
15935;42306;1.500
41824;43542;1.408
200155;42306;1.435
198605;49025;1.511
12570;57800;1.296
13036;29113;1.480
50241;5610;1.499
48268;57707;1.493
41453;42306;1.454
25424;50241;1.499
39392;41824;1.493
25192;49101;1.437
197798;21430;1.457
198605;35592;1.526
15935;57707;1.504
5610;6881;1.471
43542;48574;1.388
41824;47232;1.487
200155;57707;1.403
49101;6679;1.329
48268;50241;1.507
41453;57707;1.363
34315;42477;1.504
12767;51154;1.324
24641;6679;1.475
13036;197046;1.485
15685;34315;1.480
16019;51884;1.500
15935;50241;1.514
12570;39817;1.482
13036;15685;1.475
25192;39904;1.490
200155;50241;1.441
48417;56360;1.450
41824;5578;1.303
41453;50241;1.373
35592;43203;1.495
25234;29134;1.457
197798;5578;1.332
29113;35236;1.485
25192;39906;1.471
197046;43541;1.422
39906;42000;1.500
25512;42477;1.526
197046;5588;1.526
197046;43542;1.406
47949;51400;1.227
43542;48268;1.512
39904;41453;1.449
15685;20884;1.492
41824;51400;1.330
198605;50398;1.514
197798;50241;1.161
24641;41453;1.400
20884;49025;1.489
197046;25512;1.484
12570;35236;1.479
39904;49101;1.456
25248;5578;1.446
197046;47232;1.489
48574;5578;1.238
2852;49320;1.467
24641;49101;1.401
20884;35592;1.502
48926;51400;1.235
43203;49889;1.334
28972;50398;1.025
15614;43541;1.504
47949;49931;1.410
43203;48417;1.487
42000;48926;1.483
15935;43070;1.496
15614;43542;1.446
25248;47949;1.486
200155;43070;1.411
13036;48417;1.519
41453;43070;1.441
39817;49025;1.511
2852;57800;1.411
198605;25424;1.540
197798;6881;1.496
197046;25248;1.334
13036;62178;1.448
15614;25512;1.481
47232;49320;1.507
39904;39906;1.462
39791;5610;1.518
31246;49025;1.541
198605;25192;1.516
50398;57800;0.973
197046;51400;1.309
15614;47232;1.528
2852;5578;1.469
25424;56360;1.458
25234;41824;1.434
48926;49931;1.389
42306;6679;1.509
20884;31246;1.458
198605;29113;1.504
43070;49320;1.432
31246;35592;1.530
12570;21142;1.422
49931;51154;1.008
43542;49889;1.403
41824;59984;1.431
35236;43203;1.469
16019;8251;1.541
49320;49931;1.335
47232;57800;1.470
29134;43203;1.426
39906;5610;1.533
2852;39817;1.478
48417;5588;1.546
28972;29113;1.383
15614;25248;1.479
25192;25234;1.469
43070;57800;1.344
21430;34315;1.466
15614;51400;1.431
198171;5578;1.240
48268;48926;1.520
42306;49931;1.394
39817;50398;1.479
29113;47949;1.434
5578;59984;1.483
21142;43203;1.309
198171;49931;1.214
12767;6679;1.455
2852;35236;1.494
197798;56360;1.287
15935;48926;1.521
200155;48926;1.472
41453;48926;1.427
39791;59984;1.514
25512;29134;1.480
25192;5588;1.524
197046;59984;1.431
15935;5610;1.500
15935;200155;1.506
59984;8251;1.534
43542;57707;1.288
34315;5588;1.515
49931;8251;1.491
39904;6679;1.501
24971;41453;1.496
13036;49101;1.444
29113;51884;1.302
25248;34315;1.449
51154;8251;1.512
5588;57800;1.490
43541;8251;1.535
42477;51154;1.452
35592;8251;1.499
198605;48417;1.540
198171;6881;1.477
16019;49320;1.511
197046;30764;1.485
48574;51884;1.260
35592;41824;1.501
25192;48574;1.411
42306;42477;1.456
13036;39904;1.470
28972;49889;1.339
57800;8251;1.460
43070;6679;1.496
42000;43541;1.521
198171;42477;1.474
13036;39906;1.490
42000;43542;1.480
28972;48417;1.451
21430;39392;1.515
43542;5610;1.507
16019;57800;1.465
25512;41824;1.483
24641;50398;1.436
41824;42000;1.473
25192;48268;1.486
15685;51154;1.490
39392;43203;1.433
35236;6679;1.507
29113;34315;1.264
198605;5610;1.540
48417;51400;1.482
15685;2852;1.453
16019;39817;1.513
51154;62178;1.370
50241;51154;1.381
39904;48574;1.421
25424;43541;1.441
25424;43542;1.509
20884;62178;1.375
25248;39392;1.517
25234;51884;1.433
12570;34315;1.376
24641;25424;1.511
25424;25512;1.518
24641;25192;1.464
48417;49931;1.442
39791;56360;1.467
35236;41824;1.473
24641;29113;1.454
197046;42000;1.474
16019;35236;1.522
48926;8251;1.509
39817;48417;1.517
29134;41824;1.347
12570;20884;1.452
57707;59984;1.486
42477;6679;1.529
39904;48268;1.520
198605;49101;1.476
39817;62178;1.473
31246;48417;1.489
24971;49025;1.545
31246;62178;1.498
25192;49889;1.422
43070;47949;1.485
13036;25234;1.466
12570;16019;1.531
197798;43541;1.446
24971;35592;1.532
197798;43542;1.336
43542;48926;1.373
25424;51400;1.475
21430;6679;1.507
198605;39904;1.507
47949;5578;1.402
41824;5610;1.422
197798;5610;1.472
15614;42000;1.463
25512;6881;1.522
198605;39906;1.519
197798;25512;1.362
35592;47949;1.516
198171;29134;1.398
42000;59984;1.508
20884;41453;1.289
16019;21142;1.531
28972;39904;1.470
25192;39791;1.467
21142;24641;1.439
5578;6881;1.495
25192;42306;1.502
15935;28972;1.485
49101;49889;1.304
28972;39906;1.494
25248;5610;1.426
21430;51154;1.473
12570;39392;1.480
48574;5610;1.452
24971;31246;1.458
20884;49101;1.336
39906;42477;1.530
24971;50398;1.477
39904;49889;1.445
43203;6679;1.290
2852;34315;1.480
25192;57707;1.428
197798;25248;1.411
35592;51884;1.482
24641;49889;1.380
49889;50241;1.281
48574;49320;1.292
43541;49025;1.517
197798;51400;1.028
15614;200155;1.491
43203;48574;1.316
24641;48417;1.499
13036;6679;1.502
47949;6881;1.525
31246;41453;1.491
13036;48574;1.426
25424;59984;1.457
25192;50241;1.452
39817;49101;1.458
15935;21430;1.524
2852;5610;1.536
200155;21430;1.514
31246;49101;1.499
49931;62178;1.343
48574;57800;0.973
25248;51154;1.356
24971;25424;1.489
39904;42306;1.502
24971;25192;1.522
198171;41824;1.181
49101;57707;1.058
43203;48268;1.498
39817;39904;1.344
35236;47949;1.493
29113;39817;1.494
13036;48268;1.527
200155;59984;1.477
39904;57707;1.461
39817;39906;1.462
31246;39904;1.514
25424;30764;1.517
198605;25234;1.501
49101;50241;1.131
31246;39906;1.533
198171;5610;1.449
51884;6679;1.428
15614;6679;1.489
25234;49320;1.441
25192;43070;1.497
197798;59984;1.475
34315;43203;1.220
30764;49025;1.446
39791;43541;1.525
39791;43542;1.488
2852;39392;1.512
21142;47949;1.408
35236;51884;1.467
30764;35592;1.512
29134;51884;1.325
200155;30764;1.512
12767;198605;1.475
42000;56360;1.459
25234;57800;1.317
39791;47232;1.528
25512;43203;1.363
15614;197046;1.431
13036;24971;1.522
15685;16019;1.528
197798;30764;1.363
42477;62178;1.509
21430;31246;1.517
50398;5588;1.528
13036;49889;1.436
12570;51154;1.446
24971;5588;1.548
21142;51884;1.393
48268;5578;1.504
41824;49931;1.007
39904;43070;1.498
30764;31246;1.523
198605;48574;1.467
25234;39817;1.452
16019;34315;1.511
12767;49025;1.480
15935;2852;1.536
41453;5588;1.512
24641;39904;1.353
39791;51400;1.469
24971;48417;1.495
25424;42000;1.524
24641;39906;1.447
25192;48926;1.466
24971;62178;1.502
12767;35592;1.494
15685;39392;1.511
28972;48574;1.312
20884;50398;1.043
16019;20884;1.471
13036;39791;1.482
13036;42306;1.501
48268;56360;1.468
25234;35236;1.463
198605;48268;1.541
49889;6679;1.447
49025;51884;1.447
43203;57707;1.134
39392;47949;1.478
35592;49320;1.492
197046;49931;0.981
197046;198605;1.504
15935;56360;1.457
200155;56360;1.318
13036;57707;1.451
48268;6881;1.502
41453;56360;1.291
39906;41824;1.484
29134;6679;1.477
28972;48268;1.466
24971;2852;1.535
12767;31246;1.482
41824;42477;1.452
31246;5578;1.493
12767;50398;1.350
43203;50241;1.166
31246;50398;1.469
20884;25424;1.439
20884;25192;1.429
197798;42000;1.457
13036;50241;1.448
35592;57800;1.453
39904;48926;1.486
20884;29113;1.379
43541;48417;1.480
39392;51884;1.464
198605;2852;1.515
15614;49931;1.416
5578;5610;1.483
2852;51154;1.497
16019;39392;1.543
43541;62178;1.473
198605;24971;1.545
12767;8251;1.495
50398;51154;1.035
39817;48574;1.422
198605;28972;1.516
56360;6679;1.462
31246;48574;1.476
198605;49889;1.471
12767;25424;1.500
15685;5588;1.524
43542;50241;1.371
35592;39817;1.500
12767;25192;1.443
24971;49101;1.504
24641;25234;1.445
197046;42477;1.454
39392;5588;1.527
47232;51154;1.487
39904;8251;1.506
34315;41824;1.324
31246;6881;1.451
47949;5610;1.518
13036;43070;1.506
39817;48268;1.520
35236;49320;1.469
43070;51154;1.354
29134;49320;1.426
31246;48268;1.502
24971;39904;1.517
42306;43203;1.454
198605;39791;1.516
42000;5588;1.525
25234;47949;1.472
24971;39906;1.535
21430;62178;1.471
198605;42306;1.527
49025;8251;1.511
198171;43203;1.309
15614;42477;1.502
42000;47232;1.538
30764;48417;1.517
35236;57800;1.409
49931;50398;0.956
30764;62178;1.383
29134;57800;1.293
28972;39791;1.497
21142;49320;1.351
20884;49889;1.279
200155;5588;1.541
198605;57707;1.490
28972;42306;1.404
20884;48417;1.442
50241;5588;1.522
15935;197046;1.479
43541;49101;1.444
42477;49025;1.536
24641;48574;1.358
198605;50241;1.489
35236;8251;1.499
28972;57707;1.375
25512;5578;1.465
25248;2852;1.522
42000;51400;1.466
35236;39817;1.486
21142;57800;1.240
51400;8251;1.491
43203;48926;1.270
29134;39817;1.495
56360;57800;0.950
39817;49889;1.445
25424;47232;1.504
13036;48926;1.469
39791;42000;1.435
49889;51400;1.304
31246;49889;1.495
28972;50241;1.407
15935;43541;1.500
200155;43541;1.463
15935;43542;1.517
12767;48417;1.484
49025;49320;1.425
41453;43541;1.488
25192;28972;1.440
200155;43542;1.445
41453;43542;1.420
2852;31246;1.532
24641;48268;1.504
12767;62178;1.340
51154;57707;1.349
21430;41453;1.425
16019;51154;1.470
15935;25512;1.525
42000;49931;1.456
29134;35236;1.488
21142;39817;1.473
200155;25512;1.509
51884;62178;1.332
200155;2852;1.529
15935;47232;1.527
15685;49025;1.515
200155;47232;1.504
197046;29134;1.343
42477;8251;1.540
41453;47232;1.512
30764;41453;1.465
198605;43070;1.518
49025;57800;1.390
42477;50398;1.462
39817;42306;1.502
24971;25234;1.497
31246;39791;1.517
15685;35592;1.517
5610;62178;1.497
34315;47949;1.334
31246;42306;1.458
29113;39392;1.495
25234;34315;1.441
30764;49101;1.369
197798;47232;1.498
15685;198171;1.434
51400;57800;0.944
48268;51400;1.493
39392;49320;1.431
21142;35236;1.499
39817;57707;1.463
28972;43070;1.370
15935;25248;1.496
49320;6679;1.364
200155;25248;1.410
31246;57707;1.498
15935;51400;1.504
49889;59984;1.478
25424;49931;1.439
200155;51400;1.404
15614;29134;1.453
41453;51400;1.352
39791;5588;1.526
25512;47949;1.404
24641;24971;1.513
20884;5578;1.307
39817;50241;1.468
30764;39904;1.479
25234;5578;1.402
24641;28972;1.434
12570;6679;1.401
39392;57800;1.388
15685;31246;1.523
34315;51884;1.148
30764;39906;1.504
48268;5610;1.503
16019;5578;1.500
15614;15935;1.510
39906;43203;1.472
12767;41453;1.311
20884;39904;1.465
197046;41824;0.976
57800;62178;1.102
39906;5588;1.531
20884;39906;1.486
12767;49101;1.341
25512;51884;1.435
24971;48574;1.482
198605;48926;1.512
39392;39817;1.498
48268;59984;1.493
24641;39791;1.479
197798;49931;1.280
24641;42306;1.475
15685;25424;1.540
39817;43070;1.500
25234;39392;1.505
24971;29113;1.507
20884;6881;1.460
15935;59984;1.500
29134;47949;1.465
28972;48926;1.461
25424;42477;1.468
25234;6881;1.495
12767;39904;1.419
41453;59984;1.478
31246;43070;1.461
15614;41824;1.424
21430;49025;1.511
198171;24641;1.356
12767;39906;1.460
43541;50398;1.410
24971;48268;1.506
24641;57707;1.406
16019;6881;1.482
16019;31246;1.482
15935;5588;1.547
31246;5610;1.469
12570;41453;1.437
39904;50241;1.466
21430;35592;1.504
49931;57707;1.286
29113;5578;1.402
49101;8251;1.491
35592;5578;1.486
24641;50241;1.402
24641;8251;1.507
15935;30764;1.526
51884;8251;1.494
2852;62178;1.473
29113;51154;1.374
28972;6679;1.471
50398;62178;1.375
43541;48574;1.459
42477;48417;1.491
197798;42477;1.490
39906;49320;1.471
25248;49025;1.505
13036;28972;1.495
49889;56360;1.274
48574;51154;1.198
21430;50398;1.491
20884;25234;1.436
43542;5588;1.522
47232;62178;1.514
39817;48926;1.488
25248;35592;1.520
25192;56360;1.430
31246;48926;1.517
30764;50398;1.478
24971;49889;1.500
43541;48268;1.492
29113;6881;1.503
24641;43070;1.470
43541;6881;1.479
35592;6881;1.530
30764;6679;1.442
198605;5588;1.528
43542;51400;1.344
35592;39392;1.520
13036;21430;1.482
15685;48417;1.522
29134;34315;1.349
12767;25234;1.344
42306;47949;1.492
21430;25424;1.526
15685;62178;1.472
57800;6881;1.454
25248;31246;1.461
21430;25192;1.467
198171;47949;1.385
49101;56360;1.321
47232;5578;1.519
30764;48574;1.438
2852;41453;1.458
24971;39791;1.520
49320;51884;1.316
43203;59984;1.490
42306;8251;1.533
39791;49931;1.460
34315;49320;1.219
29113;49025;1.478
24971;42306;1.464
21430;29113;1.485
15935;42000;1.522
200155;42000;1.516
50241;62178;1.216
48926;5578;1.410
41453;42000;1.424
39904;56360;1.465
25234;51154;1.434
51400;51884;1.287
21142;34315;1.377
29113;35592;1.496
20884;48574;1.204
24971;57707;1.504
12570;49025;1.412
42306;51884;1.435
25512;5610;1.518
34315;57800;0.927
25512;49320;1.392
43541;49889;1.481
42477;49101;1.492
30764;48268;1.527
198171;51884;1.243
12570;200155;1.481
41824;43203;1.380
25248;25424;1.439
12570;35592;1.512
24971;50241;1.519
24641;48926;1.458
43542;59984;1.504
62178;6679;1.374
13036;15614;1.467
41824;5588;1.528
20884;48268;1.462
197798;5588;1.509
47232;6881;1.511
29113;31246;1.501
25512;57800;1.362
16019;62178;1.516
12767;48574;1.257
35236;39392;1.515
34315;39817;1.477
15685;41453;1.449
48926;6881;1.519
39791;42477;1.525
29134;39392;1.506
12767;29113;1.226
12570;31246;1.524
25248;5588;1.536
12570;50398;1.436
15685;49101;1.470
48574;5588;1.506
197046;43203;1.372
25512;39817;1.481
12767;48268;1.499
43541;57707;1.457
34315;35236;1.466
24971;43070;1.469
21430;48417;1.506
198605;21430;1.515
15685;197798;1.464
21142;39392;1.452
30764;49889;1.463
15685;39904;1.465
20884;24971;1.465
12767;15685;1.428
43070;8251;1.528
35592;51154;1.501
25192;43541;1.511
20884;5610;1.423
20884;28972;1.086
15685;39906;1.476
25234;5610;1.507
25192;43542;1.449
197798;2852;1.466
2852;5588;1.514
2852;49025;1.514
25512;35236;1.493
198605;59984;1.537
12570;25424;1.517
12570;25192;1.455
15614;43203;1.435
43203;56360;1.356
25192;25512;1.478
16019;5610;1.483
12570;197046;1.443
47949;49320;1.272
16019;41453;1.496
13036;56360;1.466
2852;35592;1.519
25192;47232;1.521
12570;29113;1.438
39906;47949;1.501
30764;39791;1.491
30764;42306;1.515
28972;59984;1.449
25248;48417;1.475
47232;49025;1.536
25248;62178;1.448
20884;21430;1.474
48926;49320;1.284
47949;57800;1.231
20884;39791;1.476
198605;30764;1.511
198171;5588;1.505
12767;49889;1.224
30764;57707;1.390
20884;42306;1.400
43070;49025;1.505
25192;25248;1.498
43542;56360;1.388
39904;43541;1.513
24971;48926;1.523
12570;15685;1.474
39904;43542;1.493
25192;51400;1.437
39906;51884;1.475
2852;50398;1.505
28972;30764;1.497
20884;57707;1.353
39904;47232;1.527
21430;49101;1.468
49889;49931;1.284
42306;49320;1.454
35236;51154;1.473
25192;6679;1.484
12767;39791;1.450
49320;57800;0.983
29134;51154;1.347
29113;5610;1.508
20884;50241;1.387
12767;42306;1.446
35592;5610;1.529
198171;49320;1.288
47232;50398;1.485
29113;62178;1.384
49101;51400;0.924
21430;8251;1.499
21430;39904;1.486
12767;57707;1.348
42306;57800;1.381
198171;2852;1.448
25248;41453;1.442
21430;39906;1.478
12570;48417;1.507
39904;51400;1.456
21142;51154;1.436
198171;57800;0.945
6679;8251;1.508
42477;48574;1.477
30764;43070;1.506
2852;29113;1.502
12570;62178;1.328
25192;59984;1.515
12767;50241;1.349
43541;48926;1.489
31246;50241;1.513
25248;49101;1.410
15685;50398;1.507
48268;49931;1.464
42000;42477;1.522
198605;56360;1.503
20884;43070;1.361
16019;49025;1.544
39791;41824;1.474
15935;49931;1.487
200155;49931;1.241
12570;8251;1.499
50241;50398;1.376
43203;8251;1.491
42000;43203;1.468
41453;49931;1.320
198171;39817;1.422
42477;48268;1.493
28972;56360;1.177
25248;39904;1.499
16019;35592;1.533
25248;39906;1.513
25192;30764;1.478
13036;8251;1.516
49025;51154;1.488
197046;24641;1.422
16019;200155;1.504
15685;48574;1.435
49101;59984;1.479
43203;43541;1.462
15685;25192;1.489
47232;5610;1.507
43203;43542;1.345
29113;41453;1.403
13036;43541;1.523
12767;43070;1.445
39904;59984;1.501
198171;35236;1.409
13036;43542;1.492
15685;29113;1.499
48926;5610;1.515
24641;59984;1.499
49931;5578;1.313
29113;49101;1.369
13036;25512;1.479
5578;5588;1.512
43203;47232;1.509
30764;48926;1.415
25424;43203;1.492
16019;50398;1.484
13036;47232;1.535
15685;48268;1.531
51154;5578;1.304
15614;24641;1.442
43541;5578;1.483
39392;51154;1.493
25424;6679;1.525
21430;25234;1.463
197798;200155;1.394
15935;42477;1.512
2852;48417;1.535
200155;42477;1.487
12570;49101;1.299
13036;197798;1.444
41453;42477;1.496
20884;48926;1.450
25512;34315;1.416
21142;6679;1.418
15614;8251;1.500
49931;50241;1.350
42477;49889;1.496
41824;47949;1.450
48417;49320;1.485
39817;56360;1.467
24641;30764;1.480
47949;5588;1.520
13036;25248;1.507
43203;51400;1.020
198171;21142;1.381
43542;47232;1.524
16019;25424;1.498
13036;51400;1.444
12570;39904;1.481
47232;48417;1.481
25512;2852;1.489
16019;25192;1.520
59984;6881;1.453
12570;39906;1.490
49931;6881;1.468
49025;5578;1.477
25192;42000;1.476
24971;28972;1.479
197798;43203;1.062
48417;57800;1.424
16019;29113;1.514
12767;48926;1.420
47949;51884;1.388
43070;48417;1.474
51154;6881;1.459
41824;51884;1.192
39906;57800;1.419
43070;62178;1.446
43203;49931;1.333
15685;49889;1.453
197046;47949;1.442
34315;39392;1.463
21430;48574;1.409
48926;51884;1.366
42477;57707;1.499
39817;6679;1.502
25248;50398;1.347
198605;43541;1.539
198605;43542;1.510
25424;29134;1.481
42477;50241;1.511
25512;39392;1.495
13036;59984;1.521
49025;6881;1.542
39904;42000;1.474
198605;25512;1.509
15685;39791;1.457
43542;49931;1.327
2852;49101;1.469
197046;51884;1.175
15614;47949;1.469
28972;43541;1.433
24641;56360;1.413
21430;48268;1.515
198605;47232;1.550
48574;49025;1.452
28972;43542;1.424
5588;62178;1.512
49889;8251;1.487
15685;198605;1.514
13036;198171;1.426
25248;48574;1.399
20884;2852;1.497
15685;57707;1.472
15935;29134;1.510
29134;8251;1.506
25234;2852;1.458
200155;29134;1.347
28972;47232;1.485
2852;39904;1.478
47232;49101;1.503
12570;25234;1.475
13036;30764;1.480
2852;39906;1.504
198605;25248;1.519
16019;48417;1.499
25248;29113;1.461
15614;51884;1.425
51400;6881;1.500
50241;57707;1.159
198605;51400;1.476
197798;29134;1.396
43070;49101;1.409
42477;43070;1.458
29113;50398;1.372
198171;200155;1.391
25248;48268;1.489
25424;41824;1.438
21430;24971;1.520
197046;6679;1.466
28972;51400;1.364
21430;28972;1.495
56360;8251;1.508
39791;43203;1.471
25234;49025;1.509
21430;49889;1.428
39817;43541;1.514
39817;43542;1.495
59984;62178;1.496
31246;43541;1.477
198171;34315;1.299
48268;5588;1.547
31246;43542;1.513
25234;35592;1.499
15935;41824;1.478
200155;41824;1.273
15685;43070;1.514
41453;41824;1.285
51154;51400;1.331
43541;50241;1.470
39817;47232;1.529
34315;51154;1.324
28972;49931;1.021
12570;48574;1.398
198171;20884;1.187
21430;39791;1.408
197798;41824;1.294
21430;42306;1.506
13036;42000;1.473
42477;48926;1.522
41824;49320;1.373
25248;49889;1.423
25512;51154;1.483
25234;31246;1.493
24971;56360;1.476
21430;57707;1.471
16019;49101;1.506
12767;24971;1.485
39817;51400;1.458
12570;48268;1.516
12767;28972;1.370
31246;51400;1.499
48417;6679;1.523
41824;57800;0.947
31246;5588;1.546
21430;50241;1.481
49101;5578;1.332
48417;51884;1.462
25248;39791;1.501
24641;5578;1.410
16019;39904;1.514
51154;59984;1.431
25248;42306;1.393
24641;43541;1.508
30764;50241;1.407
24641;43542;1.465
20884;59984;1.432
198171;39392;1.456
16019;39906;1.533
15685;48926;1.490
48926;57800;1.222
25234;25424;1.519
21142;41453;1.436
197046;49320;1.365
49931;5610;1.433
35592;49025;1.523
12570;12767;1.426
24641;25512;1.477
12767;21430;1.450
6881;8251;1.540
25248;57707;1.431
5578;57800;1.141
51154;5610;1.422
29113;49889;1.389
24641;47232;1.516
43541;5610;1.452
57707;6679;1.367
34315;6679;1.381
29113;48417;1.490
25192;49931;1.382
12570;24971;1.528
15685;25234;1.444
197046;57800;0.947
39817;59984;1.502
2852;48574;1.449
43541;56360;1.436
21430;43070;1.498
20884;30764;1.485
12570;49889;1.423
43070;50398;1.346
31246;59984;1.451
15685;6679;1.511
15614;49320;1.434
49101;6881;1.500
51884;57707;1.229
24641;6881;1.511
24641;25248;1.471
48574;62178;1.289
25424;51884;1.472
24641;51400;1.401
49320;8251;1.496
49025;5610;1.531
47232;48574;1.502
198605;42000;1.517
197046;39817;1.470
5610;57707;1.486
2852;48268;1.543
15614;57800;1.304
49101;49931;1.298
12570;39791;1.480
43070;48574;1.397
29113;57707;1.357
12570;42306;1.488
39904;49931;1.457
28972;42000;1.497
25512;31246;1.522
25248;43070;1.334
35236;49025;1.511
25192;42477;1.527
24641;49931;1.424
15935;198171;1.487
39392;41453;1.488
29134;49025;1.490
197046;35236;1.477
16019;25234;1.504
47232;48268;1.482
12570;57707;1.342
49320;51154;1.373
15614;39817;1.449
35236;35592;1.504
30764;56360;1.472
29134;35592;1.498
25512;5588;1.524
25234;48417;1.506
197798;51884;1.280
43070;48268;1.488
21430;48926;1.495
25234;62178;1.435
12570;50241;1.352
51154;56360;1.083
42306;51154;1.395
24971;43541;1.485
21142;49025;1.438
20884;56360;1.090
12767;5578;1.319
2852;28972;1.514
24971;43542;1.517
198171;51154;1.181
15614;35236;1.458
49931;59984;1.440
42306;6881;1.458
2852;49889;1.451
24971;25512;1.526
21142;35592;1.508
48574;49101;1.273
39904;42477;1.509
35236;50398;1.491
29134;31246;1.493
24971;47232;1.515
197046;21142;1.429
39904;5578;1.452
29113;43070;1.459
29113;39904;1.493
39817;42000;1.475
29113;39906;1.490
15935;43203;1.509
57707;57800;0.942
25248;48926;1.488
200155;43203;1.438
12767;56360;1.321
47232;49889;1.516
41453;43203;1.379
31246;56360;1.470
31246;42000;1.517
16019;48574;1.484
12570;43070;1.473
2852;39791;1.494
2852;42306;1.520
24971;25248;1.470
21142;8251;1.504
21142;31246;1.527
43070;49889;1.422
42000;49320;1.462
28972;8251;1.520
21142;50398;1.427
15614;197798;1.422
12767;6881;1.482
24971;51400;1.504
15614;21142;1.479
43070;5578;1.445
15685;24971;1.526
25234;41453;1.398
16019;197046;1.472
15685;28972;1.512
2852;57707;1.474
20884;5588;1.528
43541;43542;1.490
25234;5588;1.522
16019;48268;1.509
50398;57707;1.337
39791;47949;1.494
13036;49931;1.474
42000;57800;1.392
39904;6881;1.515
25234;49101;1.439
35592;48417;1.528
25192;29134;1.456
16019;5588;1.546
42477;59984;1.447
39392;49025;1.493
2852;50241;1.479
35592;62178;1.503
35236;5578;1.456
21142;25424;1.512
51400;5578;1.332
47232;57707;1.505
30764;8251;1.496
29113;48926;1.424
25424;49320;1.489
21142;25192;1.479
49025;50398;1.478
25234;39904;1.452
15685;21430;1.457
21142;29113;1.443
5588;6679;1.523
43070;57707;1.430
39906;6679;1.509
39791;51884;1.467
25234;39906;1.482
15685;42306;1.516
47232;50241;1.517
43070;6881;1.463
25512;62178;1.382
24641;42000;1.474
12570;48926;1.392
24971;59984;1.459
25424;57800;1.439
43541;51400;1.444
16019;24971;1.484
49931;56360;1.127
198171;31246;1.476
16019;28972;1.486
30764;43541;1.495
42477;5578;1.500
30764;43542;1.452
2852;43070;1.522
16019;49889;1.502
13036;42477;1.530
39392;50398;1.493
39906;51154;1.484
35236;6881;1.517
16019;2852;1.536
49101;5610;1.475
25192;41824;1.426
197798;49320;1.130
15685;50241;1.484
29113;5588;1.527
24641;5610;1.504
20884;43541;1.424
35592;5588;1.528
25424;39817;1.517
24971;30764;1.528
20884;43542;1.409
35592;41453;1.489
35236;48417;1.506
21430;5578;1.456
15614;198171;1.368
5588;57707;1.511
29134;48417;1.482
20884;25512;1.484
62178;8251;1.493
35236;62178;1.471
48574;50398;1.282
29134;62178;1.422
20884;47232;1.488
197798;57800;0.948
197046;34315;1.330
16019;39791;1.523
35592;49101;1.495
16019;42306;1.473
25424;35236;1.526
198605;49931;1.495
43541;59984;1.452
25512;41453;1.464
12767;43541;1.489
42477;6881;1.472
30764;51400;1.369
29113;48574;1.357
12767;13036;1.424
12767;43542;1.363
21142;48417;1.513
197046;8251;1.512
197046;20884;0.985
16019;57707;1.511
50398;6679;1.459
35592;39904;1.499
21142;62178;1.380
20884;25248;1.363
12767;25512;1.456
42477;56360;1.471
24971;6679;1.537
197798;39817;1.458
56360;62178;1.354
35592;39906;1.508
2852;48926;1.484
20884;51400;1.336
12767;47232;1.519
15614;34315;1.437
31246;47232;1.509
16019;50241;1.521
39906;49025;1.517
21430;6881;1.517
13036;5578;1.447
15935;24641;1.517
41453;6679;1.460
25248;28972;1.371
200155;24641;1.478
29113;48268;1.507
6679;6881;1.534
198605;6679;1.507
15614;20884;1.426
25234;50398;1.455
197798;35236;1.457
47232;5588;1.548
47232;48926;1.524
24971;42000;1.520
21430;59984;1.512
197798;24641;1.402
12767;25248;1.447
35236;41453;1.425
20884;49931;1.017
42000;47949;1.482
29134;41453;1.428
198605;42477;1.540
12767;51400;1.341
49025;62178;1.432
48926;5588;1.519
15614;16019;1.498
15935;197798;1.500
49320;62178;1.189
43070;48926;1.488
30764;59984;1.515
197046;39392;1.488
13036;29134;1.502
35236;49101;1.468
43203;6881;1.507
29134;49101;1.409
51400;62178;1.152
16019;43070;1.478
28972;42477;1.460
51884;5578;1.313
25234;48574;1.379
13036;6881;1.520
13036;15935;1.520
39817;49931;1.460
39791;49320;1.469
48417;8251;1.540
34315;49025;1.435
12767;5610;1.489
42000;51884;1.464
39392;48417;1.531
35236;39904;1.486
31246;49931;1.466
198171;62178;1.284
29134;39904;1.493
197798;21142;1.331
39392;62178;1.462
35236;39906;1.479
25424;47949;1.520
25234;29113;1.403
21142;49101;1.318
15614;39392;1.501
34315;35592;1.484
29134;39906;1.498
49889;51884;1.295
39791;57800;1.410
12570;28972;1.459
41824;6679;1.472
39904;5610;1.508
25512;49025;1.448
25248;50241;1.443
25234;48268;1.518
48574;49889;1.125
12767;59984;1.481
25192;8251;1.502
21142;39904;1.470
51884;59984;1.471
25512;35592;1.511
15935;47949;1.521
13036;41824;1.485
39392;6679;1.487
34315;8251;1.488
21142;39906;1.495
200155;47949;1.476
51884;6881;1.492
41453;47949;1.413
29113;39791;1.484
15614;6881;1.497
47949;51154;1.451
29113;42306;1.461
25248;6679;1.496
48574;6679;1.434
41824;51154;0.930
39791;39817;1.488
35592;50398;1.506
34315;50398;1.323
5610;59984;1.446
49025;49101;1.388
39817;42477;1.510
16019;48926;1.529
49931;51400;1.298
43070;5610;1.426
197798;47949;1.267
12570;21430;1.479
48268;51884;1.482
31246;42477;1.470
13036;198605;1.515
12767;30764;1.459
42306;5578;1.457
12767;15614;1.347
42000;6679;1.506
48926;51154;1.448
198171;41453;1.185
15935;51884;1.501
42477;43541;1.466
25512;50398;1.479
21430;56360;1.465
200155;51884;1.325
42477;43542;1.519
41453;51884;1.331
198605;29134;1.515
48574;57707;1.303
29113;50241;1.397
35592;48574;1.474
35236;5610;1.516
2852;6679;1.510
25234;49889;1.400
200155;6679;1.492
30764;42000;1.477
51400;5610;1.475
39392;49101;1.433
25192;43203;1.438
50241;6679;1.390
42477;47232;1.499
29134;5578;1.434
197046;51154;0.977
28972;29134;1.313
25424;34315;1.493
57800;59984;1.428
20884;42000;1.473
47949;49025;1.439
39392;39904;1.498
35592;48268;1.532
15685;43541;1.534
25248;56360;1.390
25234;39791;1.462
15685;43542;1.502
12570;15614;1.472
39392;39906;1.503
25234;42306;1.489
25512;29113;1.470
21142;25234;1.485
42477;5610;1.465
42477;51400;1.492
29134;50398;1.307
15685;25512;1.487
15614;51154;1.424
39906;62178;1.483
24641;42477;1.508
49889;6881;1.496
48926;49025;1.453
25234;57707;1.439
198605;41824;1.504
12767;42000;1.450
39904;43203;1.456
25424;8251;1.531
29134;6881;1.495
51884;56360;1.226
197798;34315;1.212
21430;5610;1.516
35236;48574;1.409
28972;41824;1.079
