29134;48574;1.614
5610;56360;1.669
2852;59984;2.272
197798;20884;1.306
15685;51400;1.957
42306;49025;2.032
50398;59984;1.577
35592;49889;2.068
25424;39392;2.137
198171;49025;1.778
39791;6679;2.101
34315;48417;1.736
56360;6881;1.738
50241;51400;1.136
43541;47232;1.894
35236;48268;2.011
34315;62178;1.248
24971;49931;1.704
21142;48574;1.551
49889;57800;0.934
29134;48268;1.956
198171;35592;2.014
12570;56360;1.728
47232;59984;1.919
39906;41453;1.772
49320;50398;1.411
25234;43070;1.821
13036;5610;2.035
25512;48417;2.000
35592;39791;2.207
48574;48926;1.540
48268;49320;1.947
39906;49101;1.814
39817;8251;2.211
35592;42306;2.176
21430;43541;2.016
43542;51884;1.413
21430;43542;1.943
21142;48268;1.958
42306;50398;1.421
39817;41824;1.653
197798;39392;1.745
15935;49320;1.927
43070;50241;1.622
200155;49320;1.552
15685;59984;1.997
41453;49320;1.494
35592;57707;2.067
21430;25512;1.994
198171;50398;1.275
5588;8251;2.719
48417;51154;1.562
49931;5588;2.526
48268;57800;1.718
21430;47232;2.059
24641;29134;1.818
15614;31246;1.779
51154;5588;2.565
50241;59984;1.819
24971;42477;1.842
15935;57800;1.713
12767;200155;1.591
43541;5588;2.674
35236;49889;1.750
30764;47232;2.084
200155;57800;1.292
15935;6679;2.145
13036;43203;1.801
51884;5610;1.748
43541;49931;1.545
41453;57800;1.145
29134;49889;1.697
34315;41453;1.439
25248;43541;1.724
15685;30764;2.047
25248;43542;1.831
21430;25248;1.841
16019;21430;2.084
198171;25424;1.735
39392;48574;1.766
34315;49101;1.230
25234;48926;1.754
21430;51400;1.870
21142;24971;2.056
198171;25192;1.779
25248;25512;1.923
21142;28972;1.600
15935;39817;1.977
15935;198605;2.307
2852;56360;2.161
21142;49889;1.573
200155;39817;1.864
198171;29113;1.459
35236;39791;1.684
50398;56360;1.146
49025;5588;2.642
35236;42306;1.889
29134;39791;1.957
16019;59984;1.813
29134;42306;1.637
39904;41824;1.634
35592;43070;2.177
34315;39904;1.745
25512;49101;1.655
25424;51154;1.693
12570;5578;1.802
43542;6679;1.737
43203;5578;1.505
48417;49025;2.123
39392;48268;2.089
34315;39906;1.812
24641;41824;1.454
47949;62178;1.394
35236;57707;1.880
15935;35236;2.077
47232;56360;1.868
29134;57707;1.606
200155;35236;1.951
30764;49931;1.732
25248;51400;1.589
21142;39791;2.041
5610;6679;2.067
50398;8251;2.168
29113;43541;1.823
25512;39904;1.965
21142;42306;1.831
43070;56360;1.456
35236;50241;1.918
29113;43542;1.340
24971;8251;2.308
197046;200155;1.315
49025;49889;1.855
42306;5610;1.733
25512;39906;2.024
48926;62178;1.362
49320;6881;1.911
12570;197798;1.522
12767;197046;1.393
43203;49320;1.148
41453;8251;2.112
21142;57707;1.455
12570;43541;1.841
12570;13036;1.979
12570;43542;1.843
15685;56360;1.899
56360;57707;1.319
197798;51154;1.296
12570;6881;2.044
12570;25512;1.694
21142;50241;1.512
198605;43203;1.910
15935;21142;2.069
42306;48417;1.693
29134;5610;1.873
200155;21142;1.754
12570;47232;2.063
50241;56360;1.342
39906;50398;1.742
25192;47949;1.997
15614;5578;1.601
42306;62178;1.732
39392;49889;1.794
35592;48926;2.155
21430;30764;1.935
198171;48417;1.666
12767;49931;1.392
35236;43070;1.833
5588;56360;2.564
43542;49320;1.499
30764;42477;2.051
29134;43070;1.693
28972;43203;1.455
25248;59984;1.669
49025;57707;1.738
12570;25248;1.845
47949;49101;1.228
15614;62178;1.656
20884;42477;1.735
197798;6679;1.452
12570;51400;1.546
51400;57707;1.058
25192;51884;1.742
49025;50241;1.814
43542;57800;1.216
39392;39791;2.134
39392;42306;1.973
21142;43070;1.785
16019;56360;1.864
57707;8251;2.121
25248;30764;1.924
48926;49101;1.235
39904;47949;1.890
39392;57707;1.737
24971;41824;1.698
197046;41453;1.374
15685;8251;2.252
2852;43541;2.390
13036;24641;1.783
12767;42477;1.863
30764;5578;1.858
2852;43542;2.304
29113;59984;1.789
49101;51884;1.287
39392;50241;1.768
12570;198171;1.647
39817;43203;1.781
35236;48926;2.005
28972;6881;1.708
29134;48926;1.763
21430;42000;1.759
42306;49101;1.633
39904;51884;1.673
31246;43203;1.906
2852;47232;2.495
25234;28972;1.685
12570;59984;1.977
49889;5578;1.401
34315;48574;1.320
198171;49101;1.263
15614;41453;1.563
42000;8251;2.158
39791;51154;1.785
28972;49320;1.465
15614;198605;2.091
48574;50241;1.329
43070;43541;1.708
29113;30764;1.858
43070;43542;1.802
21142;48926;1.629
25512;48574;1.737
198171;39904;1.623
30764;6881;2.044
2852;51400;2.183
49101;5588;2.556
39392;43070;1.934
34315;48268;1.907
198171;39906;1.697
12570;30764;1.663
50398;51400;1.331
41824;49025;1.835
39906;49889;1.757
25248;42000;1.856
24641;5588;2.551
198171;6679;1.649
48417;62178;1.816
39906;48417;1.819
15935;34315;1.858
20884;29134;1.488
200155;34315;1.429
15685;47232;2.195
47232;51400;1.918
25512;48268;2.094
43203;47949;1.289
24641;43203;1.565
15935;20884;1.744
43070;51400;1.555
200155;20884;1.343
13036;47949;1.914
25234;50241;1.684
42477;49931;1.732
198605;24641;1.994
197046;49025;1.811
15685;25248;1.987
47949;50398;1.582
15935;16019;2.035
41824;50398;1.038
34315;49889;1.329
29113;56360;1.477
28972;35236;1.843
24641;2852;2.161
197046;35592;2.052
16019;43541;2.010
62178;6881;1.893
25192;49320;1.894
16019;43542;2.011
43203;51884;1.330
39392;48926;1.879
43542;47949;1.613
13036;51884;1.780
48926;50398;1.582
16019;25512;2.161
12570;5610;1.976
43203;5610;1.838
25512;28972;1.842
20884;41824;0.940
12570;42000;1.975
16019;47232;2.122
15614;49025;2.061
25512;49889;1.844
198171;25234;1.532
15685;49931;1.875
2852;30764;2.301
25192;57800;1.646
15935;39392;2.143
48417;49101;1.770
39791;8251;2.175
200155;39392;1.953
43070;59984;1.646
34315;39791;1.844
197046;31246;1.673
15614;35592;2.095
34315;42306;1.668
197046;50398;1.000
49101;49320;1.122
16019;25248;1.912
39904;49320;1.761
34315;57707;1.088
31246;41824;1.672
16019;51400;2.011
39906;8251;2.254
25512;39791;2.016
25192;39817;1.987
25512;42306;1.988
24641;49320;1.563
12767;5588;2.528
49101;57800;0.944
35592;50241;2.106
34315;50241;1.254
15614;50398;1.605
25234;56360;1.600
197046;25424;1.689
5578;6679;1.797
42000;51154;1.800
39904;57800;1.487
25512;57707;1.710
198605;47949;2.051
197046;25192;1.773
15614;5610;1.851
42306;48574;1.549
5588;59984;2.655
39904;5588;2.588
25192;35236;2.021
24971;43203;1.931
198171;48574;0.977
197046;29113;1.505
49889;51154;1.278
25512;50241;1.794
28972;47949;1.637
15935;8251;2.360
49320;5578;1.500
2852;42000;2.251
25248;47232;1.945
47949;6679;1.592
15614;25424;1.945
42306;48268;1.831
198605;51884;1.969
16019;198171;1.877
15614;25192;1.876
47949;49889;1.544
43070;5588;2.606
34315;43070;1.623
198171;48268;1.831
12767;2852;2.080
47949;48417;1.928
15614;29113;1.538
41824;48417;1.561
21430;49931;1.761
41824;62178;1.440
28972;51884;1.242
48268;51154;1.736
25192;6881;2.078
21142;21430;2.042
48926;49889;1.559
25512;43070;1.917
24641;35236;1.877
42000;49025;2.158
35236;5588;2.649
30764;5610;1.986
16019;30764;2.137
15935;51154;1.740
29134;50241;1.664
200155;51154;1.335
51400;5588;2.556
49320;49889;1.306
41453;51154;1.351
15614;15685;1.843
51154;51884;1.193
39817;47949;1.903
29113;47232;2.014
15685;42000;1.961
13036;49320;1.786
5610;8251;2.229
5578;62178;1.521
35592;56360;2.041
49889;5610;1.740
47949;57707;1.285
25248;49931;1.385
198605;8251;2.444
198171;24971;1.762
197046;48417;1.564
42306;49889;1.581
198171;28972;1.324
48417;50398;1.556
39791;62178;1.882
197046;62178;1.441
24971;29134;1.853
198171;49889;1.115
43203;57800;0.951
21430;42477;2.035
34315;48926;1.295
25424;49025;2.086
13036;57800;1.628
42477;5588;2.660
39817;51884;1.691
29113;51400;1.445
25424;5578;1.903
25424;35592;2.245
31246;51884;1.779
15614;48417;1.723
49320;57707;1.143
21142;5578;1.684
28972;5578;1.456
25512;48926;1.793
48574;51400;1.296
41824;49101;1.330
30764;43203;1.629
21430;5588;2.650
198171;39791;1.674
39906;48574;1.718
25234;43541;1.925
198171;42306;1.526
13036;39817;1.913
25234;43542;1.614
49320;50241;0.985
16019;42000;2.045
42306;57707;1.661
29113;49931;1.428
25248;42477;1.818
25234;25512;1.956
20884;43203;1.391
25424;31246;1.896
198171;57707;1.288
197798;49025;1.679
41824;8251;2.142
35236;56360;1.803
24641;47949;1.731
42306;50241;1.681
39791;41453;1.776
29134;56360;1.536
13036;35236;1.953
12570;49931;1.670
39906;48268;1.901
25424;6881;1.908
197798;35592;2.070
198171;50241;1.301
39392;8251;2.382
48268;6679;2.046
21142;6881;2.053
197046;49101;1.310
25248;8251;2.182
48574;8251;2.040
25234;25248;1.845
200155;31246;1.762
198605;49320;1.934
12767;43203;1.435
13036;5588;2.603
39817;5578;1.754
48574;59984;1.663
25234;51400;1.671
21430;2852;2.270
21142;56360;1.552
25192;34315;1.793
24641;51884;1.502
197798;31246;1.848
197046;39904;1.642
198605;57800;1.751
197046;39906;1.733
42306;43070;1.511
21430;29134;1.960
13036;21142;1.981
15614;49101;1.610
57707;62178;1.193
2852;8251;2.423
200155;8251;2.214
198171;43070;1.432
48417;49889;1.744
12570;42477;2.072
50241;8251;2.172
43070;47232;1.927
35592;43541;2.218
28972;57800;1.037
35592;43542;2.113
51884;5588;2.551
49025;56360;1.857
31246;6679;2.109
15614;39904;1.708
39817;6881;1.923
20884;49320;1.413
198605;39817;2.139
197798;25424;1.770
13036;2852;2.233
15614;39906;1.766
197798;25192;1.837
25234;59984;1.766
2852;49931;2.129
42000;62178;1.905
51154;57800;0.948
28972;39817;1.678
197046;5578;1.373
39906;42306;1.884
198605;35236;2.196
39817;49320;1.778
25192;39392;2.194
39791;49025;2.144
39392;56360;1.747
21430;41824;1.786
48417;57707;1.757
31246;49320;1.893
24971;47949;2.030
12767;29134;1.624
47232;49931;1.812
42306;48926;1.835
39906;57707;1.811
35592;51400;2.102
25234;30764;1.915
49320;5610;1.841
30764;41824;1.793
29113;42000;1.916
198171;48926;1.522
25424;48417;1.886
43070;49931;1.345
39817;57800;1.505
197046;25234;1.646
12767;15935;1.898
15614;2852;2.157
25424;62178;1.867
16019;197798;1.982
39906;50241;1.843
31246;57800;1.665
48574;56360;1.193
35236;43541;2.015
42306;5588;2.622
35236;43542;1.944
29134;43541;1.756
47949;48574;1.529
29134;43542;1.602
2852;42477;2.403
24971;51884;1.807
41824;48574;1.210
198605;21142;1.853
197046;6881;1.692
20884;35236;1.794
39791;50398;1.818
35236;47232;2.057
20884;24641;1.464
200155;62178;1.530
15614;25234;1.383
31246;39817;1.919
12570;29134;1.874
21142;43541;1.832
42000;49101;1.887
29134;5588;2.624
21142;43542;1.728
197798;48417;1.731
12767;41824;1.395
48417;5578;1.782
47949;48268;2.033
43541;47949;1.793
35592;59984;2.183
42477;43203;1.916
41824;48268;1.736
197798;62178;1.095
39906;43070;1.884
25512;6679;1.881
21142;25512;1.894
12570;15935;2.101
21142;47232;1.936
13036;34315;1.798
35236;51400;1.871
31246;35236;1.969
197046;48574;1.244
29134;51400;1.619
25234;42000;1.851
25512;59984;2.005
25424;41453;1.877
20884;21142;1.552
15685;42477;2.136
25192;5578;1.853
24641;57800;1.264
16019;49931;1.825
43541;51884;1.670
13036;20884;1.781
25424;5610;1.751
25424;49101;1.809
34315;5578;1.456
21142;25248;1.818
12570;198605;2.148
49931;57800;0.928
15685;43203;1.966
5578;8251;2.135
25192;51154;1.764
21142;5610;1.977
21142;51400;1.397
197046;48268;1.738
48417;6881;1.797
28972;5610;1.630
12570;41824;1.717
13036;16019;2.089
15614;48574;1.480
15935;41453;1.878
200155;41453;1.652
25424;39904;1.964
24641;39817;1.514
41824;49889;1.277
25424;39906;2.011
197798;41453;1.369
39906;48926;1.958
39392;43541;2.013
35236;59984;1.899
47949;8251;2.188
39392;43542;1.992
29134;59984;1.760
2852;29134;2.339
20884;47949;1.598
15614;48268;1.882
20884;6679;1.719
197798;49101;1.029
49101;51154;1.331
25234;6679;1.910
16019;42477;1.962
13036;39392;2.028
57707;6881;1.852
49025;51400;1.651
43542;8251;2.186
34315;6881;1.839
39392;47232;2.098
30764;51884;1.768
197798;198171;1.199
39904;51154;1.634
197046;24971;1.702
16019;6679;2.234
41824;42306;1.439
21142;59984;1.946
15685;6881;2.028
39817;5610;1.913
197798;39904;1.731
197046;49889;1.269
56360;59984;1.637
35592;42000;2.191
34315;56360;1.281
29134;30764;1.906
20884;51884;1.199
15685;200155;2.074
12767;47949;1.609
39791;48417;1.874
31246;47949;2.004
198605;34315;1.983
197798;39906;1.781
41824;57707;1.348
24971;49320;1.919
39392;51400;1.710
47949;50241;1.398
15614;24971;1.806
41824;50241;1.386
28972;34315;1.391
25512;56360;1.799
198605;20884;1.964
15614;28972;1.628
15685;29134;2.108
48926;57707;1.213
2852;41824;2.163
21142;30764;1.888
42000;50398;1.837
197046;39791;1.794
15614;49889;1.515
24971;57800;1.694
21430;43203;1.886
197046;42306;1.410
12767;51884;1.392
49025;59984;2.135
48268;49025;2.145
5578;57707;1.445
49320;59984;1.823
15685;15935;2.130
48926;50241;1.404
48417;48574;1.689
198171;21430;1.675
15935;49025;2.246
51400;59984;1.784
29113;6679;1.707
200155;49025;1.949
197046;57707;1.338
43541;6679;1.867
41453;49025;1.931
35592;6679;2.269
15935;35592;2.232
24971;39817;1.925
200155;35592;2.105
15614;39791;1.780
198171;59984;1.643
197046;50241;1.376
15614;42306;1.701
41824;43070;1.372
25424;50398;1.697
25234;47232;2.012
197798;8251;2.058
197046;5610;1.597
57800;6679;1.348
43541;49320;1.691
39392;59984;2.080
35236;42000;1.758
48574;49931;1.250
29134;42000;1.945
25248;43203;1.643
198605;39392;2.093
16019;29134;1.964
12570;5588;2.646
15685;41824;1.902
15614;57707;1.609
48268;50398;1.730
43203;5588;2.567
197798;25234;1.639
43203;51154;1.383
39791;49101;1.869
24971;35236;1.977
31246;34315;1.820
13036;51154;1.775
15935;31246;1.928
43541;57800;1.548
28972;39392;1.828
15935;50398;1.736
200155;50398;1.293
198171;30764;1.720
15614;50241;1.627
41453;50398;1.431
25424;48574;1.741
21142;42000;2.048
48268;8251;2.400
39791;39904;1.896
197046;43070;1.332
29113;42477;1.951
197798;50398;1.328
49931;51884;1.065
39791;39906;1.897
25424;29113;1.961
43542;51154;1.551
47232;6679;2.067
47949;48926;1.358
30764;49320;1.751
29113;43203;1.440
25424;48268;1.990
25234;49931;1.600
15935;25424;2.020
41824;48926;1.582
200155;25424;1.805
15935;25192;2.118
48926;6679;1.621
34315;43541;1.706
200155;25192;1.910
12570;2852;2.265
34315;43542;1.203
16019;41824;1.821
48417;5610;1.824
16019;198605;2.376
15614;43070;1.759
15935;29113;1.950
15614;5588;2.593
49320;56360;1.359
200155;29113;1.554
197798;48574;1.228
12570;43203;1.524
42000;49889;1.754
43203;49025;1.657
42477;47949;2.038
30764;57800;1.629
51400;56360;1.321
42000;48417;1.937
35592;47232;2.343
34315;47232;1.971
25512;43541;1.834
24641;34315;1.557
198171;8251;2.031
31246;39392;2.140
25512;43542;1.889
25248;29134;1.705
197798;29113;1.427
5588;6881;2.679
42306;56360;1.513
39906;6881;1.975
20884;57800;0.949
25192;5610;2.106
198171;56360;1.182
49889;62178;1.402
197798;48268;1.880
197046;48926;1.574
39392;42000;2.144
25512;47232;2.123
12767;49320;1.432
34315;5610;1.818
30764;39817;1.953
42477;51884;1.862
25234;42477;1.917
43542;49025;1.959
39906;59984;1.909
34315;51400;1.230
25424;49889;1.833
198605;51154;1.960
198605;200155;2.146
50398;5578;1.406
48417;50241;1.814
21430;24641;1.873
20884;39817;1.658
42000;57707;1.892
24971;5578;1.874
12767;57800;1.094
30764;5588;2.641
30764;35236;1.956
28972;51154;1.093
15614;48926;1.745
48268;48417;1.708
25512;51400;1.655
41453;5578;1.334
48268;62178;1.964
35592;49931;1.974
29113;29134;1.561
25424;39791;1.977
25248;41824;1.413
15935;48417;1.926
25424;42306;1.816
200155;48417;1.717
15685;51884;1.914
41453;48417;1.742
15935;62178;1.935
49889;5588;2.520
29134;47232;2.004
2852;43203;2.188
24641;39392;1.836
12767;39817;1.694
41453;62178;1.462
197798;49889;1.273
25424;57707;1.846
50241;51884;1.336
34315;59984;1.787
50398;6881;1.700
25192;41453;1.795
24971;6881;1.701
12767;35236;1.792
39791;48574;1.690
12767;24641;1.487
42000;43070;1.852
41453;6881;1.851
197798;39791;1.815
43070;43203;1.611
39817;51154;1.653
24971;34315;1.849
197798;42306;1.617
35592;42477;2.305
28972;49025;1.874
25512;8251;2.120
198605;6881;2.277
31246;51154;1.672
29113;41824;1.498
28972;35592;2.060
197798;57707;1.142
39791;48268;2.025
35236;49931;1.762
21430;47949;2.008
29134;49931;1.411
48268;49101;1.880
39906;56360;1.734
15685;5578;1.932
25512;30764;1.685
198605;31246;2.269
42306;43541;1.768
30764;47949;1.788
25424;43070;1.697
12767;21142;1.669
42306;43542;1.719
39392;5578;1.837
198171;198605;1.870
15935;49101;1.921
48417;48926;1.910
200155;49101;1.511
198171;43541;1.711
41453;49101;1.452
198171;43542;1.493
12570;24641;1.858
28972;31246;1.688
21142;49931;1.495
42306;47232;1.909
21430;51884;1.812
198171;25512;1.736
198171;47232;1.912
15935;39904;1.977
42477;49320;1.946
42000;5578;1.846
200155;39904;1.847
49320;51400;1.122
43203;62178;1.221
15935;39906;2.036
41824;6881;1.691
200155;39906;1.906
24971;39392;2.158
197046;28972;1.069
35236;42477;2.037
24641;51154;1.455
16019;43203;2.039
39791;49889;1.745
29134;42477;1.916
20884;8251;2.147
200155;5578;1.629
197798;43070;1.533
34315;42000;1.856
25234;8251;2.174
197046;2852;2.162
47949;59984;1.943
42477;57800;1.726
42306;51400;1.633
39392;6881;2.151
25192;49025;2.198
198171;25248;1.473
50241;5578;1.500
49025;49931;1.773
25248;6881;1.772
198171;51400;1.263
12767;197798;1.402
48574;6881;1.755
43542;48417;1.835
25248;51884;1.556
5588;5610;2.670
25424;48926;1.973
25192;35592;2.112
43542;62178;1.469
15685;49320;1.977
25512;42000;2.001
21142;42477;1.961
48926;59984;1.934
197046;21430;1.795
42000;6881;1.966
39791;42306;1.904
59984;6679;2.042
49931;6679;1.655
30764;34315;1.765
49889;50398;1.330
15685;57800;1.771
39392;49931;1.726
2852;6881;2.314
200155;6881;1.780
51154;6679;1.711
39791;57707;1.869
25192;31246;2.071
39904;49025;2.092
25192;50398;1.769
12570;47949;1.710
13036;41453;1.846
50241;6881;1.923
20884;34315;1.332
42306;59984;1.577
24641;49025;1.971
15614;21430;1.778
50241;57800;0.962
43203;49101;1.022
42000;48574;1.690
197798;48926;1.345
39791;50241;1.914
15935;25234;1.957
49320;5588;2.560
200155;25234;1.796
29113;8251;2.173
24641;35592;2.125
15685;39817;1.934
39906;43541;1.961
197046;197798;1.293
15614;59984;1.709
15685;197046;1.914
39906;43542;1.945
198605;62178;2.000
12570;51884;1.702
49025;6679;1.710
25192;25424;2.172
12767;34315;1.382
49101;50398;1.331
42000;48268;2.083
39791;5578;1.854
50398;5610;1.612
43542;49101;1.468
15685;35236;1.905
39906;47232;2.002
39904;50398;1.652
39392;42477;2.093
25192;29113;1.882
24971;5610;1.812
15685;24641;1.909
28972;62178;1.515
25192;2852;2.301
24971;51154;1.698
24641;31246;1.873
12767;20884;1.395
12767;198171;1.309
47949;56360;1.534
39791;43070;1.837
30764;39392;2.074
41824;56360;1.082
41453;5610;1.780
15614;30764;1.868
48268;48574;1.849
39906;5578;1.819
21430;49320;1.896
12767;16019;1.892
51400;6679;1.404
21142;29134;1.806
20884;39392;1.792
15935;48574;1.820
200155;48574;1.543
48926;56360;1.556
41453;48574;1.134
39906;51400;1.814
2852;47949;2.251
39791;6881;1.961
21430;57800;1.681
15685;21142;2.132
5578;56360;1.342
47232;8251;2.418
198605;41453;1.988
25424;5588;2.705
197046;56360;1.120
15935;5578;1.863
15935;48268;2.062
13036;49025;2.134
25248;49320;1.658
200155;48268;1.881
16019;24641;2.001
12767;39392;1.849
47232;47949;2.059
41453;48268;1.904
39906;49931;1.685
43541;51154;1.578
31246;8251;2.288
21142;5588;2.534
28972;5588;2.578
28972;41453;1.472
2852;51884;2.160
21430;39817;1.897
13036;35592;2.212
198171;42000;1.673
50398;51884;1.175
39791;48926;1.995
25192;48417;1.881
197798;198605;1.910
197046;198171;1.208
48417;59984;1.712
28972;49101;1.410
25424;28972;1.728
25248;57800;1.392
42000;42306;1.888
25192;62178;1.890
21142;41824;1.544
15614;56360;1.536
15685;47949;2.060
47232;51884;1.911
21430;35236;1.671
15685;5610;2.039
13036;200155;1.868
43542;5578;1.640
43203;50398;1.385
25234;43203;1.681
13036;31246;1.953
48268;49889;1.911
39392;5610;2.101
15935;6881;1.930
15935;24971;1.946
13036;50398;1.773
43070;51884;1.515
200155;24971;1.790
51884;57800;0.924
25424;2852;2.403
25248;39817;1.857
200155;28972;1.282
49889;57707;1.323
29113;49320;1.484
15935;49889;1.871
42000;50241;1.919
34315;49931;1.207
200155;49889;1.587
41453;49889;1.312
21142;2852;2.348
49101;62178;1.188
39817;5588;2.594
30764;51154;1.793
198605;5578;2.016
197798;24971;1.868
5610;57800;1.606
39904;48417;1.847
197798;28972;1.394
42000;5610;1.912
39817;41453;1.748
12570;49320;1.667
39904;62178;1.809
43542;50398;1.565
29113;57800;1.197
25248;35236;1.836
25512;49931;1.734
24641;62178;1.626
20884;51154;0.940
13036;25424;2.093
13036;25192;2.096
200155;5610;1.769
15935;39791;2.079
43542;6881;1.876
41824;43541;1.578
200155;39791;1.937
16019;47949;2.122
15935;42306;1.909
41824;43542;1.551
200155;42306;1.619
198605;49025;2.135
12570;57800;1.534
13036;29113;1.799
50241;5610;1.849
48268;57707;1.883
41453;42306;1.682
25424;50241;1.884
39392;41824;1.787
25192;49101;1.888
197798;21430;1.814
198605;35592;2.423
15935;57707;1.886
5610;6881;1.807
43542;48574;1.508
41824;47232;1.818
200155;57707;1.455
49101;6679;1.404
48268;50241;1.954
41453;57707;1.458
34315;42477;1.941
12767;51154;1.395
24641;6679;1.818
13036;197046;1.765
15685;34315;1.941
16019;51884;1.923
15935;50241;1.939
12570;39817;1.962
13036;15685;2.036
25192;39904;1.983
200155;50241;1.576
48417;56360;1.619
41824;5578;1.361
41453;50241;1.491
35592;43203;2.109
25234;29134;1.768
197798;5578;1.430
29113;35236;1.900
25192;39906;1.962
197046;43541;1.575
39906;42000;1.955
25512;42477;2.101
197046;5588;2.559
197046;43542;1.558
47949;51400;1.228
43542;48268;1.998
39904;41453;1.736
15685;20884;1.910
41824;51400;1.330
198605;50398;1.990
197798;50241;1.168
24641;41453;1.571
20884;49025;1.839
197046;25512;1.799
12570;35236;1.935
39904;49101;1.747
25248;5578;1.661
197046;47232;1.819
48574;5578;1.301
2852;49320;2.180
24641;49101;1.547
20884;35592;2.053
48926;51400;1.235
43203;49889;1.342
28972;50398;1.032
15614;43541;1.876
47949;49931;1.526
43203;48417;1.791
42000;48926;1.997
15935;43070;1.885
15614;43542;1.602
25248;47949;1.802
200155;43070;1.577
13036;48417;1.960
41453;43070;1.611
39817;49025;2.105
2852;57800;2.020
198605;25424;2.226
197798;6881;1.863
197046;25248;1.375
13036;62178;1.822
15614;25512;1.925
47232;49320;1.976
39904;39906;1.675
39791;5610;1.896
31246;49025;2.205
198605;25192;2.348
50398;57800;0.974
197046;51400;1.310
15614;47232;1.958
2852;5578;2.158
25424;56360;1.753
25234;41824;1.626
48926;49931;1.502
42306;6679;1.934
20884;31246;1.677
198605;29113;2.076
43070;49320;1.625
31246;35592;2.195
12570;21142;1.828
49931;51154;1.008
43542;49889;1.551
41824;59984;1.572
35236;43203;1.887
16019;8251;2.371
49320;49931;1.363
47232;57800;1.795
29134;43203;1.644
39906;5610;1.970
2852;39817;2.240
48417;5588;2.675
28972;29113;1.535
15614;25248;1.784
25192;25234;1.904
43070;57800;1.350
21430;34315;1.854
15614;51400;1.610
198171;5578;1.300
48268;48926;2.018
42306;49931;1.413
39817;50398;1.670
29113;47949;1.614
5578;59984;1.787
21142;43203;1.397
198171;49931;1.214
12767;6679;1.732
2852;35236;2.272
197798;56360;1.288
15935;48926;2.011
200155;48926;1.654
41453;48926;1.643
39791;59984;1.902
25512;29134;1.925
25192;5588;2.640
197046;59984;1.570
15935;5610;1.926
15935;200155;1.844
59984;8251;2.261
43542;57707;1.358
34315;5588;2.559
49931;8251;2.079
39904;6679;1.977
24971;41453;1.867
13036;49101;1.785
29113;51884;1.380
25248;34315;1.659
51154;8251;2.142
5588;57800;2.475
43541;8251;2.242
42477;51154;1.730
35592;8251;2.262
198605;48417;2.231
198171;6881;1.755
16019;49320;2.036
197046;30764;1.799
48574;51884;1.280
35592;41824;2.047
25192;48574;1.800
42306;42477;1.739
13036;39904;1.914
28972;49889;1.389
57800;8251;2.020
43070;6679;1.887
42000;43541;2.034
198171;42477;1.800
13036;39906;1.951
42000;43542;1.925
28972;48417;1.585
21430;39392;2.133
43542;5610;1.949
16019;57800;1.811
25512;41824;1.794
24641;50398;1.494
41824;42000;1.800
25192;48268;2.043
15685;51154;1.903
39392;43203;1.727
35236;6679;2.096
29113;34315;1.266
198605;5610;2.193
48417;51400;1.770
15685;2852;2.164
16019;39817;2.008
51154;62178;1.441
50241;51154;1.387
39904;48574;1.640
25424;43541;1.762
25424;43542;1.983
20884;62178;1.450
25248;39392;1.950
25234;51884;1.602
12570;34315;1.695
24641;25424;1.924
25424;25512;1.979
24641;25192;1.939
48417;49931;1.553
39791;56360;1.804
35236;41824;1.787
24641;29113;1.712
197046;42000;1.807
16019;35236;2.083
48926;8251;2.184
39817;48417;1.864
29134;41824;1.483
12570;20884;1.726
57707;59984;1.798
42477;6679;2.057
39904;48268;1.956
198605;49101;1.894
39817;62178;1.822
31246;48417;1.781
24971;49025;2.223
31246;62178;1.878
25192;49889;1.835
43070;47949;1.778
13036;25234;1.858
12570;16019;2.162
197798;43541;1.624
24971;35592;2.222
197798;43542;1.437
43542;48926;1.521
25424;51400;1.809
21430;6679;2.096
198605;39904;2.132
47949;5578;1.605
41824;5610;1.595
197798;5610;1.763
15614;42000;1.805
25512;6881;2.053
198605;39906;2.174
197798;25512;1.639
35592;47949;2.187
198171;29134;1.605
42000;59984;1.889
20884;41453;1.359
16019;21142;2.156
28972;39904;1.659
25192;39791;2.023
21142;24641;1.697
5578;6881;1.862
25192;42306;1.990
15935;28972;1.747
49101;49889;1.309
28972;39906;1.768
25248;5610;1.607
21430;51154;1.786
12570;39392;2.011
48574;5610;1.649
24971;31246;1.702
20884;49101;1.340
39906;42477;2.002
24971;50398;1.711
39904;49889;1.697
43203;6679;1.339
2852;34315;2.180
25192;57707;1.857
197798;25248;1.570
35592;51884;2.000
24641;49889;1.491
49889;50241;1.290
48574;49320;1.341
43541;49025;1.990
197798;51400;1.029
15614;200155;1.794
43203;48574;1.346
24641;48417;1.803
13036;6679;2.031
47949;6881;2.018
31246;41453;1.837
13036;48574;1.737
25424;59984;1.808
25192;50241;1.912
39817;49101;1.765
15935;21430;2.078
2852;5610;2.333
200155;21430;1.950
31246;49101;1.877
49931;62178;1.411
48574;57800;0.975
25248;51154;1.414
24971;25424;1.924
39904;42306;1.833
24971;25192;2.086
198171;41824;1.181
49101;57707;1.058
43203;48268;1.903
39817;39904;1.497
35236;47949;2.008
29113;39817;1.896
13036;48268;2.077
200155;59984;1.748
39904;57707;1.750
39817;39906;1.676
31246;39904;1.906
25424;30764;1.979
198605;25234;2.132
49101;50241;1.136
31246;39906;1.992
198171;5610;1.641
51884;6679;1.636
15614;6679;1.866
25234;49320;1.674
25192;43070;2.010
197798;59984;1.753
34315;43203;1.222
30764;49025;1.910
39791;43541;2.018
39791;43542;1.937
2852;39392;2.383
21142;47949;1.635
35236;51884;1.813
30764;35592;2.230
29134;51884;1.495
200155;30764;1.913
12767;198605;1.974
42000;56360;1.801
25234;57800;1.390
39791;47232;2.065
25512;43203;1.635
15614;197046;1.584
13036;24971;1.958
15685;16019;2.149
197798;30764;1.630
42477;62178;1.988
21430;31246;1.960
50398;5588;2.568
13036;49889;1.754
12570;51154;1.717
24971;5588;2.686
21142;51884;1.518
48268;5578;1.943
41824;49931;1.007
39904;43070;1.826
30764;31246;2.031
198605;48574;1.879
25234;39817;1.765
16019;34315;1.985
12767;49025;1.945
15935;2852;2.401
41453;5588;2.551
24641;39904;1.507
39791;51400;1.869
24971;48417;1.806
25424;42000;1.983
24641;39906;1.645
25192;48926;1.987
24971;62178;1.898
12767;35592;2.100
15685;39392;2.175
28972;48574;1.358
20884;50398;1.049
16019;20884;1.825
13036;39791;1.952
13036;42306;1.809
48268;56360;1.786
25234;35236;1.832
198605;48268;2.245
49889;6679;1.674
49025;51884;1.797
43203;57707;1.136
39392;47949;1.888
35592;49320;2.071
197046;49931;0.981
197046;198605;1.960
15935;56360;1.705
200155;56360;1.410
13036;57707;1.774
48268;6881;1.928
41453;56360;1.347
39906;41824;1.722
29134;6679;1.878
28972;48268;1.754
24971;2852;2.328
12767;31246;1.724
41824;42477;1.730
31246;5578;1.847
12767;50398;1.430
43203;50241;1.173
31246;50398;1.680
20884;25424;1.699
20884;25192;1.772
197798;42000;1.832
13036;50241;1.820
35592;57800;1.945
39904;48926;1.883
20884;29113;1.505
43541;48417;1.786
39392;51884;1.761
198605;2852;2.443
15614;49931;1.541
5578;5610;1.807
2852;51154;2.163
16019;39392;2.251
43541;62178;1.724
198605;24971;2.287
12767;8251;2.158
50398;51154;1.039
39817;48574;1.653
198605;28972;2.024
56360;6679;1.679
31246;48574;1.741
198605;49889;1.885
12767;25424;1.925
15685;5588;2.657
43542;50241;1.513
35592;39817;2.146
12767;25192;1.879
24971;49101;1.904
24641;25234;1.699
197046;42477;1.730
39392;5588;2.653
47232;51154;1.818
39904;8251;2.207
34315;41824;1.324
31246;6881;1.675
47949;5610;1.973
13036;43070;1.883
39817;48268;1.957
35236;49320;1.897
43070;51154;1.373
29134;49320;1.669
31246;48268;1.931
24971;39904;1.926
42306;43203;1.673
198605;39791;2.199
42000;5588;2.635
25234;47949;1.796
24971;39906;1.997
21430;62178;1.891
198605;42306;2.121
49025;8251;2.249
198171;43203;1.311
15614;42477;1.861
42000;47232;2.123
30764;48417;1.957
35236;57800;1.682
49931;50398;0.956
30764;62178;1.714
29134;57800;1.417
28972;39791;1.842
21142;49320;1.499
20884;49889;1.287
200155;5588;2.639
198605;57707;1.935
28972;42306;1.447
20884;48417;1.568
50241;5588;2.614
15935;197046;1.740
43541;49101;1.608
42477;49025;2.150
24641;48574;1.441
198605;50241;1.952
35236;8251;2.174
28972;57707;1.415
25512;5578;1.830
25248;2852;2.237
42000;51400;1.887
35236;39817;1.898
21142;57800;1.250
51400;8251;2.111
43203;48926;1.322
29134;39817;1.915
56360;57800;0.950
39817;49889;1.713
25424;47232;2.009
13036;48926;1.902
39791;42000;1.763
49889;51400;1.309
31246;49889;1.811
28972;50241;1.454
15935;43541;1.934
200155;43541;1.671
15935;43542;1.960
12767;48417;1.731
49025;49320;1.783
41453;43541;1.832
25192;28972;1.789
200155;43542;1.622
41453;43542;1.624
2852;31246;2.311
24641;48268;1.908
12767;62178;1.438
51154;57707;1.349
21430;41453;1.777
16019;51154;1.821
15935;25512;2.077
42000;49931;1.770
29134;35236;1.951
21142;39817;1.871
200155;25512;1.894
51884;62178;1.389
200155;2852;2.300
15935;47232;2.121
15685;49025;2.212
200155;47232;1.934
197046;29134;1.475
42477;8251;2.385
41453;47232;1.994
30764;41453;1.830
198605;43070;2.035
49025;57800;1.659
42477;50398;1.736
39817;42306;1.834
24971;25234;1.805
31246;39791;1.957
15685;35592;2.257
5610;62178;1.861
34315;47949;1.402
31246;42306;1.687
29113;39392;1.968
25234;34315;1.593
30764;49101;1.647
197798;47232;1.921
15685;198171;1.804
51400;57800;0.944
48268;51400;1.880
39392;49320;1.756
21142;35236;2.042
39817;57707;1.768
28972;43070;1.414
15935;25248;1.901
49320;6679;1.491
200155;25248;1.609
31246;57707;1.834
15935;51400;1.921
49889;59984;1.725
25424;49931;1.693
200155;51400;1.511
15614;29134;1.733
41453;51400;1.452
39791;5588;2.647
25512;47949;1.787
24641;24971;1.889
20884;5578;1.368
39817;50241;1.793
30764;39904;1.946
25234;5578;1.650
24641;28972;1.520
12570;6679;1.798
39392;57800;1.581
15685;31246;2.024
34315;51884;1.148
30764;39906;2.021
48268;5610;1.969
16019;5578;1.964
15614;15935;1.942
39906;43203;1.824
12767;41453;1.459
20884;39904;1.639
197046;41824;0.976
57800;62178;1.106
39906;5588;2.648
20884;39906;1.730
12767;49101;1.420
25512;51884;1.766
24971;48574;1.769
198605;48926;2.065
39392;39817;1.977
48268;59984;1.860
24641;39791;1.877
197798;49931;1.281
24641;42306;1.692
15685;25424;2.128
39817;43070;1.840
25234;39392;2.020
24971;29113;1.845
20884;6881;1.697
15935;59984;1.914
29134;47949;1.777
28972;48926;1.634
25424;42477;1.919
25234;6881;1.797
12767;39904;1.694
41453;59984;1.774
31246;43070;1.752
15614;41824;1.562
21430;49025;2.145
198171;24641;1.428
12767;39906;1.755
43541;50398;1.546
24971;48268;1.941
24641;57707;1.543
16019;6881;1.866
16019;31246;1.867
15935;5588;2.687
31246;5610;1.796
12570;41453;1.759
39904;50241;1.775
21430;35592;2.194
49931;57707;1.286
29113;5578;1.607
49101;8251;2.111
35592;5578;2.067
24641;50241;1.567
24641;8251;2.194
15935;30764;2.122
51884;8251;2.091
2852;62178;2.213
29113;51154;1.498
28972;6679;1.732
50398;62178;1.464
43541;48574;1.717
42477;48417;1.845
197798;42477;1.891
39906;49320;1.832
25248;49025;1.959
13036;28972;1.797
49889;56360;1.279
48574;51154;1.211
21430;50398;1.819
20884;25234;1.633
43542;5588;2.609
47232;62178;2.002
39817;48926;1.900
25248;35592;2.185
25192;56360;1.790
31246;48926;1.961
30764;50398;1.803
24971;49889;1.836
43541;48268;1.886
29113;6881;1.835
24641;43070;1.683
43541;6881;1.866
35592;6881;2.212
30764;6679;1.874
198605;5588;2.625
43542;51400;1.468
35592;39392;2.298
13036;21430;1.953
15685;48417;2.024
29134;34315;1.522
12767;25234;1.436
42306;47949;1.823
21430;25424;1.974
15685;62178;1.970
57800;6881;1.684
25248;31246;1.760
21430;25192;2.023
198171;47949;1.512
49101;56360;1.321
47232;5578;2.016
30764;48574;1.734
2852;41453;2.142
24971;39791;1.976
49320;51884;1.331
43203;59984;1.817
42306;8251;2.257
39791;49931;1.760
34315;49320;1.238
29113;49025;1.952
24971;42306;1.698
21430;29113;1.898
15935;42000;2.073
200155;42000;1.970
50241;62178;1.294
48926;5578;1.621
41453;42000;1.799
39904;56360;1.661
25234;51154;1.626
51400;51884;1.287
21142;34315;1.541
29113;35592;2.106
20884;48574;1.220
24971;57707;1.861
12570;49025;1.831
42306;51884;1.561
25512;5610;1.977
34315;57800;0.927
25512;49320;1.750
43541;49889;1.800
42477;49101;1.882
30764;48268;2.059
198171;51884;1.243
12570;200155;1.846
41824;43203;1.383
25248;25424;1.696
12570;35592;2.223
24971;50241;1.933
24641;48926;1.729
43542;59984;1.828
62178;6679;1.555
13036;15614;1.853
41824;5588;2.565
20884;48268;1.743
197798;5588;2.563
47232;6881;1.994
29113;31246;1.816
25512;57800;1.637
16019;62178;2.041
12767;48574;1.327
35236;39392;2.132
34315;39817;1.763
15685;41453;1.875
48926;6881;1.977
39791;42477;2.041
29134;39392;2.006
12767;29113;1.242
12570;31246;2.040
25248;5588;2.608
12570;50398;1.719
15685;49101;1.957
48574;5588;2.517
197046;43203;1.376
25512;39817;1.966
12767;48268;1.880
43541;57707;1.663
34315;35236;1.854
24971;43070;1.779
21430;48417;1.875
198605;21430;2.196
15685;197798;1.911
21142;39392;1.753
30764;49889;1.822
15685;39904;1.933
20884;24971;1.703
12767;15685;1.856
43070;8251;2.179
35592;51154;2.047
25192;43541;2.055
20884;5610;1.600
20884;28972;1.101
15685;39906;1.941
25234;5610;1.900
25192;43542;1.930
197798;2852;2.162
2852;5588;2.630
2852;49025;2.398
25512;35236;2.013
198605;59984;2.209
12570;25424;1.982
12570;25192;2.020
15614;43203;1.624
43203;56360;1.358
25192;25512;2.059
16019;5610;1.944
12570;197046;1.714
47949;49320;1.369
16019;41453;1.955
13036;56360;1.770
2852;35592;2.428
25192;47232;2.160
12570;29113;1.806
39906;47949;1.960
30764;39791;1.960
30764;42306;1.956
28972;59984;1.593
25248;48417;1.759
47232;49025;2.167
25248;62178;1.696
20884;21430;1.793
48926;49320;1.369
47949;57800;1.240
20884;39791;1.792
198605;30764;2.206
198171;5588;2.514
12767;49889;1.278
30764;57707;1.720
20884;42306;1.448
43070;49025;1.936
25192;25248;2.040
43542;56360;1.515
39904;43541;1.906
24971;48926;1.989
12570;15685;2.008
39904;43542;1.903
25192;51400;1.888
39906;51884;1.742
2852;50398;2.183
28972;30764;1.840
20884;57707;1.356
39904;47232;2.008
21430;49101;1.870
49889;49931;1.288
42306;49320;1.688
35236;51154;1.787
25192;6679;2.100
12767;39791;1.790
49320;57800;0.990
29134;51154;1.483
29113;5610;1.939
20884;50241;1.396
12767;42306;1.537
35592;5610;2.225
198171;49320;1.318
47232;50398;1.811
29113;62178;1.476
49101;51400;0.924
21430;8251;2.175
21430;39904;1.895
12767;57707;1.375
42306;57800;1.407
198171;2852;2.082
25248;41453;1.643
21430;39906;1.882
12570;48417;1.936
39904;51400;1.747
21142;51154;1.545
198171;57800;0.945
6679;8251;2.222
42477;48574;1.819
30764;43070;1.913
2852;29113;2.271
12570;62178;1.635
25192;59984;2.016
12767;50241;1.433
43541;48926;1.780
31246;50241;1.905
25248;49101;1.589
15685;50398;1.941
48268;49931;1.730
42000;42477;2.034
198605;56360;1.951
20884;43070;1.383
16019;49025;2.317
39791;41824;1.785
15935;49931;1.737
200155;49931;1.285
12570;8251;2.113
50241;50398;1.398
43203;8251;2.074
42000;43203;1.907
41453;49931;1.386
198171;39817;1.640
42477;48268;1.862
28972;56360;1.199
25248;39904;1.846
16019;35592;2.295
25248;39906;1.902
25192;30764;2.042
13036;8251;2.291
49025;51154;1.835
197046;24641;1.472
16019;200155;1.967
15685;48574;1.805
49101;59984;1.784
43203;43541;1.617
15685;25192;2.095
47232;5610;2.003
43203;43542;1.465
29113;41453;1.600
13036;43541;2.028
12767;43070;1.633
39904;59984;1.833
198171;35236;1.676
13036;43542;1.857
15685;29113;2.037
48926;5610;1.953
24641;59984;1.807
49931;5578;1.373
29113;49101;1.445
13036;25512;2.045
5578;5588;2.554
43203;47232;1.939
30764;48926;1.803
25424;43203;1.846
16019;50398;1.831
13036;47232;2.113
15685;48268;2.148
51154;5578;1.361
15614;24641;1.658
43541;5578;1.816
39392;51154;1.787
25424;6679;2.043
21430;25234;1.809
197798;200155;1.495
15935;42477;2.056
2852;48417;2.345
200155;42477;1.891
12570;49101;1.546
13036;197798;1.778
41453;42477;1.929
20884;48926;1.588
25512;34315;1.757
21142;6679;1.626
15614;8251;2.157
49931;50241;1.356
42477;49889;1.882
41824;47949;1.589
48417;49320;1.812
39817;56360;1.672
24641;30764;1.929
47949;5588;2.601
13036;25248;1.901
43203;51400;1.022
198171;21142;1.516
43542;47232;2.058
16019;25424;2.050
13036;51400;1.785
12570;39904;1.958
47232;48417;1.826
25512;2852;2.298
16019;25192;2.162
59984;6881;1.675
12570;39906;1.981
49931;6881;1.693
49025;5578;1.916
25192;42000;2.041
24971;28972;1.720
197798;43203;1.064
48417;57800;1.542
16019;29113;1.994
12767;48926;1.581
47949;51884;1.498
43070;48417;1.731
51154;6881;1.692
41824;51884;1.192
39906;57800;1.605
43070;62178;1.660
43203;49931;1.337
15685;49889;1.866
197046;47949;1.576
34315;39392;1.803
21430;48574;1.693
48926;51884;1.453
42477;57707;1.909
39817;6679;1.986
25248;50398;1.388
198605;43541;2.198
198605;43542;2.093
25424;29134;1.903
42477;50241;1.946
25512;39392;2.064
13036;59984;1.937
49025;6881;2.218
39904;42000;1.900
198605;25512;2.210
15685;39791;1.906
43542;49931;1.462
2852;49101;2.183
197046;51884;1.175
15614;47949;1.756
28972;43541;1.590
24641;56360;1.458
21430;48268;2.009
198605;47232;2.272
48574;49025;1.808
28972;43542;1.592
5588;62178;2.577
49889;8251;2.106
15685;198605;2.251
13036;198171;1.723
25248;48574;1.481
20884;2852;2.166
15685;57707;1.954
15935;29134;1.918
29134;8251;2.203
25234;2852;2.188
200155;29134;1.506
28972;47232;1.830
2852;39904;2.238
47232;49101;1.918
12570;25234;1.924
13036;30764;2.017
2852;39906;2.301
198605;25248;2.046
16019;48417;1.925
25248;29113;1.788
15614;51884;1.558
51400;6881;1.895
50241;57707;1.164
198605;51400;1.894
197798;29134;1.589
43070;49101;1.555
42477;43070;1.804
29113;50398;1.505
198171;200155;1.519
25248;48268;1.899
25424;41824;1.693
21430;24971;1.964
197046;6679;1.705
28972;51400;1.410
21430;28972;1.843
56360;8251;2.141
39791;43203;1.885
25234;49025;2.107
21430;49889;1.750
39817;43541;1.915
39817;43542;1.915
59984;62178;1.854
31246;43541;1.859
198171;34315;1.299
48268;5588;2.687
31246;43542;1.858
25234;35592;2.103
15935;41824;1.740
200155;41824;1.335
15685;43070;1.982
41453;41824;1.351
51154;51400;1.331
43541;50241;1.720
39817;47232;2.019
34315;51154;1.325
28972;49931;1.027
12570;48574;1.659
198171;20884;1.191
21430;39791;1.685
197798;41824;1.295
21430;42306;1.888
13036;42000;1.944
42477;48926;2.028
41824;49320;1.403
25248;49889;1.543
25512;51154;1.794
25234;31246;1.779
24971;56360;1.748
21430;57707;1.879
16019;49101;2.011
12767;24971;1.736
39817;51400;1.765
12570;48268;2.032
12767;28972;1.468
31246;51400;1.877
48417;6679;2.027
41824;57800;0.947
31246;5588;2.670
21430;50241;1.917
49101;5578;1.435
48417;51884;1.657
25248;39791;1.843
24641;5578;1.578
16019;39904;2.010
51154;59984;1.572
25248;42306;1.537
24641;43541;1.862
30764;50241;1.787
24641;43542;1.756
20884;59984;1.577
198171;39392;1.756
16019;39906;2.103
15685;48926;2.061
48926;57800;1.229
25234;25424;1.994
21142;41453;1.696
197046;49320;1.396
49931;5610;1.607
35592;49025;2.340
12570;12767;1.795
24641;25512;1.935
12767;21430;1.791
6881;8251;2.295
25248;57707;1.636
5578;57800;1.161
51154;5610;1.595
29113;49889;1.518
24641;47232;1.969
43541;5610;1.778
57707;6679;1.474
34315;6679;1.538
29113;48417;1.795
25192;49931;1.697
12570;24971;2.062
15685;25234;1.858
197046;57800;0.947
39817;59984;1.846
2852;48574;2.085
43541;56360;1.621
21430;43070;1.833
20884;30764;1.798
12570;49889;1.745
43070;50398;1.352
31246;59984;1.659
15685;6679;2.176
15614;49320;1.629
49101;6881;1.895
51884;57707;1.229
24641;6881;1.884
24641;25248;1.711
48574;62178;1.356
25424;51884;1.819
24641;51400;1.547
49320;8251;2.122
49025;5610;2.110
47232;48574;1.929
198605;42000;2.222
197046;39817;1.660
5610;57707;1.814
2852;48268;2.460
15614;57800;1.324
49101;49931;1.298
12570;39791;1.944
43070;48574;1.448
29113;57707;1.384
12570;42306;1.899
39904;49931;1.606
28972;42000;1.851
25512;31246;2.050
25248;43070;1.374
35236;49025;2.145
25192;42477;2.164
24641;49931;1.469
15935;198171;1.817
39392;41453;1.894
29134;49025;1.996
197046;35236;1.796
16019;25234;1.919
47232;48268;1.843
12570;57707;1.637
49320;51154;1.404
15614;39817;1.720
35236;35592;2.192
30764;56360;1.802
29134;35592;2.122
25512;5588;2.634
25234;48417;1.779
197798;51884;1.281
43070;48268;1.876
21430;48926;2.005
25234;62178;1.662
12570;50241;1.700
51154;56360;1.083
42306;51154;1.440
24971;43541;1.882
21142;49025;1.809
20884;56360;1.093
12767;5578;1.472
2852;28972;2.199
24971;43542;1.885
198171;51154;1.182
15614;35236;1.777
49931;59984;1.572
42306;6881;1.677
2852;49889;2.082
24971;25512;2.067
21142;35592;2.235
48574;49101;1.296
39904;42477;1.936
35236;50398;1.819
29134;31246;1.812
24971;47232;2.009
197046;21142;1.533
39904;5578;1.742
29113;43070;1.758
29113;39904;1.884
39817;42000;1.907
29113;39906;1.902
15935;43203;1.948
57707;57800;0.942
25248;48926;1.820
200155;43203;1.555
12767;56360;1.385
47232;49889;1.986
41453;43203;1.493
31246;56360;1.724
31246;42000;1.955
16019;48574;1.887
12570;43070;1.836
2852;39791;2.272
2852;42306;2.209
24971;25248;1.800
21142;8251;2.269
21142;31246;2.035
43070;49889;1.507
42000;49320;1.899
28972;8251;2.181
21142;50398;1.541
15614;197798;1.578
12767;6881;1.728
24971;51400;1.904
15614;21142;1.825
43070;5578;1.633
15685;24971;2.046
25234;41453;1.615
16019;197046;1.820
15685;28972;1.966
2852;57707;2.190
20884;5588;2.568
43541;43542;1.856
25234;5588;2.600
16019;48268;2.058
50398;57707;1.351
39791;47949;2.007
13036;49931;1.742
42000;57800;1.681
39904;6881;1.924
25234;49101;1.671
35592;48417;2.183
25192;29134;1.953
16019;5588;2.694
42477;59984;1.716
39392;49025;2.005
2852;50241;2.220
35592;62178;2.097
35236;5578;1.859
21142;25424;2.004
51400;5578;1.435
47232;57707;1.933
30764;8251;2.109
29113;48926;1.560
25424;49320;1.863
21142;25192;2.048
49025;50398;1.826
25234;39904;1.753
15685;21430;1.906
21142;29113;1.722
5588;6679;2.612
43070;57707;1.600
39906;6679;2.021
39791;51884;1.810
25234;39906;1.820
15685;42306;1.986
47232;50241;1.996
43070;6881;1.758
25512;62178;1.706
24641;42000;1.891
12570;48926;1.755
24971;59984;1.689
25424;57800;1.697
43541;51400;1.608
16019;24971;1.880
49931;56360;1.127
198171;31246;1.738
16019;28972;1.841
30764;43541;1.840
42477;5578;1.938
30764;43542;1.875
2852;43070;2.237
16019;49889;1.942
13036;42477;2.060
39392;50398;1.784
39906;51154;1.723
35236;6881;1.961
16019;2852;2.399
49101;5610;1.797
25192;41824;1.764
197798;49320;1.154
15685;50241;1.998
29113;5588;2.610
24641;5610;1.861
20884;43541;1.583
35592;5588;2.680
25424;39817;1.973
24971;30764;2.049
20884;43542;1.556
35592;41453;2.067
35236;48417;1.875
21430;5578;1.860
15614;198171;1.468
5588;57707;2.550
29134;48417;1.793
20884;25512;1.799
62178;8251;2.093
35236;62178;1.892
48574;50398;1.305
29134;62178;1.670
20884;47232;1.822
197798;57800;0.948
197046;34315;1.331
16019;39791;2.098
35592;49101;2.102
16019;42306;1.819
25424;35236;1.974
198605;49931;1.943
43541;59984;1.762
25512;41453;1.806
12767;43541;1.849
42477;6881;1.827
30764;51400;1.647
29113;48574;1.474
12767;13036;1.679
12767;43542;1.387
21142;48417;1.929
197046;8251;2.147
197046;20884;0.987
16019;57707;2.010
50398;6679;1.698
35592;39904;2.136
21142;62178;1.585
20884;25248;1.424
12767;25512;1.885
42477;56360;1.795
24971;6679;2.127
197798;39817;1.745
56360;62178;1.423
35592;39906;2.186
2852;48926;2.261
20884;51400;1.340
12767;47232;1.967
15614;34315;1.581
31246;47232;1.988
16019;50241;2.045
39906;49025;2.132
21430;6881;1.962
13036;5578;1.827
15935;24641;1.939
41453;6679;1.783
25248;28972;1.449
200155;24641;1.703
29113;48268;1.961
6679;6881;2.119
198605;6679;2.035
15614;20884;1.569
25234;50398;1.667
197798;35236;1.815
47232;5588;2.696
47232;48926;2.044
24971;42000;1.970
21430;59984;1.898
197798;24641;1.531
12767;25248;1.664
35236;41453;1.776
20884;49931;1.018
42000;47949;1.993
29134;41453;1.710
198605;42477;2.223
12767;51400;1.420
49025;62178;1.788
48926;5588;2.596
15614;16019;1.877
15935;197798;1.889
49320;62178;1.253
43070;48926;1.791
30764;59984;1.956
197046;39392;1.770
13036;29134;1.903
35236;49101;1.871
43203;6881;1.924
29134;49101;1.619
51400;62178;1.188
16019;43070;1.898
28972;42477;1.739
51884;5578;1.377
25234;48574;1.536
13036;6881;1.953
13036;15935;2.040
39817;49931;1.625
39791;49320;1.892
48417;8251;2.281
34315;49025;1.808
12767;5610;1.838
42000;51884;1.827
39392;48417;2.073
35236;39904;1.896
31246;49931;1.674
198171;62178;1.338
29134;39904;1.902
197798;21142;1.451
39392;62178;1.850
35236;39906;1.885
25424;47949;1.988
25234;29113;1.546
21142;49101;1.397
15614;39392;1.974
34315;35592;2.014
29134;39906;1.961
49889;51884;1.299
39791;57800;1.679
12570;28972;1.766
41824;6679;1.711
39904;5610;1.894
25512;49025;1.920
25248;50241;1.659
25234;48268;1.937
48574;49889;1.150
12767;59984;1.702
25192;8251;2.240
21142;39904;1.855
51884;59984;1.706
25512;35592;2.216
15935;47949;1.954
13036;41824;1.775
39392;6679;1.887
34315;8251;2.082
21142;39906;1.948
200155;47949;1.700
51884;6881;1.798
41453;47949;1.616
29113;39791;1.891
15614;6881;1.797
47949;51154;1.590
29113;42306;1.637
25248;6679;1.911
48574;6679;1.674
41824;51154;0.930
39791;39817;1.910
35592;50398;2.056
34315;50398;1.336
5610;59984;1.719
49025;49101;1.651
39817;42477;1.950
16019;48926;2.110
49931;51400;1.298
43070;5610;1.602
197798;47949;1.324
12570;21430;1.936
48268;51884;1.831
31246;42477;1.811
13036;198605;2.190
12767;30764;1.862
42306;5578;1.676
12767;15614;1.434
42000;6679;2.112
48926;51154;1.583
198171;41453;1.217
15935;51884;1.824
42477;43541;1.860
25512;50398;1.806
21430;56360;1.802
200155;51884;1.415
42477;43542;1.987
41453;51884;1.399
198605;29134;2.150
48574;57707;1.319
29113;50241;1.503
35592;48574;2.021
35236;5610;1.903
2852;6679;2.366
25234;49889;1.572
200155;6679;1.810
30764;42000;1.935
51400;5610;1.797
39392;49101;1.710
25192;43203;1.901
50241;6679;1.530
42477;47232;1.920
29134;5578;1.701
197046;51154;0.977
28972;29134;1.426
25424;34315;1.858
57800;59984;1.566
20884;42000;1.805
47949;49025;1.834
39392;39904;1.971
35592;48268;2.310
15685;43541;2.129
25248;56360;1.489
25234;39791;1.822
15685;43542;2.078
12570;15614;1.873
39392;39906;2.017
25234;42306;1.758
25512;29113;1.884
21142;25234;1.881
42477;5610;1.863
42477;51400;1.882
29134;50398;1.421
15685;25512;2.050
15614;51154;1.563
39906;62178;1.865
24641;42477;1.915
49889;6881;1.828
48926;49025;1.848
25234;57707;1.623
198605;41824;1.959
12767;42000;1.811
39904;43203;1.763
25424;8251;2.205
29134;6881;1.825
51884;56360;1.226
197798;34315;1.213
21430;5610;1.903
35236;48574;1.693
28972;41824;1.093
