35376;39642;0.000
12617;51468;2.375
15516;39642;1.402
197495;49309;1.957
29403;51468;2.257
29403;59469;1.776
3292;42525;2.748
12617;6834;2.018
197495;39839;1.992
15516;35376;1.402
3308;9167;0.928
61045;9158;1.374
16095;59469;1.791
39839;6834;1.935
16245;39642;1.455
3308;35376;0.927
39839;47249;1.518
35376;48854;1.300
15516;48854;1.825
25384;6834;1.948
20618;59701;1.310
12617;20618;1.575
3308;39839;1.554
3292;51468;2.795
3292;59469;2.686
51468;9167;2.208
16095;3308;1.609
3308;48854;1.294
34848;6834;1.907
16245;48854;1.793
28717;42525;2.432
12617;25384;1.850
31027;59701;2.228
20618;49309;1.510
16245;1835;1.924
25384;42525;2.094
197495;39642;1.822
51468;61045;2.223
34848;61045;1.323
197495;35376;1.822
31027;49309;2.279
197495;31027;2.479
34848;35033;1.427
12617;59469;1.832
29403;9158;1.405
39839;61045;1.497
28717;51468;2.435
28717;59469;2.175
34848;47249;1.344
3308;39642;0.927
48854;9158;1.619
47249;59701;0.951
1835;59701;1.479
197495;48854;2.116
1835;3308;1.614
25384;51468;2.271
16245;3292;2.658
35033;61045;1.345
15516;34848;1.443
39642;47249;0.951
47249;49309;1.175
35033;47249;1.345
1835;49309;1.762
3308;34848;1.319
31027;6834;2.366
15516;28717;2.338
20618;9167;1.587
1835;39839;1.882
16245;34848;1.643
20618;35376;1.310
35376;9167;0.924
20618;31027;2.362
16245;35033;1.685
39642;6834;1.728
48854;61045;1.513
16245;28717;2.124
20618;39839;1.507
15516;29403;1.630
59701;9167;0.924
31027;3292;2.802
16095;9158;1.682
31027;35376;2.228
20618;48854;1.836
47249;9167;1.192
16245;6834;1.763
16245;29403;1.724
31027;39839;2.391
16245;197495;2.079
42525;47249;2.080
28717;9167;2.072
31027;48854;2.320
59469;6834;1.815
39642;61045;0.928
197495;34848;1.940
1835;197495;2.095
3292;6834;2.721
25384;59469;1.764
15516;9167;1.609
29403;59701;0.924
39839;42525;2.153
1835;39642;1.479
3308;6834;1.889
1835;35376;1.479
16095;59701;1.322
1835;31027;2.414
61045;9167;1.169
197495;3308;1.953
15516;35033;1.718
20618;39642;1.310
1835;9158;1.704
35376;47249;0.951
29403;49309;1.314
12617;3308;1.787
16245;61045;1.566
3308;35033;1.420
15516;47249;1.621
47249;48854;1.513
1835;48854;1.801
39839;51468;2.371
16095;49309;1.580
3292;59701;2.594
31027;39642;2.228
16095;39839;1.799
16245;47249;1.570
20618;34848;1.412
42525;61045;2.064
25384;3308;1.241
35033;51468;2.310
3292;49309;2.612
31027;34848;2.376
42525;9158;2.158
34848;42525;2.131
12617;59701;1.552
197495;35033;2.032
28717;59701;2.051
35376;61045;0.928
197495;28717;2.418
29403;9167;1.186
15516;61045;1.617
48854;51468;2.306
39642;42525;1.985
29403;35376;0.924
49309;61045;1.175
35033;42525;2.141
3308;61045;1.170
16095;39642;1.322
29403;31027;2.315
48854;9167;1.330
12617;49309;1.731
51468;59469;2.345
34848;51468;2.335
34848;59469;1.707
197495;29403;1.930
12617;39839;1.729
16095;35376;1.322
29403;39839;1.627
1835;34848;1.668
16095;31027;2.379
39839;59469;1.736
51468;6834;2.316
197495;9158;1.973
3308;47249;1.193
15516;16245;1.889
20618;6834;1.820
39642;51468;2.177
39642;59469;1.513
12617;9158;1.694
16095;48854;1.840
3292;35376;2.594
35033;59469;1.701
20618;35033;1.628
20618;28717;2.203
3292;39839;2.720
20618;3292;2.717
16095;9167;1.608
47249;6834;1.799
25384;9158;1.433
197495;61045;1.923
31027;35033;2.318
20618;29403;1.625
12617;39642;1.552
34848;9158;0.986
28717;6834;2.153
29403;39642;0.924
48854;59469;1.862
12617;35376;1.552
16245;3308;1.608
197495;47249;1.939
25384;59701;1.029
12617;31027;2.399
28717;31027;2.407
59469;59701;1.513
42525;51468;2.436
42525;59469;2.137
28717;49309;2.158
35376;42525;1.985
15516;16095;1.872
49309;9158;1.419
35033;9158;1.439
15516;42525;2.248
28717;39839;2.247
28717;3292;2.763
61045;6834;1.797
12617;48854;2.013
1835;35033;1.721
29403;48854;1.528
25384;49309;1.369
15516;3292;2.744
1835;28717;2.295
3292;39642;2.594
25384;39839;1.637
16245;42525;2.080
1835;9167;1.613
20618;61045;1.501
16095;34848;1.632
35376;6834;1.728
39839;9158;1.374
35376;51468;2.177
35376;59469;1.513
31027;3308;2.237
59701;61045;0.928
15516;51468;2.447
15516;59469;1.961
1835;29403;1.639
59701;6834;1.728
20618;47249;1.522
31027;61045;2.235
3292;48854;2.678
16245;51468;2.312
15516;1835;1.832
16245;59469;1.544
16095;29403;1.565
31027;9158;2.380
31027;47249;2.241
28717;39642;2.051
42525;9167;2.022
28717;35376;2.051
197495;42525;2.348
15516;20618;1.713
15516;6834;2.119
6834;9158;1.910
25384;39642;1.029
47249;61045;0.952
25384;35376;1.029
1835;61045;1.689
16245;20618;1.557
12617;34848;1.646
15516;25384;1.668
25384;31027;2.292
29403;34848;1.354
16245;9158;1.649
3292;3308;2.621
28717;48854;2.156
3308;42525;2.024
48854;6834;2.023
51468;59701;2.177
29403;35033;1.363
34848;59701;0.931
197495;51468;2.461
1835;47249;1.708
16245;25384;1.711
29403;3292;2.611
59469;9158;1.713
25384;48854;1.561
39839;59701;1.329
16095;35033;1.425
16095;28717;2.360
3292;9158;2.711
197495;9167;1.952
39642;59701;0.000
16095;47249;1.546
3292;34848;2.711
49309;51468;2.265
49309;59469;1.623
35033;59701;1.058
3308;51468;2.209
12617;9167;1.785
3308;59469;1.685
39839;49309;1.501
3292;35033;2.658
197495;20618;2.021
9158;9167;1.368
35033;49309;1.350
39642;9158;0.984
197495;25384;1.970
25384;9167;1.238
15516;197495;2.067
20618;51468;2.338
29403;6834;1.969
48854;59701;1.300
34848;9167;1.317
16095;3292;2.701
28717;34848;2.209
29403;61045;1.269
12617;35033;1.775
31027;51468;2.478
42525;59701;1.985
12617;28717;2.328
197495;59469;2.116
16095;61045;1.526
25384;34848;1.381
48854;49309;1.565
49309;9167;1.271
1835;42525;2.231
12617;47249;1.743
35033;9167;1.417
29403;47249;1.290
12617;29403;1.801
34848;49309;1.407
20618;42525;2.122
28717;29403;2.184
3308;9158;1.371
16095;1835;1.774
3292;61045;2.641
34848;39839;1.339
35376;59701;0.000
16095;16245;1.816
15516;59701;1.402
20618;3308;1.590
39839;9167;1.551
47249;51468;2.233
1835;51468;2.307
35033;35376;1.058
31027;42525;2.480
39642;49309;0.993
16095;6834;2.030
3292;47249;2.641
1835;3292;2.689
39839;48854;1.798
39642;39839;1.329
16245;59701;1.455
12617;197495;2.157
35033;39839;1.676
20618;59469;1.617
51468;9158;2.367
31027;9167;2.236
35033;48854;1.624
42525;6834;2.318
12617;61045;1.728
1835;20618;1.847
16245;49309;1.554
31027;59469;2.327
28717;35033;2.273
16095;197495;2.106
6834;9167;1.888
28717;3308;2.072
34848;39642;0.931
28717;47249;2.129
1835;25384;1.720
15516;3308;1.611
34848;35376;0.931
25384;35033;1.442
16245;9167;1.606
25384;28717;2.177
42525;49309;2.024
1835;6834;2.115
12617;16245;1.783
16095;42525;2.173
20618;25384;1.662
59469;9167;1.682
35033;39642;1.058
34848;48854;1.606
47249;59469;1.634
25384;29403;1.265
1835;59469;1.891
197495;6834;2.242
3292;9167;2.620
49309;59701;0.993
3308;59701;0.927
35376;49309;0.993
15516;31027;2.470
16095;51468;2.344
39642;48854;1.300
15516;49309;1.660
35376;39839;1.329
20618;9158;1.463
15516;39839;1.659
197495;3292;2.722
35376;9158;0.984
16245;35376;1.455
28717;61045;2.124
3308;49309;1.272
16245;31027;2.290
12617;3292;2.741
39642;9167;0.924
12617;15516;1.909
16245;39839;1.672
59701;9158;0.984
12617;16095;1.826
25384;61045;1.271
47249;9158;1.392
12617;42525;2.132
16095;20618;1.718
59469;61045;1.619
29403;42525;2.080
25384;3292;2.645
29403;3308;1.189
197495;59701;1.822
28717;9158;2.212
25384;47249;1.284
49309;6834;1.815
16095;25384;1.651
12617;1835;2.022
35033;6834;1.920
42525;48854;2.188
15516;9158;1.483
