35376;39642;0.000
12617;51468;1.542
15516;39642;1.385
197495;49309;1.471
29403;51468;1.500
29403;59469;1.424
3292;42525;1.528
12617;6834;1.469
197495;39839;1.502
15516;35376;1.385
3308;9167;0.927
61045;9158;1.331
16095;59469;1.443
39839;6834;1.484
16245;39642;1.286
3308;35376;0.927
39839;47249;1.409
35376;48854;1.293
15516;48854;1.493
25384;6834;1.439
20618;59701;1.310
12617;20618;1.411
3308;39839;1.420
3292;51468;1.537
3292;59469;1.527
51468;9167;1.500
16095;3308;1.437
3308;48854;1.286
34848;6834;1.463
16245;48854;1.456
28717;42525;1.513
12617;25384;1.491
31027;59701;1.492
20618;49309;1.375
16245;1835;1.467
25384;42525;1.487
197495;39642;1.441
51468;61045;1.497
34848;61045;1.320
197495;35376;1.441
31027;49309;1.504
197495;31027;1.528
34848;35033;1.353
12617;59469;1.439
29403;9158;1.360
39839;61045;1.407
28717;51468;1.518
28717;59469;1.489
34848;47249;1.324
3308;39642;0.927
48854;9158;1.441
47249;59701;0.951
1835;59701;1.341
197495;48854;1.509
1835;3308;1.404
25384;51468;1.505
16245;3292;1.527
35033;61045;1.274
15516;34848;1.425
39642;47249;0.951
47249;49309;1.137
35033;47249;1.274
1835;49309;1.436
3308;34848;1.316
31027;6834;1.517
15516;28717;1.538
20618;9167;1.436
1835;39839;1.503
16245;34848;1.434
20618;35376;1.310
35376;9167;0.924
20618;31027;1.541
16245;35033;1.388
39642;6834;1.335
48854;61045;1.388
16245;28717;1.488
20618;39839;1.447
15516;29403;1.461
59701;9167;0.924
31027;3292;1.537
16095;9158;1.472
31027;35376;1.492
20618;48854;1.487
47249;9167;1.176
16245;6834;1.345
16245;29403;1.417
31027;39839;1.544
16245;197495;1.494
42525;47249;1.484
28717;9167;1.467
31027;48854;1.515
59469;6834;1.352
39642;61045;0.928
197495;34848;1.492
1835;197495;1.501
3292;6834;1.530
25384;59469;1.424
15516;9167;1.450
29403;59701;0.924
39839;42525;1.529
1835;39642;1.341
3308;6834;1.425
1835;35376;1.341
16095;59701;1.319
1835;31027;1.524
61045;9167;1.167
197495;3308;1.478
15516;35033;1.462
20618;39642;1.310
1835;9158;1.467
35376;47249;0.951
29403;49309;1.268
12617;3308;1.478
16245;61045;1.343
3308;35033;1.339
15516;47249;1.445
47249;48854;1.389
1835;48854;1.447
39839;51468;1.539
16095;49309;1.400
3292;59701;1.509
31027;39642;1.492
16095;39839;1.496
16245;47249;1.344
20618;34848;1.410
42525;61045;1.484
25384;3308;1.229
35033;51468;1.508
3292;49309;1.515
31027;34848;1.541
42525;9158;1.521
34848;42525;1.521
12617;59701;1.406
197495;35033;1.481
28717;59701;1.451
35376;61045;0.928
197495;28717;1.524
29403;9167;1.186
15516;61045;1.445
48854;51468;1.511
39642;42525;1.463
29403;35376;0.924
49309;61045;1.137
35033;42525;1.501
3308;61045;1.167
16095;39642;1.319
29403;31027;1.508
48854;9167;1.322
12617;49309;1.455
51468;59469;1.513
34848;51468;1.532
34848;59469;1.439
197495;29403;1.472
12617;39839;1.483
16095;35376;1.319
29403;39839;1.434
1835;34848;1.466
16095;31027;1.526
39839;59469;1.464
51468;6834;1.509
197495;9158;1.493
3308;47249;1.176
15516;16245;1.498
20618;6834;1.396
39642;51468;1.482
39642;59469;1.298
12617;9158;1.459
16095;48854;1.486
3292;35376;1.509
35033;59469;1.391
20618;35033;1.416
20618;28717;1.516
3292;39839;1.548
20618;3292;1.550
16095;9167;1.436
47249;6834;1.371
25384;9158;1.336
197495;61045;1.470
31027;35033;1.514
20618;29403;1.444
12617;39642;1.406
34848;9158;0.981
28717;6834;1.484
29403;39642;0.924
48854;59469;1.459
12617;35376;1.406
16245;3308;1.397
197495;47249;1.471
25384;59701;1.024
12617;31027;1.543
28717;31027;1.521
59469;59701;1.298
42525;51468;1.523
42525;59469;1.493
28717;49309;1.479
35376;42525;1.463
15516;16095;1.507
49309;9158;1.357
35033;9158;1.353
15516;42525;1.537
28717;39839;1.525
28717;3292;1.532
61045;6834;1.370
12617;48854;1.515
1835;35033;1.429
29403;48854;1.400
25384;49309;1.280
15516;3292;1.550
1835;28717;1.510
3292;39642;1.509
25384;39839;1.434
16245;42525;1.490
1835;9167;1.404
20618;61045;1.385
16095;34848;1.470
35376;6834;1.335
39839;9158;1.342
35376;51468;1.482
35376;59469;1.298
31027;3308;1.497
59701;61045;0.928
15516;51468;1.543
15516;59469;1.503
1835;29403;1.414
59701;6834;1.335
20618;47249;1.386
31027;61045;1.492
3292;48854;1.528
16245;51468;1.513
15516;1835;1.490
16245;59469;1.300
16095;29403;1.414
31027;9158;1.541
31027;47249;1.493
28717;39642;1.451
42525;9167;1.479
28717;35376;1.451
197495;42525;1.522
15516;20618;1.485
15516;6834;1.511
6834;9158;1.464
25384;39642;1.024
47249;61045;0.952
25384;35376;1.024
1835;61045;1.425
16245;20618;1.360
12617;34848;1.457
15516;25384;1.469
25384;31027;1.511
29403;34848;1.353
16245;9158;1.436
3292;3308;1.517
28717;48854;1.481
3308;42525;1.479
48854;6834;1.468
51468;59701;1.482
29403;35033;1.292
34848;59701;0.931
197495;51468;1.525
1835;47249;1.426
16245;25384;1.418
29403;3292;1.512
59469;9158;1.441
25384;48854;1.416
39839;59701;1.329
16095;35033;1.339
16095;28717;1.520
3292;9158;1.545
197495;9167;1.478
39642;59701;0.000
16095;47249;1.390
3292;34848;1.545
49309;51468;1.499
49309;59469;1.352
35033;59701;1.058
3308;51468;1.500
12617;9167;1.477
3308;59469;1.406
39839;49309;1.409
3292;35033;1.523
197495;20618;1.515
9158;9167;1.332
35033;49309;1.282
39642;9158;0.981
197495;25384;1.476
25384;9167;1.228
15516;197495;1.511
20618;51468;1.538
29403;6834;1.439
48854;59701;1.293
34848;9167;1.315
16095;3292;1.533
28717;34848;1.513
29403;61045;1.267
12617;35033;1.470
31027;51468;1.524
42525;59701;1.463
12617;28717;1.527
197495;59469;1.497
16095;61045;1.390
25384;34848;1.321
48854;49309;1.414
49309;9167;1.230
1835;42525;1.516
12617;47249;1.464
35033;9167;1.338
29403;47249;1.271
12617;29403;1.486
34848;49309;1.356
20618;42525;1.522
28717;29403;1.487
3308;9158;1.333
16095;1835;1.451
3292;61045;1.517
34848;39839;1.338
35376;59701;0.000
16095;16245;1.444
15516;59701;1.385
20618;3308;1.437
39839;9167;1.420
47249;51468;1.498
1835;51468;1.511
35033;35376;1.058
31027;42525;1.524
39642;49309;0.993
16095;6834;1.453
3292;47249;1.517
1835;3292;1.530
39839;48854;1.479
39642;39839;1.329
16245;59701;1.286
12617;197495;1.536
35033;39839;1.445
20618;59469;1.366
51468;9158;1.533
31027;9167;1.497
35033;48854;1.438
42525;6834;1.509
12617;61045;1.462
1835;20618;1.490
16245;49309;1.342
31027;59469;1.516
28717;35033;1.501
16095;197495;1.508
6834;9167;1.425
28717;3308;1.467
34848;39642;0.931
28717;47249;1.479
1835;25384;1.431
15516;3308;1.451
34848;35376;0.931
25384;35033;1.317
16245;9167;1.397
25384;28717;1.491
42525;49309;1.466
1835;6834;1.475
12617;16245;1.438
16095;42525;1.516
20618;25384;1.447
59469;9167;1.405
35033;39642;1.058
34848;48854;1.440
47249;59469;1.354
25384;29403;1.218
1835;59469;1.466
197495;6834;1.500
3292;9167;1.517
49309;59701;0.993
3308;59701;0.927
35376;49309;0.993
15516;31027;1.548
16095;51468;1.525
39642;48854;1.293
15516;49309;1.451
35376;39839;1.329
20618;9158;1.413
15516;39839;1.453
197495;3292;1.533
35376;9158;0.981
16245;35376;1.286
28717;61045;1.478
3308;49309;1.230
16245;31027;1.515
12617;3292;1.553
39642;9167;0.924
12617;15516;1.513
16245;39839;1.460
59701;9158;0.981
12617;16095;1.502
25384;61045;1.250
47249;9158;1.333
12617;42525;1.521
16095;20618;1.468
59469;61045;1.353
29403;42525;1.486
25384;3292;1.519
29403;3308;1.188
197495;59701;1.441
28717;9158;1.513
25384;47249;1.254
49309;6834;1.372
16095;25384;1.422
12617;1835;1.523
35033;6834;1.410
42525;48854;1.512
15516;9158;1.427
