19114;27814;1.224
19582;27757;1.338
22724;27814;1.346
19582;22724;1.343
27841;52482;1.321
27757;27814;1.336
19169;26613;1.491
19582;27814;0.996
27841;27947;1.420
27814;27841;1.310
19169;27947;1.473
27765;27814;1.452
19169;52482;1.445
19169;27757;1.425
26613;27765;1.500
19169;22724;1.497
23487;27765;1.453
22724;23487;1.440
19169;27814;1.444
19582;23487;1.315
27814;52482;0.991
26613;27841;1.376
19114;23487;1.273
27814;27947;1.384
23487;27841;1.367
19114;27765;1.424
22724;27765;1.474
27757;27765;1.481
23487;26613;1.441
19582;27765;1.453
19114;27841;1.265
26613;52482;1.415
22724;27841;1.436
27757;27841;1.395
23487;52482;1.326
26613;27947;1.481
19582;27841;1.314
19114;19582;1.224
19114;26613;1.412
23487;27947;1.422
19169;23487;1.465
22724;26613;1.478
27765;27841;1.458
26613;27757;1.456
19169;27765;1.515
19582;26613;1.414
23487;27757;1.400
27947;52482;1.388
19114;19169;1.425
19114;52482;1.235
26613;27814;1.412
22724;52482;1.356
19114;27947;1.344
27757;52482;1.343
23487;27814;1.313
19169;27841;1.468
22724;27947;1.450
19582;52482;1.007
27757;27947;1.430
19114;27757;1.267
19582;27947;1.385
27765;52482;1.454
19114;22724;1.412
22724;27757;1.453
19169;19582;1.447
27765;27947;1.471
