3327;39211;1.519
3249;57858;1.489
48625;8240;0.925
3327;57858;1.504
57873;8240;1.406
3249;57873;1.509
3327;57873;1.507
57858;8240;1.240
3249;9204;1.470
3249;3327;1.530
3221;8240;1.331
57858;57873;1.440
34326;9204;1.290
3221;39211;1.442
3221;57858;1.347
3221;57873;1.423
3249;8240;1.450
34326;56447;1.419
34326;48625;0.932
3249;34326;1.495
34326;8240;1.336
3327;34326;1.499
48625;56447;1.319
56447;57858;1.431
56447;57873;1.482
39211;56447;1.473
39211;48625;1.332
56447;9204;1.381
3327;9204;1.488
34326;39211;1.440
34326;57858;1.318
34326;57873;1.396
3249;56447;1.502
3249;48625;1.450
3327;56447;1.513
48625;9204;0.677
3221;34326;1.237
3327;48625;1.473
39211;9204;1.409
48625;57858;0.908
48625;57873;1.318
56447;8240;1.398
3327;8240;1.507
57858;9204;1.128
57873;9204;1.408
3221;9204;1.309
3221;3249;1.500
39211;57858;1.412
3221;3327;1.502
39211;8240;1.338
39211;57873;1.465
3221;56447;1.426
8240;9204;1.194
3221;48625;1.104
3249;39211;1.508
