3327;39211;2.363
3249;57858;2.101
48625;8240;0.925
3327;57858;2.247
57873;8240;1.432
3249;57873;2.180
3327;57873;2.324
57858;8240;1.241
3249;9204;2.049
3249;3327;2.561
3221;8240;1.395
57858;57873;1.606
34326;9204;1.292
3221;39211;1.670
3221;57858;1.401
3221;57873;1.620
3249;8240;1.960
34326;56447;1.566
34326;48625;0.932
3249;34326;2.153
34326;8240;1.339
3327;34326;2.301
48625;56447;1.319
56447;57858;1.551
56447;57873;1.789
39211;56447;1.733
39211;48625;1.332
56447;9204;1.499
3327;9204;2.262
34326;39211;1.626
34326;57858;1.321
34326;57873;1.504
3249;56447;2.154
3249;48625;1.956
3327;56447;2.334
48625;9204;0.677
3221;34326;1.296
3327;48625;2.193
39211;9204;1.535
48625;57858;0.908
48625;57873;1.318
56447;8240;1.536
3327;8240;2.329
57858;9204;1.129
57873;9204;1.543
3221;9204;1.379
3221;3249;2.144
39211;57858;1.568
3221;3327;2.340
39211;8240;1.338
39211;57873;1.634
3221;56447;1.606
8240;9204;1.195
3221;48625;1.105
3249;39211;2.162
