24835;24863;1.498
36971;6879;1.433
24835;36885;1.410
24835;6879;1.442
15475;36885;1.205
20928;36885;1.299
37031;6879;1.419
20928;6879;1.419
15475;24863;1.431
24863;36885;1.448
20928;24863;1.485
36992;37031;1.428
15475;8452;1.477
36885;8452;1.447
24835;37031;1.465
36992;8452;1.491
15475;37031;1.362
24863;37031;1.482
20928;37031;1.291
15475;24835;1.415
15475;6879;1.349
36885;37031;1.298
20928;24835;1.465
6879;8452;1.487
36885;6879;1.278
24835;36971;1.456
24863;8452;1.509
15475;36971;1.335
36971;37031;1.428
20928;36971;1.429
24835;36992;1.458
15475;36992;1.185
37031;8452;1.480
20928;36992;1.432
36885;36971;1.308
20928;8452;1.489
36992;6879;1.404
36971;8452;1.480
15475;20928;1.364
24863;36971;1.462
24835;8452;1.503
36885;36992;1.324
24863;6879;1.481
24863;36992;1.466
36971;36992;1.398
