24835;24863;2.041
36971;6879;1.540
24835;36885;1.546
24835;6879;1.693
15475;36885;1.205
20928;36885;1.310
37031;6879;1.559
20928;6879;1.568
15475;24863;1.778
24863;36885;1.815
20928;24863;1.955
36992;37031;1.652
15475;8452;2.060
36885;8452;1.979
24835;37031;1.754
36992;8452;2.107
15475;37031;1.470
24863;37031;1.947
20928;37031;1.303
15475;24835;1.540
15475;6879;1.441
36885;37031;1.298
20928;24835;1.761
6879;8452;2.087
36885;6879;1.278
24835;36971;1.724
24863;8452;2.243
15475;36971;1.430
36971;37031;1.589
20928;36971;1.562
24835;36992;1.667
15475;36992;1.185
37031;8452;2.137
20928;36992;1.666
36885;36971;1.308
20928;8452;2.159
36992;6879;1.600
36971;8452;2.060
15475;20928;1.482
24863;36971;1.881
24835;8452;2.205
36885;36992;1.413
24863;6879;1.943
24863;36992;1.842
36971;36992;1.586
