34263;719;1.258
29154;34273;1.752
20904;47605;1.847
16302;1741;1.267
1759;34263;1.261
29154;45010;1.765
20569;2586;1.473
47605;50503;1.487
49282;6667;2.467
15527;1759;1.568
13170;16086;1.993
13170;199508;1.219
13170;20569;1.407
29422;3238;2.142
16302;34263;0.927
2586;6667;2.420
1248;29422;2.322
1741;20569;1.240
29154;51691;1.634
196655;34273;1.275
1248;199508;1.956
1248;29154;2.266
15527;198243;1.620
20569;39242;1.641
39193;6667;2.492
13170;51728;0.972
16302;196655;0.927
1248;20931;1.949
20904;39242;1.785
39242;51728;1.324
1759;49866;1.194
39242;6667;2.542
1759;49282;0.949
16302;719;1.258
1741;51728;1.303
34273;6667;2.467
50503;6667;2.471
198243;20569;1.548
1741;199508;1.066
20904;29422;1.970
29422;6667;2.577
13170;45010;1.213
13170;41369;1.219
20904;29154;1.798
199508;20569;1.120
20569;6667;2.531
196655;51691;1.195
39242;41369;1.563
16086;50503;1.993
1741;45010;1.403
15527;39242;1.278
16086;198243;1.884
13170;49866;1.163
1741;41369;1.066
39242;49866;1.486
13170;49282;1.275
16086;47605;2.153
1759;20569;1.487
39242;49282;1.585
1741;49866;1.374
34273;51728;1.293
198243;51728;1.331
1741;49282;1.383
15527;50503;1.291
199508;719;1.318
13170;39193;1.242
199508;51728;1.252
15527;47605;1.694
45010;50503;1.213
29422;34263;1.748
51728;719;1.300
34273;45010;1.245
1741;39193;1.070
34273;41369;1.328
16302;20569;1.407
198243;41369;1.369
1759;51728;1.303
20904;2586;1.385
45010;47605;1.688
49866;51728;1.208
34273;49866;1.212
49866;719;1.289
198243;49866;1.303
34273;49282;0.948
198243;49282;1.225
199508;49866;1.343
1759;45010;1.244
50503;719;1.258
199508;49282;1.328
1759;41369;1.310
34273;39193;1.337
16302;51728;0.975
16086;2586;1.953
198243;39193;1.393
16086;39242;2.139
20904;3238;2.099
13170;34273;1.275
20569;29422;2.032
199508;39193;0.938
20569;29154;1.770
29154;50503;1.553
16086;29422;2.226
1741;34273;1.383
16302;45010;1.215
39242;45010;1.530
16302;41369;1.220
16086;29154;2.104
50503;51728;0.972
1759;39193;1.336
29154;47605;1.620
20569;20931;1.468
16302;49866;1.165
16086;3238;2.200
1759;2586;1.223
16302;199508;1.220
16302;49282;1.275
20904;20931;1.392
15527;29422;1.949
3238;34263;2.044
16086;719;1.966
15527;29154;1.748
1248;2586;1.952
13170;51691;1.195
199508;2586;1.290
39242;51691;1.517
198243;34273;1.225
1248;16302;2.003
16302;39193;1.243
51691;719;1.138
1741;51691;1.208
196655;50503;0.925
199508;34273;1.328
1759;3238;1.990
198243;45010;1.351
15527;20931;1.541
196655;47605;1.487
199508;45010;1.384
199508;41369;0.909
16086;6667;2.619
1759;34273;0.949
1248;3238;2.400
16302;1759;1.261
199508;3238;1.979
41369;6667;2.489
49282;51728;1.293
20931;34263;1.228
1759;719;1.252
29422;51728;1.777
29154;39242;1.748
34273;51691;1.264
198243;51691;1.232
199508;51691;1.294
29154;29422;1.946
16302;34273;1.275
1759;6667;2.466
49282;49866;1.212
20931;2586;0.932
39193;51728;1.274
1759;51691;1.245
29422;49866;1.655
41369;51728;1.252
34263;6667;2.471
49866;51691;1.239
1248;6667;2.694
16086;1741;1.949
29422;49282;1.741
199508;6667;2.489
1248;20904;2.182
39193;41369;0.938
196655;39242;1.291
16086;20931;1.950
29422;39193;1.902
20931;49866;1.258
20931;3238;1.984
16302;51691;1.198
20931;49282;1.229
20904;6667;2.588
39193;49866;1.366
196655;29422;1.745
41369;49866;1.343
39193;49282;1.337
196655;29154;1.553
41369;49282;1.328
1741;2586;1.334
3238;51728;2.058
1248;1741;1.989
13170;198243;1.312
50503;51691;1.195
20931;719;0.958
2586;34263;1.229
13170;50503;0.925
1248;198243;1.917
39242;50503;1.291
39242;719;1.562
20931;6667;2.421
29422;34273;1.741
13170;47605;1.487
1741;50503;1.265
1741;3238;1.988
39242;47605;1.694
3238;49866;1.929
13170;719;1.258
3238;49282;1.989
29422;45010;1.685
51691;6667;2.499
34263;49866;1.165
1741;47605;1.596
1248;34263;2.003
29422;41369;1.896
6667;719;2.426
20931;51728;1.271
34263;49282;1.275
13170;15527;1.291
1741;198243;1.371
49282;719;1.251
29422;719;1.832
20931;45010;1.305
34273;50503;1.275
49282;51691;1.264
20931;41369;1.290
198243;50503;1.312
39193;45010;1.390
1759;196655;1.258
20569;719;1.481
29422;51691;1.779
41369;45010;1.384
34273;47605;1.662
198243;47605;1.669
1759;50503;1.258
49866;50503;1.163
13170;39242;1.291
20931;39193;1.309
39193;51691;1.319
20569;20904;1.761
1759;47605;1.658
41369;51691;1.294
196655;20931;1.227
34263;51728;0.975
3238;34273;1.989
1741;39242;1.571
13170;29422;1.745
45010;6667;2.462
13170;29154;1.553
16302;50503;0.927
3238;45010;1.955
1741;29422;1.868
3238;41369;1.979
16086;16302;1.993
34263;45010;1.215
1741;29154;1.632
1248;16086;2.325
34263;41369;1.220
16302;47605;1.489
49866;6667;2.457
15527;20904;1.784
1248;20569;2.031
196655;199508;1.219
13170;2586;1.228
2586;51728;1.271
34273;39242;1.585
198243;39242;1.620
3238;719;1.992
15527;16302;1.292
20931;34273;1.229
3238;51691;1.955
41369;719;1.318
199508;39242;1.563
1741;719;1.341
3238;39193;1.982
198243;3238;2.004
198243;29422;1.811
51691;51728;1.239
2586;41369;1.290
34263;39193;1.243
1759;39242;1.568
1248;51728;2.022
13170;3238;2.044
199508;50503;1.219
20569;34263;1.407
2586;49866;1.260
1741;6667;2.527
16302;198243;1.312
2586;49282;1.240
15527;719;1.562
20904;34263;1.562
1759;29422;1.738
45010;719;1.321
199508;47605;1.576
1759;29154;1.749
1248;41369;1.956
15527;3238;2.188
20931;51691;1.111
2586;39193;1.314
16302;39242;1.292
29154;719;1.704
16086;1759;1.921
1248;49866;2.010
49282;50503;1.275
15527;34263;1.292
1248;49282;1.864
29422;50503;1.745
16086;20904;2.045
16302;29422;1.748
34263;34273;1.275
16302;29154;1.555
15527;196655;1.291
47605;6667;2.574
29422;47605;1.908
1248;39193;1.964
198243;2586;1.301
196655;2586;1.228
13170;20931;1.227
39193;50503;1.242
1741;20931;1.331
1248;1759;1.859
2586;34273;1.240
39193;47605;1.581
16086;196655;1.993
3238;6667;2.636
15527;2586;1.541
196655;3238;2.044
34263;51691;1.198
2586;45010;1.308
198243;29154;1.758
13170;1741;1.265
199508;29422;1.896
199508;29154;1.635
1248;34273;1.864
16086;34263;1.993
198243;20931;1.301
1248;45010;2.046
29422;39242;1.949
199508;20931;1.290
2586;51691;1.105
15527;20569;1.636
20569;51728;1.438
198243;6667;2.482
196655;6667;2.471
1759;20931;1.225
20904;51728;1.597
1759;199508;1.310
13170;6667;2.471
39193;39242;1.581
2586;719;0.958
1248;51691;1.973
196655;719;1.258
20904;45010;1.657
20904;41369;1.618
20931;50503;1.227
20569;49866;1.532
15527;51728;1.324
16302;20931;1.228
47605;51728;1.519
15527;6667;2.542
20569;49282;1.487
20904;49866;1.614
41369;50503;1.219
20904;49282;1.594
20931;47605;1.677
196655;198243;1.312
196655;20904;1.561
41369;47605;1.576
20569;39193;1.120
20904;39193;1.637
15527;49866;1.486
47605;49866;1.657
15527;49282;1.585
29154;34263;1.555
47605;49282;1.662
16086;20569;2.053
34273;719;1.251
15527;1741;1.572
13170;16302;0.927
15527;39193;1.581
3238;50503;2.044
15527;16086;2.139
16086;199508;1.942
34263;50503;0.927
3238;47605;2.205
34263;47605;1.489
20569;34273;1.487
16086;51728;1.997
20931;39242;1.541
20904;34273;1.594
196655;34263;0.927
20569;45010;1.555
20569;41369;1.120
20931;29422;1.816
16086;45010;2.039
2586;50503;1.228
20931;29154;1.691
16086;41369;1.942
2586;47605;1.679
16086;49866;2.019
15527;34273;1.585
16086;49282;1.925
45010;51728;1.257
51728;6667;2.479
20569;51691;1.479
15527;45010;1.530
29154;3238;2.169
15527;199508;1.564
15527;41369;1.564
1248;50503;2.003
20904;51691;1.362
1248;13170;2.003
16086;39193;1.949
1741;1759;1.382
3238;39242;2.188
1248;47605;2.212
13170;20904;1.561
34263;39242;1.292
45010;49866;0.977
45010;49282;1.245
1741;20904;1.558
15527;51691;1.517
47605;51691;1.608
16302;2586;1.229
1248;719;1.962
29154;6667;2.601
29154;51728;1.581
13170;196655;0.925
13170;1759;1.258
2586;39242;1.541
196655;20569;1.407
1248;196655;2.003
1759;198243;1.204
16086;34273;1.925
16302;3238;2.044
198243;20904;1.583
29154;41369;1.635
2586;29422;1.818
2586;29154;1.693
199508;20904;1.618
29154;49866;1.734
29154;49282;1.752
1248;39242;2.158
13170;34263;0.927
20904;719;1.412
1759;20904;1.580
196655;51728;0.972
198243;719;1.328
1741;196655;1.265
20569;3238;2.086
29154;39193;1.640
1741;34263;1.267
198243;199508;1.369
16086;51691;1.915
39193;719;1.324
196655;45010;1.213
16302;6667;2.471
196655;41369;1.219
16302;20904;1.562
196655;49866;1.163
196655;49282;1.275
20569;50503;1.407
1248;15527;2.158
198243;34263;1.312
20904;50503;1.561
45010;51691;1.287
47605;719;1.692
199508;34263;1.220
2586;3238;1.985
196655;39193;1.242
20569;47605;1.716
