25249;34797;1.495
16010;35805;2.165
15491;28751;1.255
28751;34797;1.327
20771;44327;2.139
16010;24997;0.940
35805;42806;2.083
25249;28751;1.388
15491;20771;2.020
15491;24997;1.255
24997;44327;1.583
41877;42806;1.392
25249;35805;2.138
24997;41877;1.404
20771;41877;1.901
15491;35805;2.169
16010;44327;1.594
34797;35805;2.139
28751;35805;2.162
20771;42806;1.957
16010;41877;1.412
24997;42806;1.176
25249;44327;1.631
15491;44327;1.643
16010;42806;1.187
15491;41877;1.491
15491;16010;1.255
20771;34797;2.080
24997;34797;1.326
34797;44327;1.556
24997;25249;1.388
20771;25249;1.991
25249;41877;1.585
28751;44327;1.584
34797;41877;1.527
16010;34797;1.335
16010;25249;1.396
15491;42806;1.269
20771;28751;1.873
24997;28751;0.930
42806;44327;1.447
28751;41877;1.404
25249;42806;1.234
20771;35805;2.374
34797;42806;1.285
35805;44327;2.165
28751;42806;1.177
20771;24997;1.873
15491;34797;1.243
15491;25249;1.508
35805;41877;2.165
16010;28751;0.940
16010;20771;1.878
24997;35805;2.161
41877;44327;1.551
