29674;37613;1.543
30986;37012;1.350
29340;29674;1.237
36961;37613;1.566
37140;37613;1.665
30986;30997;1.305
30997;37255;1.305
29614;30986;1.438
29614;37255;1.438
37012;37255;1.350
29674;30986;1.239
29340;37613;1.685
29674;37255;1.239
30997;36961;1.266
36961;37255;1.239
37140;37255;1.427
29614;36961;1.405
37255;37613;1.545
30997;37140;1.473
30986;37613;1.545
29674;36961;1.245
29614;37140;1.614
37012;37140;1.517
29340;30986;1.392
29674;37140;1.252
29340;37255;1.392
36961;37140;1.417
30997;37012;1.284
29340;36961;1.271
29614;37012;1.383
30986;37255;0.924
29674;37012;1.316
29340;37140;1.460
29614;30997;1.235
36961;37012;1.338
30986;36961;1.239
29614;29674;1.408
29674;30997;1.283
30986;37140;1.427
29340;29614;1.416
29340;37012;1.376
30997;37613;1.489
29614;37613;1.610
37012;37613;1.605
29340;30997;1.320
