12713;3329;1.523
3329;8522;1.470
15617;198477;1.143
56910;6799;1.435
15617;51810;1.429
199081;6799;1.225
15544;43157;1.183
12653;8280;1.434
3329;56910;1.495
3329;43082;1.468
25472;5408;1.315
197580;25472;1.268
15544;3329;1.451
43157;8280;1.397
15544;199081;0.928
12713;198477;1.495
15439;51810;1.429
43082;8522;1.413
12653;6799;1.206
15617;3329;1.433
12653;199081;1.200
1241;198477;1.488
43157;6799;1.287
12361;15617;1.292
12361;43082;1.396
12361;56910;1.454
198477;5408;1.319
56910;8280;1.386
197580;5408;1.149
12361;199081;1.306
199081;8280;1.389
199081;43157;1.182
43082;56910;1.467
1241;15544;1.505
43082;5408;1.403
198477;3329;1.388
12713;6799;1.472
12713;15544;1.490
51810;6799;1.435
197580;3329;1.450
1241;6799;1.502
5408;56910;1.411
15544;25472;1.268
12653;15544;1.202
198477;51810;1.434
6799;8522;1.248
197580;56910;1.392
197580;43082;1.389
15439;197580;1.185
3329;5408;1.465
25472;3329;1.459
15617;6799;1.211
1241;51810;1.518
15439;8522;1.266
12713;51810;1.520
12713;8280;1.523
51810;8280;1.386
1241;8280;1.523
15617;43157;1.256
15544;8280;1.389
12653;51810;1.435
199081;25472;1.268
15439;198477;1.144
25472;51810;1.456
15617;8280;1.429
15544;6799;1.227
1241;12653;1.504
15439;43157;1.257
5408;8522;0.954
197580;198477;1.270
15544;197580;0.929
15544;15617;1.188
25472;6799;1.272
15544;56910;1.393
15544;43082;1.390
12361;8522;1.292
198477;8280;1.442
43157;56910;1.385
197580;8280;1.389
198477;6799;1.261
12361;197580;1.306
1241;12713;1.524
12361;15544;1.306
197580;6799;1.225
1241;15439;1.501
15617;25472;1.091
15439;5408;1.255
12713;15439;1.477
25472;8280;1.455
199081;56910;1.392
199081;43082;1.389
43082;6799;1.389
3329;51810;1.495
198477;43157;1.303
12361;12653;1.287
15439;25472;1.091
12653;12713;1.475
15439;3329;1.433
12653;15439;0.960
1241;43157;1.510
12713;43157;1.503
3329;8280;1.500
12653;197580;1.200
15617;199081;1.185
12361;51810;1.455
3329;6799;1.455
12653;43157;1.257
12713;199081;1.490
12653;8522;1.264
43082;8280;1.474
43082;51810;1.467
15544;198477;1.272
43157;8522;1.154
25472;43157;1.318
12361;5408;1.280
1241;199081;1.505
12653;198477;1.178
12361;12713;1.498
15617;56910;1.428
15617;43082;1.355
198477;25472;1.240
12361;3329;1.466
12361;198477;1.300
56910;8522;1.418
197580;51810;1.393
15439;15617;0.925
199081;8522;1.160
15439;56910;1.429
15439;43082;1.355
1241;25472;1.507
12713;25472;1.480
8280;8522;1.420
6799;8280;1.438
12653;25472;1.096
12361;15439;1.292
3329;43157;1.438
199081;5408;1.149
15439;8280;1.429
12361;1241;1.500
5408;6799;1.233
51810;56910;1.355
15439;6799;1.211
12713;8522;1.505
12653;5408;1.251
51810;8522;1.418
43157;5408;1.138
12361;43157;1.329
15544;51810;1.393
198477;56910;1.434
198477;43082;1.381
15439;199081;1.185
1241;8522;1.514
15544;8522;1.162
12653;3329;1.443
1241;15617;1.501
43157;51810;1.385
15617;197580;1.185
12713;15617;1.477
1241;43082;1.507
1241;56910;1.518
43082;43157;1.395
12713;56910;1.520
12713;43082;1.503
5408;8280;1.414
15617;8522;1.266
12713;5408;1.502
197580;199081;0.924
51810;5408;1.411
12713;197580;1.490
12653;15617;0.960
12361;8280;1.457
12653;56910;1.435
12653;43082;1.348
1241;5408;1.512
199081;51810;1.393
1241;197580;1.505
25472;56910;1.456
25472;43082;1.387
197580;43157;1.182
12361;6799;1.181
199081;3329;1.450
198477;8522;1.328
15617;5408;1.255
197580;8522;1.160
1241;3329;1.517
12361;25472;1.336
25472;8522;1.322
198477;199081;1.270
15439;15544;1.188
15544;5408;1.150
