12713;3329;2.537
3329;8522;1.724
15617;198477;1.144
56910;6799;1.590
15617;51810;1.590
199081;6799;1.225
15544;43157;1.184
12653;8280;1.591
3329;56910;1.869
3329;43082;1.843
25472;5408;1.396
197580;25472;1.327
15544;3329;1.713
43157;8280;1.419
15544;199081;0.929
12713;198477;2.388
15439;51810;1.590
43082;8522;1.651
12653;6799;1.207
15617;3329;1.668
12653;199081;1.200
1241;198477;2.272
43157;6799;1.287
12361;15617;1.355
12361;43082;1.660
12361;56910;1.683
198477;5408;1.323
56910;8280;1.475
197580;5408;1.152
12361;199081;1.371
199081;8280;1.410
199081;43157;1.182
43082;56910;1.862
1241;15544;2.367
43082;5408;1.635
198477;3329;1.521
12713;6799;2.308
12713;15544;2.399
51810;6799;1.592
197580;3329;1.711
1241;6799;2.348
5408;56910;1.530
15544;25472;1.329
12653;15544;1.204
198477;51810;1.597
6799;8522;1.253
197580;56910;1.456
197580;43082;1.636
15439;197580;1.185
3329;5408;1.711
25472;3329;1.739
15617;6799;1.211
1241;51810;2.445
15439;8522;1.275
12713;51810;2.540
12713;8280;2.534
51810;8280;1.476
1241;8280;2.465
15617;43157;1.257
15544;8280;1.412
12653;51810;1.605
199081;25472;1.327
15439;198477;1.144
25472;51810;1.696
15617;8280;1.576
15544;6799;1.227
1241;12653;2.346
15439;43157;1.258
5408;8522;0.955
197580;198477;1.270
15544;197580;0.929
15544;15617;1.189
25472;6799;1.345
15544;56910;1.458
15544;43082;1.638
12361;8522;1.360
198477;8280;1.630
43157;56910;1.386
197580;8280;1.410
198477;6799;1.261
12361;197580;1.371
1241;12713;2.637
12361;15544;1.373
197580;6799;1.225
1241;15439;2.335
15617;25472;1.091
15439;5408;1.259
12713;15439;2.322
25472;8280;1.678
199081;56910;1.456
199081;43082;1.636
43082;6799;1.610
3329;51810;1.870
198477;43157;1.303
12361;12653;1.349
15439;25472;1.092
12653;12713;2.306
15439;3329;1.668
12653;15439;0.961
1241;43157;2.393
12713;43157;2.432
3329;8280;1.903
12653;197580;1.201
15617;199081;1.185
12361;51810;1.683
3329;6799;1.737
12653;43157;1.258
12713;199081;2.399
12653;8522;1.272
43082;8280;1.900
43082;51810;1.864
15544;198477;1.274
43157;8522;1.159
25472;43157;1.399
12361;5408;1.344
1241;199081;2.365
12653;198477;1.179
12361;12713;2.380
15617;56910;1.588
15617;43082;1.553
198477;25472;1.241
12361;3329;1.801
12361;198477;1.360
56910;8522;1.543
197580;51810;1.458
15439;15617;0.925
199081;8522;1.168
15439;56910;1.588
15439;43082;1.553
1241;25472;2.356
12713;25472;2.341
8280;8522;1.565
6799;8280;1.613
12653;25472;1.096
12361;15439;1.355
3329;43157;1.592
199081;5408;1.152
15439;8280;1.576
12361;1241;2.335
5408;6799;1.235
51810;56910;1.358
15439;6799;1.211
12713;8522;2.424
12653;5408;1.255
51810;8522;1.545
43157;5408;1.141
12361;43157;1.399
15544;51810;1.459
198477;56910;1.595
198477;43082;1.608
15439;199081;1.185
1241;8522;2.410
15544;8522;1.171
12653;3329;1.694
1241;15617;2.335
43157;51810;1.388
15617;197580;1.185
12713;15617;2.322
1241;43082;2.368
1241;56910;2.444
43082;43157;1.595
12713;56910;2.540
12713;43082;2.474
5408;8280;1.551
15617;8522;1.275
12713;5408;2.415
197580;199081;0.924
51810;5408;1.532
12713;197580;2.399
12653;15617;0.960
12361;8280;1.717
12653;56910;1.603
12653;43082;1.539
1241;5408;2.401
199081;51810;1.458
1241;197580;2.365
25472;56910;1.694
25472;43082;1.670
197580;43157;1.182
12361;6799;1.232
199081;3329;1.711
198477;8522;1.336
15617;5408;1.258
197580;8522;1.168
1241;3329;2.426
12361;25472;1.482
25472;8522;1.408
198477;199081;1.270
15439;15544;1.189
15544;5408;1.155
