20299;262206;1.894
26617;52286;1.268
20299;6458;1.507
14754;20299;1.662
14754;27929;1.521
14754;52276;1.726
27929;52286;1.449
262206;6458;1.870
23243;262206;1.859
52286;6458;1.247
52276;6487;1.744
13682;14754;1.539
262206;52286;1.885
20299;52286;1.464
13682;6487;1.590
26617;6487;1.657
27929;6487;1.624
23243;52286;1.188
13682;52286;1.175
26617;27929;1.464
14754;6487;1.690
23243;6487;1.522
26617;52276;1.487
262206;26617;1.998
20299;23243;1.527
20299;26617;1.648
20299;6487;1.701
27929;52276;1.657
14754;52286;1.560
52276;6458;1.470
262206;27929;1.989
20299;27929;1.688
52276;52286;1.291
23243;26617;1.254
262206;52276;1.990
13682;6458;1.231
262206;6487;1.963
13682;26617;1.199
14754;262206;1.915
20299;52276;1.584
26617;6458;1.239
6458;6487;1.468
27929;6458;1.173
52286;6487;1.610
23243;27929;1.246
13682;20299;1.596
13682;23243;1.208
13682;27929;1.438
23243;52276;1.435
13682;52276;1.342
23243;6458;1.021
14754;6458;1.314
13682;262206;1.979
14754;23243;1.390
14754;26617;1.503
