59337;7617;1.454
4641;7479;1.888
4058;4515;1.669
133372;4658;1.667
132837;45346;1.731
10098;45346;1.604
45932;4637;2.732
2042;4641;1.769
17814;4635;2.139
10026;59337;2.739
38176;4635;2.229
17814;4637;2.569
38197;58779;1.854
38176;4637;2.574
24246;4658;1.687
2042;4645;1.334
7468;9729;1.844
38197;9584;1.959
17924;7617;1.552
10118;59337;1.390
10032;58933;1.372
4528;4862;1.457
10103;55945;2.159
55953;58933;1.380
55331;9908;1.391
132742;17975;1.099
10032;24115;2.337
17888;45932;2.070
23881;4635;2.290
131334;17814;1.196
2042;58933;1.196
132837;17888;1.818
10238;9584;1.462
10238;17888;1.294
23881;4637;2.623
17814;4058;1.630
132899;17814;1.266
10099;45932;2.156
4058;5017;1.747
38176;4058;1.763
24077;3662;1.690
10118;38197;1.812
9266;9293;1.981
133448;7540;1.903
131334;9293;1.816
10098;38176;1.764
9381;9584;2.173
2706;55953;1.420
10103;132742;2.020
10026;133380;2.748
17814;24246;1.513
17814;17924;1.636
9269;9908;2.374
38176;55350;1.795
23881;45474;2.324
133448;24236;2.029
133380;58453;2.450
132899;9293;1.904
132837;7617;1.867
10032;131334;1.498
10099;7617;1.673
10103;7617;2.116
55536;9513;1.666
17924;58453;2.495
4645;55350;1.783
2706;9584;1.595
23881;4058;1.741
24246;9925;1.637
24236;55945;1.765
24115;9729;2.397
17888;9263;1.469
4641;9513;1.850
45932;9908;2.184
4058;9513;1.627
2706;55331;0.989
23709;38197;1.741
133380;55536;1.613
55350;55953;1.795
5017;7479;1.591
17888;9266;1.594
17814;9908;1.571
10103;45816;2.206
4528;58933;1.327
38176;9908;1.754
24246;9381;2.194
17924;55536;1.822
17888;9269;2.392
10118;24023;1.631
2706;59337;1.227
17975;45932;2.024
17888;9229;1.542
133380;4528;1.210
10118;4862;1.684
10098;24399;1.841
10098;4641;1.956
58933;9263;1.387
4645;4862;1.399
45346;7499;1.399
24246;9304;2.592
38176;45572;1.484
131334;133380;1.272
58933;9266;1.431
45572;9925;1.443
132837;55945;1.902
10238;55945;1.319
10098;4645;1.506
132899;55953;1.526
45346;58815;1.409
23881;9908;1.746
58933;9269;2.352
45932;5017;2.139
17619;7540;1.518
58933;9229;1.352
4635;9584;2.381
45932;55536;2.122
45572;9381;2.198
24236;7499;1.613
10032;55350;1.903
55350;59337;1.613
17814;5017;1.530
133448;58933;1.823
10118;4515;1.433
4528;9513;1.380
38176;5017;1.684
23709;24023;1.620
4515;4635;2.144
4058;45572;1.716
24115;45474;2.683
10026;7499;2.781
132742;4528;1.338
45572;9304;2.610
4515;4637;2.567
24236;45816;1.966
132899;55331;1.132
4760;7499;1.568
45346;4760;1.451
132837;4658;1.843
59337;9925;1.362
24246;38197;1.893
17554;38197;1.792
10032;7617;1.827
10026;17975;2.763
10103;4658;2.128
10099;4658;1.569
17444;45816;2.231
23881;5017;1.724
132899;59337;1.342
59337;9381;2.119
2706;3662;1.597
24399;7540;1.619
24023;45932;2.205
24023;2706;1.586
133372;9263;1.600
5017;9513;1.595
45572;58933;1.211
24236;4760;1.723
23709;9908;1.577
17619;45932;2.130
17888;7617;1.636
133372;9266;1.601
10032;45572;1.531
4862;58933;1.507
10238;45816;1.619
59337;9304;2.531
133380;9293;1.793
10026;4760;2.760
38197;7540;1.790
17554;4635;2.156
133372;9269;2.407
132742;55953;1.382
133372;9229;1.627
10118;58453;2.548
17814;45932;1.968
17554;4637;2.573
2042;45572;1.285
2042;38176;1.495
4641;55945;1.949
4528;45346;1.432
9263;9925;1.253
58933;7617;1.521
45816;4760;1.697
4637;9293;2.669
17554;24023;1.613
10238;7540;1.150
10118;55536;1.737
24246;7468;1.482
132742;55331;0.924
10118;9513;1.509
10103;17924;2.087
10103;24246;2.107
9263;9381;2.185
4645;9513;1.289
3662;58779;1.894
132837;9925;1.786
131334;4641;1.840
3662;7468;1.562
4515;9908;1.606
132742;9293;1.775
10099;9925;1.657
10103;9925;2.113
24077;58779;1.744
2042;7499;1.346
17554;4058;1.679
132899;4641;1.923
132837;9381;2.253
131334;4645;1.270
10032;133372;1.745
9263;9304;2.586
45816;58815;1.809
132742;59337;1.160
4658;58933;1.502
133448;9584;2.062
10103;9381;2.380
10099;9381;2.201
4760;9263;1.257
2706;7540;1.346
132899;4645;1.422
58815;58933;1.091
23709;55536;1.648
132837;9304;2.692
10103;17619;2.141
45572;7468;1.211
24077;2706;1.400
2042;24399;1.501
17619;17814;1.527
10099;10238;1.460
4760;9266;1.561
45816;55350;1.895
17975;55953;1.389
10103;9304;2.698
10099;9304;2.593
58453;58779;2.543
4760;9269;2.391
17975;4862;1.525
4760;9229;1.528
4515;5017;1.557
17888;4658;1.615
17444;9263;2.114
133380;17554;1.365
133372;7617;1.739
10098;133448;1.998
24236;24246;1.656
131334;45474;2.225
45346;9729;1.867
4058;4635;2.267
2706;58453;2.463
2042;4760;1.461
17554;9908;1.620
133448;2042;1.853
24023;7479;1.618
17444;9266;2.228
4058;4637;2.626
38197;58815;1.691
17975;55331;0.953
10098;23709;1.653
10103;10118;2.062
4515;45346;1.260
17444;9269;2.598
9229;9293;1.850
59337;7468;1.173
17444;9229;2.148
133448;45572;1.859
133448;38176;1.855
55350;7499;1.742
4658;4862;1.620
17975;7479;1.286
17975;4515;1.187
24236;9729;2.026
7468;9263;1.387
55350;58453;2.594
3662;9584;1.871
55945;9293;1.909
23881;59337;1.497
132837;24246;1.859
132837;17924;1.871
10238;24246;1.379
10238;17924;1.477
10026;9729;2.844
10032;24236;1.726
45474;7479;2.253
23709;4528;1.429
17924;7468;1.557
131334;17975;1.162
7499;9729;1.940
7468;9266;1.431
17619;9584;1.770
55953;9513;1.337
17554;5017;1.575
132899;17975;1.158
24246;55536;1.803
24023;55953;1.751
17554;55536;1.607
7468;9269;2.352
7468;9229;1.352
45816;9729;1.998
4528;4635;2.280
17619;55953;1.516
10098;7499;1.716
24077;4862;1.467
133448;3662;1.895
5017;58779;1.838
4528;4637;2.633
23881;38197;1.719
17888;9925;1.469
24115;55953;2.306
132899;58453;2.479
132837;17619;1.878
10238;17619;1.279
4760;7617;1.636
17888;45474;2.317
133448;24399;1.874
24023;55331;1.374
17888;9381;2.202
55536;9908;1.805
4760;55536;1.583
17619;2042;1.511
10103;45932;2.408
17619;55331;1.279
133380;4641;1.782
132837;7468;1.668
10099;45474;2.313
58453;7499;2.539
24399;9584;1.869
58933;9925;1.387
4641;9908;1.926
4058;9908;1.754
24077;7479;1.469
24077;4515;1.451
10032;10103;2.173
10103;7468;2.003
10099;7468;1.577
24115;9263;2.301
24115;55331;2.204
17888;9304;2.599
17444;7617;2.163
133380;4645;1.114
132837;133372;1.883
58933;9381;2.166
24399;58779;1.911
24115;9266;2.280
10098;4760;1.671
4637;4641;2.650
17975;9513;1.373
24115;9269;2.617
24115;59337;2.252
24115;9229;2.326
23881;24023;1.858
10026;38197;2.835
58933;9304;2.540
4637;4645;2.586
45346;58933;1.181
17924;9584;1.722
132742;4641;1.818
2042;9729;1.845
10098;17888;1.692
10118;17554;1.485
7468;7617;1.521
4641;5017;1.969
4515;55945;1.559
4658;9513;1.545
24236;45932;2.215
17619;3662;1.717
132742;58453;2.446
132742;4645;1.260
10118;4635;2.283
7479;9513;1.474
4528;9908;1.514
17975;45474;2.225
10118;4637;2.618
9513;9925;1.485
38176;45346;1.499
17444;45932;2.392
133372;9925;1.600
133372;23881;1.735
7540;9729;1.900
55536;55945;1.672
10238;2042;0.970
10238;132899;1.132
9304;9513;2.546
133372;9381;2.217
10098;132837;1.924
10026;24023;2.834
10238;45932;1.962
4058;45346;1.672
10118;4058;1.768
10032;7468;1.371
5017;9908;1.776
45474;55953;2.274
24399;3662;1.762
133372;9304;2.606
4528;5017;1.627
17444;4658;2.145
132899;7499;1.468
55350;9729;2.047
24115;7617;2.337
24246;7540;1.418
17888;7468;1.301
131334;55953;1.367
3662;7540;1.656
10098;55945;1.661
45474;55331;2.133
10099;17814;1.612
24023;45474;2.376
23881;58453;2.508
3662;58815;1.697
2706;38197;1.658
17619;45474;2.315
10032;45346;1.572
131334;4760;1.372
10238;3662;1.449
10118;9908;1.696
58933;7468;0.924
4645;9908;1.440
45474;59337;2.193
24077;58815;1.480
131334;55331;0.924
10098;9729;1.982
4760;9925;1.257
45346;55350;1.792
23881;55536;1.774
17444;17814;2.091
133372;24077;1.624
58779;9293;2.029
45816;58933;1.715
45572;7540;1.424
132899;4760;1.480
2042;45346;1.278
17814;45474;2.215
4760;9381;2.187
133372;17444;2.156
55331;55945;1.319
45816;7499;1.821
131334;59337;1.124
10118;23881;1.740
17444;9925;2.114
58453;9729;2.573
4862;9729;1.919
17619;17975;1.453
10032;17888;1.620
4760;9304;2.587
10032;9584;1.833
10118;133380;1.462
58453;58815;2.509
10026;58453;2.890
4635;7479;2.239
17444;9381;2.451
133448;2706;1.855
10118;5017;1.625
10032;38176;1.700
4645;5017;1.556
132837;45816;1.936
10098;45816;1.823
59337;7540;1.263
17888;55953;1.480
58815;9729;1.899
45346;45572;1.277
38197;58933;1.630
132899;38197;1.719
24115;4658;2.340
17444;9304;2.701
10099;55953;1.543
10026;55536;2.782
24115;58453;2.727
23709;23881;1.630
7468;9925;1.387
45346;9263;1.448
133372;7468;1.458
10103;10238;1.919
4058;55945;1.711
23709;4641;1.774
17924;7540;1.516
45346;9266;1.570
17975;4635;2.199
17888;55331;1.293
132742;133380;1.262
7468;9381;2.165
23709;4645;1.344
17975;4637;2.573
17444;55953;2.114
45346;9269;2.371
133380;7499;1.425
10099;55331;1.460
4637;55945;2.601
45346;9229;1.422
24236;9263;1.720
17814;4528;1.408
38176;4528;1.591
133372;58779;1.841
7468;9304;2.540
17888;59337;1.391
131334;132899;1.319
10032;24399;1.441
24236;9266;1.804
10026;9263;2.758
55953;9908;1.536
7499;9263;1.565
45932;58779;2.206
133448;45346;1.853
10099;59337;1.465
5017;58815;1.592
4637;7499;2.626
24236;9269;2.443
17444;55331;1.994
132899;24023;1.635
10026;9266;2.785
55331;9293;1.706
24236;9229;1.567
24023;4862;1.843
132837;7540;1.767
7499;9266;1.576
17975;4058;1.635
9266;9729;1.926
45816;9263;1.694
17619;2706;1.486
132742;17554;1.070
131334;9729;1.806
10026;9269;2.878
10103;7540;2.044
10099;7540;1.529
23881;4528;1.597
10026;9229;2.776
7499;9269;2.379
24115;9925;2.301
132742;38197;1.726
7499;9229;1.513
5017;55350;1.612
4635;58779;2.303
45816;9266;1.789
2042;55945;1.546
10032;3662;1.886
133380;4760;1.447
132899;9729;1.873
17554;23881;1.638
45816;9269;2.459
24115;9381;2.520
45816;9229;1.853
24077;4635;2.264
24023;4515;1.602
9269;9293;2.480
45474;4862;2.301
133448;17888;1.899
24399;58815;1.530
24077;4637;2.603
133448;7479;1.875
4637;4760;2.586
24115;9304;2.778
2706;55536;1.607
24399;2706;1.522
24246;9584;1.664
17975;9908;1.542
45932;9293;2.254
45346;7617;1.609
38197;55350;1.944
17975;59337;1.199
17444;7468;2.035
24399;55350;1.921
10103;45474;2.549
17814;9293;1.803
133372;133448;1.919
132742;4760;1.266
10098;17924;1.749
10098;24246;1.706
45474;58453;2.710
38176;9293;1.942
132742;24023;1.526
4528;55945;1.603
24077;4058;1.618
55350;55536;1.831
24236;7617;1.699
2042;9263;1.457
4658;9908;1.712
17975;38197;1.629
131334;58453;2.467
7479;9908;1.619
45572;9584;1.698
2042;9266;1.573
10026;7617;2.808
10238;2706;0.989
23881;9293;1.932
17975;5017;1.509
10098;17619;1.654
10032;7540;1.637
55945;7499;1.419
2042;9269;2.350
2042;9229;1.425
17814;55953;1.414
38197;45572;1.795
9304;9908;2.550
7540;9263;1.490
4862;7499;1.657
133448;55945;1.910
132899;55536;1.673
4515;4528;1.441
24236;45474;2.329
24023;9513;1.754
23709;58779;1.767
17888;7540;1.508
17619;7479;1.580
7540;9266;1.598
24023;59337;1.629
4658;5017;1.648
59337;9584;1.553
17814;55331;1.003
17619;59337;1.364
7540;9269;2.340
17444;45474;2.486
10098;10118;1.738
7540;9229;1.252
58815;7499;1.367
17975;24023;1.564
10026;17554;2.768
4528;45816;1.844
17888;17975;1.306
58933;7540;1.297
55350;9263;1.780
45346;4658;1.567
24246;3662;1.805
133380;9729;1.883
133380;23881;1.520
45474;9513;2.285
24023;38197;1.949
23709;9293;1.881
17814;59337;1.235
10099;17975;1.594
45572;55945;1.566
38197;4862;1.877
3662;58933;1.562
24115;7468;2.236
10238;45474;2.133
55350;9266;1.637
17924;23881;1.696
17619;38197;1.748
4862;55945;1.665
24399;7479;1.560
24077;58933;1.359
24077;5017;1.630
55350;9269;2.443
24115;38197;2.362
17554;4528;1.464
10032;23709;1.659
9293;9729;2.141
55350;9229;1.841
4637;9729;2.671
24236;4658;1.750
24077;24115;2.311
17444;17975;2.039
133372;24115;2.288
10238;4862;1.382
9263;9584;1.733
2042;7617;1.561
10026;4658;2.776
10098;9263;1.668
38197;7479;1.830
38197;4515;1.802
132742;55536;1.516
10103;17814;2.069
2042;23709;1.195
17924;2042;1.612
132742;9729;1.777
10026;10098;2.785
24246;58779;1.831
17554;58779;1.749
10098;9266;1.705
10026;10099;2.780
132837;9584;1.796
10032;17924;1.872
58453;58933;2.455
45816;4658;1.753
4515;9293;1.792
24077;9513;1.399
132837;45932;2.224
131334;7499;1.300
10098;45932;2.140
10098;9269;2.410
10103;9584;2.101
10099;9584;1.774
10238;7479;1.073
10238;4515;1.041
10098;9229;1.541
58453;9263;2.456
4862;9263;1.574
2706;4862;1.545
17619;24023;1.786
133372;7540;1.587
7540;7617;1.462
45346;9925;1.448
2042;24246;1.504
10098;133372;1.741
10099;133380;1.507
7617;9513;1.521
58453;9266;2.538
4862;9266;1.694
4760;58779;1.778
4658;55945;1.615
133380;24077;1.236
45932;4641;2.272
45346;9381;2.187
4515;45816;1.704
58453;9269;2.764
4862;9269;2.401
17975;58453;2.458
132837;2042;1.662
58815;9263;1.516
58453;9229;2.477
4862;9229;1.468
23709;4760;1.498
17924;24077;1.559
17814;4641;1.876
38176;4641;1.933
24236;9925;1.720
133380;17444;2.079
10103;2042;1.947
10099;2042;1.604
45932;4645;2.041
2706;7479;1.323
2706;4515;1.230
58815;9266;1.410
45346;9304;2.551
17924;3662;1.815
55350;7617;1.875
17814;4645;1.306
10026;9925;2.758
38176;4645;1.519
24236;9381;2.234
17975;55536;1.589
17554;9293;1.822
9229;9729;1.942
7499;9925;1.565
58815;9269;2.384
4058;4528;1.609
133372;58815;1.550
58815;9229;1.529
10103;55953;2.065
10026;23881;2.804
10026;9381;2.843
4635;4862;2.248
3662;55350;1.892
7499;9381;2.182
45932;58815;2.089
45816;9925;1.694
38197;9513;1.795
24236;9304;2.630
23881;4641;1.923
55945;9729;1.920
5017;58933;1.493
2042;4658;1.568
24077;55350;1.836
133372;55350;1.651
132837;17814;1.714
10238;17814;1.003
10026;9304;2.935
9584;9729;2.065
45816;9381;2.291
23881;4645;1.533
133448;23709;1.868
10098;7617;1.636
7499;9304;2.599
4760;7540;1.490
132837;3662;1.918
10238;9513;1.193
10103;55331;1.919
4635;58815;2.196
10026;132899;2.803
38176;55945;1.644
131334;17554;1.259
10103;3662;2.212
10099;3662;1.788
58779;7499;1.810
45816;9304;2.684
24023;58453;2.584
131334;9263;1.368
9381;9513;2.145
132899;17554;1.288
131334;38197;1.683
17814;17975;1.159
17619;58453;2.513
4645;55945;1.523
133448;24246;1.971
133448;17924;2.010
131334;9266;1.381
10103;59337;2.019
58453;7617;2.501
4635;55350;2.312
24399;58933;1.476
24023;4635;2.329
17888;9584;1.736
17444;7540;2.099
133380;58779;1.672
132899;9263;1.477
3662;45572;1.628
9266;9269;2.399
24236;55953;1.620
24023;55536;1.821
24023;4637;2.680
131334;9269;2.329
17924;58779;1.848
132899;9266;1.547
131334;9229;1.361
2706;9513;1.408
24077;45572;1.474
17814;58453;2.447
17619;55536;1.666
10032;2042;1.526
55536;9293;1.954
132899;9269;2.395
24115;55536;2.311
132899;9229;1.499
58933;9584;1.576
4641;9293;2.091
4058;9293;1.947
2042;9925;1.457
133448;17619;1.895
45474;4635;2.583
24236;55331;1.348
7468;7540;1.296
17888;2042;1.472
45474;4637;2.795
45346;7468;1.181
24023;4058;1.923
2042;9381;2.170
24246;2706;1.528
132837;55953;1.800
131334;24023;1.584
10238;55953;1.243
10118;24077;1.523
38176;45816;1.821
10032;55945;1.608
24236;59337;1.544
2042;9304;2.553
10118;17444;2.115
7540;9925;1.490
4515;4641;1.896
10098;4658;1.571
24236;7468;1.515
17888;38197;1.679
133448;4862;1.930
4635;9513;2.194
132742;7499;1.347
17444;59337;2.053
132837;55331;1.541
10238;55331;0.000
7540;9381;2.118
4515;4645;1.345
10238;132742;0.924
10026;7468;2.759
10099;38197;1.881
4058;45816;1.786
23709;58815;1.482
10118;4528;1.552
4528;9293;1.844
23709;24077;1.449
4760;7468;1.391
9513;9584;1.620
24023;9908;1.823
7540;9304;2.545
55331;7499;1.061
133372;9584;1.815
10238;59337;0.923
55350;9925;1.780
4528;45932;2.099
17888;3662;1.663
133448;4515;1.775
10098;131334;1.565
24115;7540;2.302
17444;38197;2.101
10118;132899;1.502
132899;7617;1.646
10098;10238;1.460
55350;9381;2.262
38197;45346;1.767
17554;4641;1.899
132899;23881;1.574
58779;58815;1.694
5017;9293;1.980
17888;24023;1.775
10032;45816;1.947
10103;133448;2.326
45474;9908;2.306
55350;9304;2.686
17554;4645;1.364
133380;9263;1.443
133372;2042;1.518
10099;24023;1.895
10098;9925;1.668
4641;55953;1.835
3662;4862;1.707
24023;5017;1.775
10118;58779;1.833
133380;9266;1.576
45474;55536;2.370
2042;45816;1.797
17924;2706;1.589
17619;4862;1.632
10098;9381;2.180
24077;24236;1.547
133380;9269;2.339
133372;24236;1.748
7499;7617;1.690
4637;9263;2.584
133380;9229;1.218
38197;4635;2.300
24246;58815;1.644
17814;7499;1.402
17554;58815;1.363
17444;24023;2.172
10103;17975;2.017
38176;7499;1.567
24246;7479;1.606
17554;24077;1.468
58779;9729;2.043
58453;9925;2.456
4862;9925;1.574
4641;55331;1.718
4637;9266;2.621
38197;4637;2.619
131334;55536;1.545
10098;9304;2.599
45816;7617;1.897
45572;4862;1.608
3662;7479;1.657
3662;4515;1.514
24399;45572;1.501
24399;38176;1.581
10118;9293;1.942
10032;133380;1.609
4645;9293;1.792
45474;5017;2.352
2042;7468;1.196
132742;9263;1.262
4760;9584;1.736
4637;9269;2.805
58453;9381;2.657
4862;9381;2.155
4637;9229;2.628
24077;9908;1.513
17619;4515;1.522
10238;4635;2.122
132742;9266;1.413
4641;59337;1.783
45816;55945;1.841
133448;9513;1.919
131334;4658;1.459
10238;4637;2.547
58815;9925;1.516
4760;58815;1.519
4515;45932;1.970
24399;4862;1.744
23881;7499;1.710
133372;3662;1.750
132837;2706;1.701
132742;9269;2.347
132742;23881;1.558
58453;9304;2.806
4862;9304;2.591
132742;9229;1.357
7617;9908;1.594
45932;4760;1.982
45572;7479;1.251
38197;4058;1.912
17444;9584;2.160
133380;24115;2.286
132899;4658;1.640
10103;2706;2.024
10099;2706;1.617
58815;9381;2.193
4058;4641;1.967
17814;4760;1.287
38176;4760;1.536
17924;24115;2.383
132837;45474;2.412
10098;45474;2.345
2706;4635;2.211
58815;9304;2.577
4641;4645;1.806
4058;4645;1.551
17888;58453;2.480
10238;4058;1.509
2706;58779;1.651
2706;4637;2.578
24399;4515;1.419
133372;58933;1.458
55945;55953;1.554
17619;5017;1.553
17924;4862;1.613
10099;58453;2.496
133380;7617;1.438
7468;9584;1.576
45932;58933;2.022
24236;58453;2.533
17814;38197;1.774
17444;2042;2.067
9229;9263;1.527
59337;7479;1.318
55350;7468;1.731
23881;4760;1.661
17888;55536;1.663
133448;45816;1.991
131334;132742;1.151
38197;9908;1.922
23709;7499;1.484
9229;9266;1.649
17975;4528;1.352
10099;55536;1.782
9266;9925;1.558
55350;58779;1.915
3662;9513;1.669
17444;58453;2.690
132837;17975;1.687
131334;9925;1.368
10238;17975;0.953
10032;24246;1.783
55945;9263;1.602
4637;7617;2.643
2706;4058;1.659
9229;9269;2.376
4635;58933;2.195
4528;4641;1.832
17924;7479;1.701
17924;4515;1.664
17619;9513;1.503
9266;9381;2.235
55945;9266;1.608
132899;9925;1.477
131334;9381;2.124
10238;9908;1.391
55331;9729;1.746
24399;5017;1.753
55953;9293;1.804
55945;59337;1.402
4528;4645;1.208
17444;55536;2.208
10098;7468;1.586
55945;9269;2.408
4635;4637;2.688
9381;9908;2.202
55945;9229;1.600
45572;45816;1.788
133380;58815;1.447
132899;9381;2.218
9266;9304;2.608
132742;17444;2.060
131334;9304;2.570
132899;58779;1.685
10032;17619;1.575
10032;2706;1.421
38197;5017;1.826
17924;58815;1.717
17814;24023;1.572
17444;3662;2.199
24115;9584;2.421
132899;9304;2.609
10103;132837;2.074
133380;55350;1.785
9269;9729;2.433
58453;7468;2.455
45346;7540;1.394
2706;9908;1.564
132837;7479;1.750
24399;9513;1.659
132837;133380;1.744
17888;2706;1.336
10238;5017;1.345
10103;7479;2.084
10099;7479;1.663
24077;4528;1.325
45932;9729;2.190
38176;45932;2.127
3662;45346;1.624
133380;4658;1.480
10032;10118;1.358
24236;7540;1.509
17814;9729;1.775
10118;24115;2.345
9729;9908;2.023
38176;9729;1.931
24077;45346;1.456
17975;9293;1.795
10098;17814;1.633
10026;7540;2.759
10118;4641;1.982
4515;55953;1.438
4515;4760;1.299
23881;24077;1.618
17924;9513;1.580
4637;4658;2.633
45932;55350;2.204
2706;5017;1.534
58779;9925;1.773
4058;45932;2.163
10118;4645;1.459
55945;7617;1.668
4635;9908;2.253
23709;58933;1.317
132742;58779;1.689
4641;58453;2.521
4658;9293;1.941
23881;9729;1.979
132742;4658;1.502
23709;24115;2.308
10032;4862;1.811
7479;9293;1.828
55536;55953;1.632
4862;7617;1.541
4515;55331;1.041
3662;38176;1.710
133448;4635;2.248
24077;38176;1.599
133372;45572;1.505
133372;38176;1.642
133448;4637;2.621
24115;3662;2.360
133380;9925;1.443
10032;45932;2.178
58815;7617;1.667
17554;4760;1.331
10103;38197;2.216
58779;58933;1.620
10026;24077;2.758
10099;132899;1.687
10032;4515;1.562
10032;7479;1.598
4635;5017;2.235
133372;2706;1.503
17814;55536;1.570
133380;9381;2.104
132899;7468;1.134
2042;45932;2.090
10118;58815;1.376
10026;17444;2.888
9293;9925;1.815
4637;9925;2.584
10098;55953;1.535
4528;45474;2.275
23709;9729;1.837
17888;7479;1.544
133448;4058;1.987
133380;9304;2.531
55536;7499;1.714
9293;9381;2.358
4637;9381;2.772
2042;7540;1.368
24246;58933;1.483
23881;58779;1.652
17554;58933;1.177
132742;9925;1.262
10118;55350;1.761
45346;55945;1.537
4058;7499;1.745
24077;24399;1.664
133372;24399;1.725
10099;17554;1.663
3662;55945;1.740
17554;24115;2.286
10098;55331;1.460
9293;9304;2.631
4637;9304;2.897
132742;9381;2.149
58933;7479;1.275
3662;4635;2.241
10103;24023;2.131
24236;38197;1.940
58779;9263;1.773
3662;4637;2.644
55331;55953;1.243
17619;4635;2.213
131334;7617;1.554
4760;58933;1.391
17444;17554;2.097
132837;59337;1.688
132742;9304;2.556
10098;59337;1.466
58779;9266;1.786
45816;7468;1.715
17619;4637;2.596
4515;9729;1.795
23709;55350;1.797
133448;9908;2.027
10032;17814;1.569
58779;9269;2.456
58779;9229;1.747
45572;4635;2.231
131334;23881;1.566
4641;4760;1.891
4058;4760;1.680
24399;45346;1.544
133380;24236;1.482
133372;4862;1.698
10032;9513;1.664
45572;4637;2.606
10026;58779;2.803
4528;7499;1.515
3662;4058;1.802
132837;38197;2.010
10238;38197;1.602
17924;24236;1.742
55350;7540;1.803
45346;9584;1.690
2706;58815;1.145
24246;4862;1.551
9229;9925;1.527
17619;4058;1.687
45346;45816;1.745
24399;4635;2.242
17444;2706;2.062
55331;59337;0.923
4515;45474;2.243
4058;55953;1.588
17975;4641;1.846
133448;45932;2.154
24399;4637;2.590
24115;58779;2.361
132742;132899;1.191
9229;9381;2.147
133448;5017;1.922
133372;7479;1.565
133372;4515;1.532
55945;9925;1.602
45932;7499;2.104
24236;9584;1.746
23709;45572;1.411
17975;4645;1.280
17554;9729;1.807
9584;9925;1.737
55350;58815;1.628
4637;55953;2.609
24246;4515;1.557
9229;9304;2.573
55945;9381;2.211
133380;7468;1.262
10026;9584;2.801
10098;7540;1.532
4058;55331;1.509
7499;9584;1.662
4528;4760;1.536
3662;9908;1.823
23709;4658;1.586
17924;4635;2.310
132899;133448;1.862
24399;4058;1.829
24246;55350;1.940
17554;55350;1.780
132837;24023;1.854
10238;24023;1.374
10103;58453;2.659
55945;9304;2.580
45572;45932;2.076
17924;4637;2.627
17619;9908;1.715
10026;132742;2.746
45816;9584;1.917
4637;7468;2.570
4637;55331;2.547
17888;23881;1.545
133380;58933;1.262
58779;7617;1.791
58453;7540;2.467
55331;9263;1.252
5017;55945;1.590
132899;58815;1.281
17924;58933;1.557
132899;24077;1.510
10099;23881;1.694
10103;55536;2.207
2042;55953;1.449
10026;2042;2.773
55331;9266;1.169
131334;17444;2.080
10118;7499;1.115
4760;55350;1.782
4645;7499;1.423
4637;59337;2.569
24077;4641;1.843
132899;17444;2.114
55331;9269;2.300
3662;5017;1.725
17924;4058;1.700
55331;9229;1.215
133448;17814;1.756
24077;4645;1.236
24399;9908;1.786
24246;45572;1.611
2042;55331;0.970
17554;45572;1.282
55536;9729;1.916
38197;55945;1.780
24023;4528;1.744
24399;55945;1.603
24115;2706;2.256
55953;59337;1.303
10032;10238;1.296
4641;9729;2.111
4058;9729;1.983
45572;5017;1.525
24246;9513;1.550
45932;9263;1.979
24236;3662;1.873
17444;7479;2.119
10118;24236;1.633
10118;4760;1.601
10098;17975;1.602
4645;4760;1.445
4528;55953;1.355
24236;55536;1.840
2042;9584;1.647
17814;9263;1.283
45932;9266;2.117
45474;58779;2.374
38176;9263;1.533
23881;24115;2.304
17975;23881;1.484
10026;3662;2.784
17924;9908;1.675
17814;9266;1.474
132742;58815;1.294
45932;9269;2.589
38176;9266;1.580
132742;24077;1.360
45932;9229;2.087
132837;58453;2.588
132837;4862;1.898
132742;7617;1.537
10238;58453;2.423
10098;58453;2.515
38176;45474;2.207
17814;9269;2.355
38176;9269;2.447
17814;9229;1.401
131334;58779;1.688
10103;4862;2.136
10099;4862;1.629
45572;9513;1.480
4528;55331;1.188
38176;9229;1.604
7468;7479;1.275
23709;24236;1.657
7540;9584;1.490
58933;59337;1.173
55945;7468;1.486
23881;9263;1.657
10032;132899;1.522
132837;55536;1.913
10238;55536;1.429
55331;7617;1.417
4528;9729;1.944
4515;7499;1.399
133448;55953;1.887
132899;7540;1.454
38197;45816;2.004
23881;9266;1.719
10118;132742;1.385
4862;7468;1.507
4528;59337;1.291
4058;45474;2.310
132837;4515;1.743
17924;5017;1.778
55953;7499;1.510
23881;9269;2.415
17924;55350;1.972
10103;4515;2.083
10099;4515;1.645
23881;9229;1.605
10026;24115;2.881
10032;4635;2.310
24023;9293;2.060
10103;133372;2.169
10118;58933;1.336
10032;4637;2.612
59337;9513;1.313
55350;9584;1.943
133448;55331;1.715
58815;7468;1.091
5017;9729;1.883
17619;23881;1.653
133372;45346;1.535
45572;55953;1.497
17975;24077;1.378
23881;58815;1.562
7499;7540;1.458
23709;9263;1.495
10032;45474;2.333
4862;55953;1.432
24115;7479;2.325
17554;7499;1.450
45474;9293;2.455
2042;3662;1.640
133380;45572;1.392
133380;38176;1.521
23709;9266;1.613
17814;23881;1.619
10032;4058;1.880
45816;7540;1.799
17814;7617;1.597
10099;5017;1.702
10098;9584;1.772
38176;7617;1.757
23881;55350;1.908
17924;45572;1.712
17924;38176;1.793
17554;24236;1.619
58779;9381;2.266
45572;55331;0.951
23709;9269;2.348
2042;45474;2.223
23709;9229;1.435
9263;9513;1.483
4862;55331;1.382
133372;17888;1.602
10118;9729;1.962
58779;9304;2.631
4645;9729;1.882
4641;55536;1.983
4637;58453;2.783
38197;4528;1.817
10032;17975;1.376
58453;9584;2.572
4862;9584;1.642
132837;9513;1.818
10103;17554;2.096
4515;59337;1.269
23881;7617;1.672
17888;4862;1.633
131334;7468;1.148
4862;59337;1.421
4515;9263;1.294
10103;9513;2.030
10099;9513;1.586
10026;58815;2.777
10098;2042;1.626
10098;133380;1.508
4658;7499;1.594
24077;9293;1.850
10032;9908;1.818
4658;55953;1.516
45346;45932;2.076
4515;9266;1.489
2706;58933;0.989
24023;24077;1.745
133380;24399;1.594
10238;4528;1.188
7479;7499;1.460
58815;9584;1.684
17619;24077;1.568
4515;9269;2.366
17924;24399;1.861
10026;55350;2.815
55536;59337;1.513
4515;9229;1.442
24115;58815;2.256
17975;4760;1.400
7617;9293;1.900
17888;4515;1.466
133380;7540;1.159
17975;58779;1.623
133372;4635;2.222
132837;132899;1.775
4658;55331;1.341
55350;58933;1.731
4641;7499;1.956
133372;4637;2.601
45932;4658;2.105
2706;4528;1.384
24246;4635;2.250
4637;7540;2.605
23709;7617;1.572
17554;9263;1.326
10032;5017;1.769
55945;58453;2.518
4658;4760;1.603
24246;4637;2.619
17814;4658;1.542
38176;4658;1.681
24077;55945;1.604
133372;55945;1.641
10098;3662;1.780
55331;9925;1.252
17554;9266;1.521
24236;2706;1.559
133448;45474;2.360
17554;9269;2.381
10026;45572;2.785
55331;9381;2.087
38197;9293;2.097
23709;45346;1.395
17888;5017;1.578
17554;9229;1.459
133372;4058;1.772
132899;58933;1.134
10026;2706;2.771
9266;9584;1.840
131334;9584;1.606
38176;55953;1.621
132899;24115;2.261
55953;9729;1.881
24246;4058;1.693
23881;4658;1.690
132837;17554;1.761
10238;17554;1.070
10118;45572;1.396
10118;38176;1.594
55331;9304;2.507
24077;4760;1.535
9269;9925;2.390
58779;7468;1.620
4635;55945;2.219
24023;4641;2.031
132899;9584;1.708
10238;9293;1.706
10098;38197;1.905
4645;55953;1.266
24023;58779;1.981
17619;58779;1.760
133448;17975;1.834
9269;9381;2.414
24023;4645;1.685
38176;55331;1.184
17888;9513;1.507
45932;9925;1.979
3662;45816;1.822
10103;131334;2.035
10103;23881;2.137
2706;55350;1.758
17814;9925;1.283
9269;9304;2.823
4645;55331;1.111
45816;45932;2.090
38176;9925;1.533
24077;45816;1.855
23709;38176;1.528
17814;58779;1.731
55536;9263;1.581
45932;9381;2.416
45474;4641;2.366
5017;7499;1.609
38176;59337;1.409
2706;9293;1.800
132899;2042;1.343
24246;9908;1.587
17814;9381;2.160
58933;9513;1.364
55536;9266;1.733
4641;9263;1.888
45474;58815;2.266
4058;9263;1.677
38176;9381;2.231
45474;4645;2.219
10118;24399;1.407
4645;59337;1.219
45932;9304;2.763
132742;58933;1.071
55536;9269;2.423
4641;9266;1.996
4058;9266;1.739
24246;45346;1.591
23881;24236;1.788
17975;9729;1.850
17554;45346;1.284
10098;24023;1.905
55945;7540;1.552
55536;9229;1.678
45346;7479;1.346
17814;9304;2.571
10032;55953;1.684
38176;9304;2.598
23881;9925;1.657
132742;24115;2.259
4641;9269;2.528
4058;9269;2.417
4058;59337;1.512
131334;58815;1.254
4641;9229;1.874
4058;9229;1.616
131334;24077;1.373
4862;7540;1.419
4760;4862;1.572
2042;2706;1.249
133372;5017;1.493
23881;9381;2.235
45572;9908;1.634
4515;58453;2.447
38197;45932;2.247
2706;45572;1.261
24236;7479;1.562
132742;7468;1.071
131334;3662;1.570
4658;9729;1.931
24246;5017;1.743
23709;24399;1.644
10032;55331;1.296
7479;9729;1.878
4635;9293;2.407
23881;9304;2.593
132899;55350;1.837
10026;7479;2.764
58815;7540;1.479
17444;4862;2.178
132899;3662;1.649
132837;4635;2.381
4528;9263;1.532
4515;55536;1.591
4515;4658;1.584
17444;23881;2.115
4760;7479;1.464
132837;4637;2.654
10103;4635;2.470
10099;4635;2.275
55536;58453;2.503
55331;7468;0.923
24246;38176;1.690
17554;38176;1.437
10099;132742;1.560
10032;59337;1.547
4528;9266;1.654
133372;9513;1.606
10103;4637;2.717
10099;4637;2.622
10026;24236;2.814
9304;9729;2.683
23709;9925;1.495
59337;9908;1.505
4528;9269;2.374
133448;4528;1.950
132837;23881;1.922
10238;23881;1.461
4528;9229;1.293
23881;58933;1.468
2042;59337;1.287
17444;4515;2.120
133380;9584;1.489
23709;9381;2.172
17975;24115;2.248
133372;23709;1.580
55536;7617;1.716
5017;9263;1.564
132837;4058;1.938
17888;24077;1.558
132899;45572;1.345
10103;4058;2.155
10099;4058;1.533
5017;9266;1.602
4058;7617;1.699
23709;9304;2.539
9293;9584;1.991
4637;9584;2.696
17554;4658;1.594
38197;4641;2.030
2042;38197;1.731
10099;24077;1.579
5017;9269;2.393
5017;9229;1.635
24246;24399;1.690
24077;24246;1.475
17554;24399;1.464
133372;24246;1.746
133372;17924;1.788
131334;7540;1.315
133380;2042;1.335
132742;55350;1.707
10026;10103;2.825
4515;9925;1.294
38197;4645;1.757
17814;7468;1.147
132742;9584;1.598
10099;17444;2.201
9263;9908;1.669
38176;7468;1.437
10098;55536;1.752
10238;4641;1.719
10098;2706;1.625
17444;24077;2.109
133380;45346;1.360
4515;9381;2.192
24399;45816;1.897
10118;9263;1.596
10026;58933;2.759
4645;9263;1.441
2042;7479;1.358
132837;9908;1.883
4760;9513;1.486
45816;55953;1.802
3662;4528;1.614
17924;45346;1.666
10238;4645;1.112
10118;9266;1.600
10103;9908;2.045
10099;9908;1.725
55331;58453;2.423
4645;9266;1.573
24115;4862;2.333
133372;17619;1.607
4515;9304;2.567
24023;24115;2.420
17619;4528;1.565
4528;7617;1.491
23881;7468;1.468
10118;9269;2.384
4645;9269;2.338
24115;58933;2.237
17619;24115;2.301
133448;9293;2.141
10118;9229;1.547
4645;9229;1.216
2042;24023;1.516
2706;4641;1.848
17975;58815;1.115
17444;9513;2.138
55331;55536;1.429
45816;55331;1.618
38176;58453;2.501
17888;4635;2.235
132742;45572;1.154
17554;9925;1.326
133380;17888;1.467
10238;133448;1.715
17888;4637;2.608
133448;59337;1.795
133380;3662;1.620
2706;4645;1.312
24115;4515;2.281
4645;58453;2.449
45932;7617;2.125
132837;5017;1.891
24023;7499;1.602
17975;55350;1.740
17888;58779;1.686
17554;9381;2.194
10118;23709;1.521
9229;9584;1.558
45346;45474;2.242
10103;5017;2.180
4641;4658;1.950
4058;4658;1.611
4058;58453;2.498
24399;4528;1.671
10099;58779;1.710
132899;133372;1.579
7468;9513;1.364
24236;58779;1.904
17975;7499;1.306
17554;9304;2.576
133448;38197;1.882
55945;9584;1.800
55350;7479;1.823
23709;7468;1.317
17888;4058;1.729
58779;7540;1.706
45572;59337;1.274
4058;55536;1.808
132742;3662;1.457
4635;4641;2.359
45474;7499;2.308
17444;58779;2.193
3662;9293;1.941
132899;24236;1.617
4635;4645;2.218
24023;58815;1.634
24023;4760;1.735
17924;4528;1.539
4637;55536;2.637
17619;9293;1.904
10118;7617;1.720
10032;58453;2.548
55953;9263;1.440
4645;7617;1.436
17619;58815;1.514
10098;7479;1.669
3662;45932;2.073
23881;45572;1.679
23881;38176;1.771
55953;58453;2.456
4528;4658;1.561
10026;45346;2.777
55953;9266;1.617
55536;9925;1.581
133380;55945;1.525
24077;45932;2.091
24023;55350;1.954
2042;58453;2.466
17888;9908;1.702
133448;24023;2.015
55953;9269;2.365
4641;9925;1.888
4058;9925;1.677
17924;55945;1.750
17814;58815;1.335
17619;55350;1.746
132899;2706;1.181
55953;9229;1.353
55536;9381;2.226
24115;9513;2.283
17814;24077;1.421
10118;45346;1.438
45474;4760;2.237
58453;7479;2.471
24115;55350;2.387
24077;7499;1.516
133372;133380;1.549
4641;9381;2.337
45474;58933;2.212
4058;9381;2.222
10026;133448;2.829
2042;55536;1.636
55536;9304;2.610
24399;9293;1.988
58933;9908;1.525
4658;59337;1.384
4641;9304;2.637
4058;9304;2.601
58815;59337;1.293
132742;7540;1.296
131334;58933;1.148
45932;55945;2.148
23881;24399;1.831
17554;23709;1.427
10026;38176;2.761
17975;9263;1.396
132742;24236;1.507
131334;24115;2.260
10118;17888;1.593
4528;58453;2.477
17975;9266;1.451
4528;9925;1.532
10098;17554;1.683
55331;7540;1.150
17924;9293;1.915
10032;132742;1.515
24115;45572;2.299
17975;9269;2.356
17975;9229;1.372
4641;58779;2.051
4528;9381;2.148
4515;7617;1.624
10118;4658;1.581
4658;9263;1.599
4645;4658;1.479
4528;55536;1.674
133448;4641;2.087
131334;133448;1.803
7479;9263;1.462
55953;7617;1.463
4658;9266;1.601
9513;9908;1.518
4528;9304;2.541
133448;4645;1.875
131334;2042;1.235
10238;132837;1.541
7479;9266;1.578
45346;4862;1.599
2706;45346;1.239
133372;9908;1.766
5017;9925;1.564
4658;9269;2.385
38197;45474;2.372
133448;58453;2.548
133372;45816;1.872
10098;132899;1.691
10026;24399;2.804
4658;9229;1.563
7479;9269;2.379
24023;9729;1.974
7479;9229;1.464
17444;4635;2.481
5017;9381;2.202
17975;24236;1.536
17444;4637;2.703
10098;10099;1.571
24236;4862;1.669
133448;55536;1.917
132899;7479;1.413
10032;4528;1.698
17888;24115;2.279
17814;7540;1.344
17554;7617;1.616
5017;9304;2.622
38176;7540;1.551
10118;55945;1.451
10026;4862;2.771
45474;55350;2.408
38197;4760;1.805
38176;38197;1.826
133380;2706;1.314
55536;7468;1.574
10099;24115;2.357
45572;58453;2.496
45474;9729;2.396
45346;55953;1.471
10118;9925;1.596
4645;9925;1.441
4058;7468;1.619
3662;55953;1.639
3662;4641;1.989
2706;38176;1.484
4862;58453;2.481
45816;4862;1.857
24399;45932;2.120
24236;4515;1.599
17444;4058;2.222
58779;9584;1.911
131334;55350;1.520
10238;4760;1.257
17619;4641;1.921
10118;9381;2.184
4645;9381;2.104
45572;55536;1.593
3662;4645;1.618
23881;7540;1.569
17444;24115;2.565
132899;45346;1.338
10026;4515;2.749
17554;17888;1.468
45346;55331;1.030
23709;55945;1.560
133380;23709;1.345
4862;55536;1.717
17619;4645;1.485
10103;24077;2.050
4760;9908;1.671
10118;9304;2.617
4645;9304;2.530
45572;4641;1.871
17924;23709;1.619
4658;7617;1.657
45816;7479;1.797
45474;45572;2.256
24023;24236;1.753
10103;17444;2.357
7479;7617;1.653
45346;59337;1.251
17975;58933;0.953
10098;23881;1.710
45572;4645;1.390
2706;4760;1.430
24077;9729;1.933
17619;24236;1.733
133380;24246;1.407
133380;17924;1.490
4635;7499;2.272
24236;5017;1.775
17444;9908;2.211
10118;45816;1.856
4528;7468;1.327
24399;4641;1.996
24115;24236;2.388
10032;38197;1.781
17924;24246;1.605
131334;45572;1.217
10032;9293;2.006
4658;58453;2.527
24115;4635;2.522
17888;58815;1.402
7617;9729;1.934
45346;9513;1.471
132899;38176;1.530
4641;7617;1.884
24399;4645;1.592
24115;4637;2.763
23709;7540;1.374
4760;5017;1.568
10099;58815;1.690
2042;4862;1.570
24236;58815;1.629
4658;55536;1.731
45932;7468;2.021
17888;55350;1.795
133380;17619;1.487
132742;45346;1.146
7468;9908;1.525
24236;9513;1.629
23709;45816;1.814
133372;4528;1.620
17924;4641;1.917
10099;55350;1.836
24246;55945;1.731
17975;4658;1.518
17554;55945;1.602
17444;58815;2.078
17444;5017;2.203
4635;4760;2.160
133380;7479;1.380
10026;9513;2.756
55953;9925;1.440
24246;4528;1.481
24115;4058;2.371
7499;9513;1.473
2042;4515;1.307
17924;4645;1.488
131334;132837;1.703
24023;58933;1.545
10032;24023;1.761
55331;9584;1.462
38197;9729;2.057
10103;58779;2.219
55953;9381;2.123
17619;58933;1.449
17444;55350;2.280
5017;55953;1.574
45816;9513;1.834
132899;24399;1.510
132837;24077;1.723
10238;24077;1.213
4637;7479;2.608
4760;55945;1.607
132742;2042;1.198
132742;17888;1.414
55953;9304;2.554
17888;45572;1.528
132837;17444;2.175
10238;9729;1.746
10238;17444;1.994
17814;58933;1.147
132742;38176;1.312
10118;7468;1.336
10026;23709;2.773
4645;7468;1.260
10099;45572;1.676
9381;9729;2.278
9269;9584;2.384
5017;55331;1.345
17814;24115;2.285
24115;9908;2.337
2042;5017;1.529
45816;59337;1.667
38197;55953;1.786
38176;55536;1.728
5017;7617;1.715
24399;55953;1.667
23881;45346;1.613
10238;131334;0.924
3662;45474;2.311
24246;45816;1.920
24077;4658;1.543
17975;9925;1.396
17554;45816;1.703
133448;7499;1.919
133448;17554;1.755
5017;59337;1.433
45932;9584;2.131
4645;55536;1.612
2706;9729;1.869
24077;45474;2.266
17814;9584;1.646
38176;9584;1.813
17975;9381;2.177
10098;4862;1.611
10118;24246;1.686
10118;17924;1.770
38197;55331;1.602
24399;55331;1.274
24246;9293;1.923
2042;9513;1.417
132742;24399;1.364
131334;24236;1.549
4658;9925;1.599
24115;5017;2.321
17975;9304;2.549
7479;9925;1.462
4641;58815;1.934
38197;59337;1.676
17975;45572;1.229
17975;38176;1.460
4658;9381;2.164
23881;9584;1.793
132837;58779;2.017
10238;58779;1.596
10098;4515;1.663
10098;58779;1.712
17814;2042;1.271
133448;4760;1.762
7479;9381;2.202
131334;2706;1.199
10118;17619;1.412
45346;58453;2.467
23709;24246;1.526
133372;45932;2.149
9304;9925;2.586
7540;9513;1.341
55945;7479;1.615
4658;9304;2.616
4635;9729;2.290
45572;9293;1.870
10032;55536;1.841
4515;7468;1.181
7479;9304;2.594
10032;4641;2.014
9304;9381;2.790
4862;7479;1.612
24115;45346;2.302
55953;7468;1.380
17619;7499;1.379
10103;133380;2.025
132837;4528;1.795
10032;4645;1.607
55536;7540;1.645
17814;55350;1.739
24023;9263;1.732
10103;4528;2.064
10099;4528;1.580
10026;17888;2.784
10098;5017;1.710
55350;9513;1.790
4058;7540;1.567
17975;24399;1.484
58815;7479;1.455
45346;4635;2.219
24023;9266;1.821
23709;9584;1.670
59337;9293;1.775
17888;24236;1.758
45346;4637;2.582
17814;3662;1.500
24023;9269;2.385
24023;45572;1.554
24023;38176;1.760
24023;9229;1.758
10099;24236;1.733
3662;4760;1.497
23881;55945;1.687
17619;45572;1.530
17619;38176;1.613
17554;7468;1.177
45474;9263;2.236
24399;7499;1.386
24236;4635;2.321
133380;45816;1.777
24115;38176;2.328
17619;4760;1.573
24236;4637;2.648
17554;24246;1.530
17554;17924;1.653
10098;9513;1.590
45474;9266;2.285
17924;45816;1.925
131334;4862;1.516
10026;4635;2.872
10026;10032;2.803
17814;45572;1.221
17444;24236;2.212
133372;17814;1.512
23881;3662;1.777
132899;23709;1.465
10026;4637;2.912
45474;9269;2.768
38197;7499;1.793
10103;24115;2.523
45572;4760;1.447
45474;9229;2.270
132899;4862;1.594
4528;7540;1.254
4515;9584;1.683
9263;9293;1.815
45816;4635;2.297
4637;58779;2.636
10118;45932;2.130
58453;9513;2.469
4862;9513;1.498
45816;4637;2.654
24399;45474;2.264
24236;4058;1.769
24023;24399;1.773
17554;17619;1.568
131334;7479;1.287
131334;4515;1.231
10238;7499;1.061
132837;9293;1.997
10099;10103;2.125
4658;7468;1.502
45816;58453;2.552
24399;4760;1.585
17619;24399;1.571
10238;133372;1.325
10026;55945;2.790
24077;9263;1.532
17888;58933;1.302
133448;9729;1.985
10026;4058;2.785
10103;9293;2.234
10099;9293;1.921
45932;7540;2.060
132899;4515;1.300
24115;24399;2.380
58815;9513;1.518
24077;9266;1.649
133372;4641;1.968
10099;58933;1.578
45346;9908;1.601
45816;55536;1.863
24236;58933;1.516
24023;7617;1.843
7617;9263;1.634
24077;9269;2.345
23709;45932;2.099
23709;3662;1.656
24246;4641;1.891
24077;9229;1.312
133372;4645;1.547
10118;133448;1.937
2706;7499;1.352
17888;4528;1.547
17554;9584;1.669
7617;9266;1.744
4641;7468;1.831
17975;7617;1.538
17924;4760;1.689
17444;58933;2.035
24246;4645;1.405
24236;9908;1.686
132742;23709;1.311
131334;45346;1.265
7617;9269;2.396
24077;55953;1.359
133372;55953;1.602
7617;9229;1.495
38197;58453;2.563
55945;58779;1.764
10026;9908;2.786
45474;7617;2.305
2042;4635;2.150
10103;58815;2.083
7499;9908;1.670
45346;5017;1.572
3662;55331;1.449
2042;4637;2.574
132742;2706;1.129
10118;7540;1.492
4645;7540;1.158
132837;24115;2.448
132742;17924;1.579
132742;133448;1.737
10238;24115;2.204
10026;45816;2.802
45816;9908;1.968
38197;9263;1.803
3662;9729;1.915
24077;55331;1.213
133372;55331;1.325
10103;55350;2.243
9266;9513;1.589
131334;9513;1.343
4635;55953;2.218
38197;9266;1.824
3662;59337;1.530
17619;9729;1.902
131334;17888;1.374
10026;132837;2.817
10032;17554;1.582
132899;17888;1.449
58779;7479;1.791
38197;9269;2.475
24077;59337;1.325
132899;9513;1.525
131334;38176;1.397
10238;9263;1.253
38197;9229;1.826
2042;4058;1.660
10026;5017;2.790
24246;45932;2.150
17814;24236;1.573
17554;45932;1.966
2706;55945;1.522
133380;4862;1.401
132742;17619;1.475
10238;9266;1.169
10026;133372;2.770
24077;7617;1.501
55536;9584;1.869
4635;55331;2.122
24023;4658;1.817
10238;9269;2.300
45816;5017;1.859
17888;9293;1.858
17888;45346;1.502
10238;9229;1.215
4641;9584;2.017
4058;9584;1.801
5017;7468;1.493
4637;4862;2.618
24399;9729;1.941
10103;45572;2.086
10099;45346;1.627
58453;59337;2.448
4635;59337;2.162
2706;9263;1.426
55350;55945;1.750
24236;55350;1.977
133380;4515;1.347
10032;10098;1.864
10032;10099;1.850
2706;9266;1.474
58933;9293;1.795
23881;24246;1.712
2042;9908;1.532
132742;4862;1.478
4641;58933;1.831
45474;4658;2.305
17814;2706;1.194
131334;24399;1.484
2706;9269;2.373
132837;58815;1.752
10238;58815;0.920
10098;58815;1.692
4515;7540;1.395
2706;9229;1.399
10098;24077;1.578
10098;4635;2.275
131334;133372;1.362
17924;9729;1.990
10098;4637;2.651
55953;7540;1.315
17888;38176;1.644
132899;55945;1.627
10098;17444;2.222
4515;58779;1.759
2706;45816;1.741
132837;55350;2.005
132837;4641;2.069
10238;55350;1.472
4528;9584;1.560
132742;7479;1.204
132742;4515;1.041
7540;9908;1.463
10099;4641;1.943
10032;4760;1.708
10099;38176;1.748
10103;4641;2.177
24023;9925;1.732
23881;2706;1.502
4635;9263;2.157
24236;45572;1.392
132837;4645;1.743
17975;45346;1.207
10099;4645;1.505
10103;4645;2.024
4635;9266;2.238
24023;9381;2.258
55536;58779;1.881
55331;7479;1.073
10026;17924;2.803
10026;24246;2.806
10098;4058;1.606
17444;45572;2.124
17444;38176;2.113
10118;10238;1.101
10118;132837;1.793
4637;5017;2.628
4635;9269;2.654
17554;7540;1.398
4635;9229;2.271
133372;9293;1.970
133372;45474;2.294
10032;23881;1.729
55350;9908;1.942
5017;9584;1.817
24023;9304;2.667
45474;9925;2.236
133380;9513;1.291
17888;24399;1.725
133380;45932;2.041
10238;45572;0.951
17444;4528;2.125
45474;9381;2.629
2042;23881;1.613
17924;45932;2.186
10026;17619;2.787
10099;24399;1.827
23709;2706;1.362
132899;45816;1.764
132742;55945;1.510
9293;9513;1.861
4637;9513;2.598
24399;59337;1.516
45474;9304;2.816
10098;9908;1.705
133372;17975;1.480
24023;45346;1.609
17444;24399;2.194
10118;9584;1.678
4658;7540;1.504
4645;9584;1.487
4641;55350;2.123
3662;58453;2.509
24246;7499;1.661
17814;7479;1.248
132742;9513;1.378
10103;24236;2.144
4637;58815;2.583
38176;7479;1.553
17619;45346;1.519
7479;7540;1.413
38197;4658;1.848
3662;7499;1.753
24077;9925;1.532
24399;38197;1.904
24077;58453;2.488
10026;10118;2.783
45346;55536;1.591
58453;9908;2.515
4862;9908;1.640
131334;4635;2.180
24077;9381;2.103
17814;45346;1.220
131334;4637;2.570
7617;9925;1.634
55331;58779;1.596
4760;9293;1.818
4635;7617;2.255
10238;4658;1.341
17888;4641;1.936
132899;4635;2.223
4641;7540;1.840
23881;7479;1.678
133372;4760;1.602
10118;2042;1.375
45572;7499;1.369
24077;9304;2.575
133448;9263;1.759
132899;4637;2.582
10026;131334;2.752
7617;9381;2.176
58815;9908;1.676
133380;17814;1.306
17888;4645;1.464
17619;17888;1.542
10032;9729;2.030
38176;58779;1.831
24246;4760;1.639
2042;24077;1.419
17975;55945;1.491
133448;9266;1.885
132742;45816;1.635
17444;9293;2.301
7617;9304;2.552
23709;4862;1.580
133448;9269;2.528
131334;4058;1.613
4862;5017;1.654
4645;58779;1.672
24023;7468;1.545
133448;9229;1.946
2706;4658;1.542
24115;4528;2.320
133448;23881;1.962
10099;133448;1.983
9229;9513;1.384
55945;58815;1.546
132899;133380;1.424
132899;4058;1.695
131334;23709;1.307
10103;58933;2.003
4058;58779;1.736
38197;9925;1.803
17814;38176;1.382
59337;7499;1.353
17975;7468;0.953
10026;45932;2.835
55945;9513;1.541
23709;45474;2.227
7468;9293;1.794
38197;9381;2.315
23709;7479;1.464
23709;4515;1.413
10118;3662;1.787
45474;7468;2.212
132837;24236;1.904
10238;9925;1.253
10238;24236;1.348
17924;7499;1.740
131334;17924;1.610
55953;9584;1.570
9908;9925;1.669
9266;9908;1.738
38197;9304;2.629
3662;9263;1.493
132899;24246;1.549
132899;17924;1.676
131334;9908;1.553
9381;9925;2.183
10238;9381;2.087
3662;9266;1.713
24023;55945;1.819
17619;9263;1.569
10032;58779;1.826
5017;58453;2.524
4635;4658;2.258
133380;55953;1.268
132899;9908;1.647
23881;45816;1.892
17619;55945;1.319
55953;58779;1.702
5017;7540;1.582
3662;9269;2.462
17619;9266;1.577
10238;9304;2.507
3662;9229;1.689
17924;55953;1.535
17814;24399;1.421
2706;9925;1.426
24115;55945;2.305
131334;17619;1.397
2042;58779;1.745
17619;9269;2.403
5017;55536;1.642
17619;9229;1.565
133448;7617;1.949
132899;17619;1.594
10103;132899;2.086
133448;24077;1.923
132837;7499;1.781
2706;9381;2.184
24077;7468;1.359
17888;23709;1.530
133380;55331;1.114
24115;9293;2.443
131334;5017;1.379
10103;7499;2.051
10099;7499;1.708
133448;17444;2.200
133380;4635;2.219
10099;23709;1.639
24399;9263;1.581
24399;58453;2.521
24246;45474;2.285
17554;45474;2.240
9729;9925;1.796
2706;9304;2.555
17975;9584;1.593
133380;4637;2.586
132899;5017;1.610
45932;55953;2.046
132837;58933;1.668
10238;58933;0.924
10098;58933;1.586
24399;9266;1.685
24246;9729;1.962
10118;17814;1.439
38197;55536;1.894
17554;2042;1.334
132742;24246;1.460
10098;24115;2.346
2706;45932;2.039
24399;9269;2.481
24399;55536;1.817
24399;9229;1.670
10103;45346;2.068
4635;9925;2.157
4515;58815;1.364
4528;58779;1.743
132837;4760;1.788
4658;9584;1.700
45932;55331;1.962
17924;9263;1.688
133380;4058;1.552
132742;4635;2.147
10103;4760;2.117
10099;4760;1.661
7479;9584;1.702
4635;9381;2.539
24115;45816;2.428
17975;2042;1.221
133372;59337;1.421
58779;9908;1.865
132742;4637;2.560
4515;55350;1.761
17924;9266;1.807
45572;9729;1.861
55536;58815;1.674
45932;59337;2.004
4635;9304;2.717
3662;38197;1.906
17975;23709;1.336
17924;9269;2.387
17619;7617;1.661
17924;9229;1.560
9304;9584;2.662
17444;4641;2.224
24077;38197;1.816
133372;38197;1.814
133448;58779;2.028
133448;4658;1.948
17554;3662;1.544
10103;38176;2.153
17444;4645;2.078
132742;4058;1.584
10099;132837;1.905
10032;7499;1.337
24236;45346;1.567
17975;24246;1.506
133380;9908;1.442
132899;45932;2.070
45474;55945;2.339
59337;9729;1.805
10118;55953;1.544
17975;3662;1.570
17444;45346;2.064
24399;7617;1.822
17888;7499;1.566
9293;9908;1.973
55536;7479;1.648
4637;9908;2.626
131334;55945;1.435
45572;58779;1.808
10099;17888;1.672
4637;58933;2.571
4058;7479;1.695
10238;45346;1.030
10118;55331;1.100
10098;55350;1.826
4862;58779;1.797
38197;7617;1.865
133380;45474;2.218
133372;24023;1.794
58779;9513;1.735
17554;17814;1.072
132742;9908;1.510
58933;7499;1.300
24236;4528;1.553
23709;55953;1.483
133380;5017;1.558
133380;133448;1.875
10103;24399;2.189
24236;38176;1.755
17924;45474;2.317
17619;23709;1.526
10098;132742;1.576
10026;10238;2.726
3662;4658;1.751
17444;17888;2.118
133448;9925;1.759
10026;4528;2.760
9263;9729;1.790
55331;58815;0.920
10238;7617;1.417
10118;2706;1.388
17888;4760;1.472
17619;4658;1.587
24023;24246;1.808
17814;23709;1.366
133448;9381;2.361
45474;45816;2.366
23709;55331;1.151
132837;9729;2.076
132742;45932;1.973
24023;7540;1.607
17619;24246;1.700
17619;17924;1.716
55331;55350;1.472
38176;58815;1.408
24115;4641;2.477
133380;17975;1.282
10103;9729;2.312
10099;9729;1.983
10032;133448;1.970
4635;7468;2.194
45932;4862;2.085
45572;4658;1.597
24115;24246;2.351
2042;24115;2.298
133448;9304;2.652
132837;45572;1.728
132837;38176;1.880
132742;5017;1.480
10238;38176;1.184
10118;133372;1.636
10098;45572;1.681
4528;7479;1.477
17924;17975;1.573
4645;58815;1.445
24115;4645;2.284
23709;59337;1.322
17975;7540;1.316
17814;4862;1.527
131334;45816;1.727
10032;9263;1.703
4658;58779;1.715
38176;4862;1.697
2706;7617;1.551
55945;58933;1.486
17888;55945;1.576
24236;24399;1.709
10032;9266;1.729
45346;9293;1.832
4058;58815;1.729
132742;132837;1.657
9229;9908;1.504
45474;7540;2.237
24399;4658;1.778
133372;7499;1.615
10099;55945;1.676
10032;9269;2.467
45932;7479;2.067
10032;9229;1.690
24246;55953;1.510
17554;55953;1.460
3662;9925;1.493
17814;4515;1.062
55945;9908;1.750
4058;55350;1.876
38176;4515;1.417
23881;4862;1.675
23709;4635;2.131
132742;133372;1.448
24236;9293;1.998
58779;59337;1.606
23709;4637;2.576
17619;9925;1.569
17444;55945;2.163
133372;58453;2.527
9584;9908;1.727
3662;9381;2.278
132837;24399;1.936
10238;24399;1.274
10026;9293;2.777
3662;55536;1.705
7499;9293;1.920
55331;9513;1.193
4637;55350;2.678
45932;58453;2.571
24246;55331;1.379
23881;45932;2.134
2042;4528;1.413
17924;4658;1.730
17619;9381;2.205
17554;55331;1.070
10032;58815;1.472
4760;55953;1.441
132742;17814;1.003
10032;24077;1.684
3662;9304;2.617
24077;55536;1.684
133372;55536;1.705
10026;45474;2.967
55953;58815;1.530
23881;4515;1.652
45816;9293;2.038
24077;7540;1.267
17619;9304;2.574
10032;17444;2.138
24246;59337;1.475
23709;4058;1.675
2042;58815;1.346
17888;45816;1.810
17554;59337;1.294
4635;58453;2.668
10118;7479;1.487
10118;45474;2.331
4645;7479;1.378
4760;55331;1.257
24399;9925;1.581
10099;45816;1.778
9269;9513;2.343
133448;24115;2.412
2042;55350;1.752
17814;17888;1.444
4635;55536;2.254
24399;9381;2.291
17888;9729;1.905
133448;7468;1.822
4760;59337;1.366
45932;9513;2.085
17554;2706;1.223
24399;9304;2.604
17814;9513;1.409
10099;131334;1.553
38176;9513;1.610
17444;7499;2.102
10118;17975;1.341
17924;9925;1.688
58933;9729;1.844
4515;58933;1.181
132837;133448;2.087
10098;24236;1.750
4528;58815;1.523
24246;9263;1.637
131334;24246;1.529
24115;45932;2.525
17975;2706;1.007
17924;9381;2.248
10103;23709;1.997
4515;4862;1.562
24246;9266;1.743
2042;9293;1.856
17975;45816;1.731
4528;55350;1.851
24246;9269;2.420
23881;9513;1.607
55536;58933;1.574
24246;9229;1.476
17924;9304;2.560
7468;7499;1.299
10098;4528;1.565
45346;58779;1.732
10032;132837;1.922
2706;45474;2.236
45572;9263;1.443
23709;5017;1.547
17444;4760;2.116
4515;7479;1.272
133448;58815;1.819
7540;9293;1.825
17814;55945;1.563
45572;9266;1.538
24023;9584;1.863
23709;58453;2.468
17619;7468;1.448
10098;10103;2.166
55953;7479;1.480
9513;9729;1.914
45572;9269;2.400
45346;4641;1.858
17924;55331;1.477
10026;17814;2.753
10118;131334;1.326
45572;9229;1.485
17554;4862;1.565
133448;55350;1.987
133372;9729;1.929
10032;4658;1.755
133380;59337;1.222
45346;4645;1.359
4528;45572;1.467
23709;9513;1.448
17888;24246;1.671
17888;17924;1.683
59337;9263;1.362
55350;9293;2.080
17924;59337;1.518
45572;58815;1.357
45474;9584;2.383
24236;4641;1.959
23881;55953;1.575
17444;23709;2.067
24023;45816;1.954
10099;17924;1.666
10099;24246;1.696
59337;9266;1.341
24115;7499;2.334
4862;58815;1.652
17619;45816;1.836
17554;7479;1.312
17554;4515;1.114
10026;4641;2.828
24399;7468;1.475
24236;4645;1.480
133380;38197;1.757
59337;9269;2.335
132899;45474;2.241
59337;9229;1.315
45572;55350;1.780
24246;7617;1.555
17554;17975;1.189
132837;23709;1.706
10238;23709;1.151
17924;38197;1.895
10026;4645;2.748
3662;7617;1.755
23881;55331;1.461
17444;24246;2.142
17444;17924;2.169
55331;58933;0.924
4862;55350;1.874
45816;4641;2.089
17814;45816;1.674
10098;9293;1.931
38197;7468;1.630
4635;7540;2.233
45474;45932;2.488
10099;17619;1.646
24246;58453;2.504
17554;58453;2.447
133372;17554;1.561
45816;4645;1.775
4515;9513;1.440
10103;17888;2.124
38176;58933;1.438
24077;9584;1.474
10032;9925;1.703
24115;4760;2.301
10238;7468;0.923
10238;133380;1.114
10026;55953;2.752
9263;9266;1.558
4760;9729;1.793
45572;7617;1.665
131334;45932;2.029
58453;9293;2.525
4862;9293;1.896
24023;3662;1.882
17444;17619;2.139
132837;9263;1.786
4658;7479;1.592
4645;58933;1.260
45816;58779;1.857
131334;4528;1.364
10032;9381;2.283
9263;9269;2.389
4658;58815;1.580
4641;4862;1.915
4058;4862;1.618
2042;24236;1.536
133380;24023;1.686
10103;9263;2.113
10099;9263;1.657
7617;9584;1.668
4760;58453;2.454
132837;9266;1.914
10099;10118;1.723
4515;45572;1.253
4058;58933;1.619
17924;24023;1.884
132899;4528;1.481
10103;9266;2.148
10099;133372;1.719
10099;9266;1.706
17444;9729;2.291
132837;9269;2.360
10026;55331;2.726
10032;9304;2.624
58815;9293;1.913
132837;9229;1.816
4658;55350;1.726
132742;45474;2.167
10103;9269;2.423
10099;9269;2.391
2706;7468;0.989
10103;9229;2.083
10099;9229;1.581
45932;4635;2.411
17554;9513;1.464
