59337;7617;1.313
4641;7479;1.468
4058;4515;1.406
133372;4658;1.451
132837;45346;1.423
10098;45346;1.397
45932;4637;1.536
2042;4641;1.435
17814;4635;1.489
10026;59337;1.516
38176;4635;1.506
17814;4637;1.514
38197;58779;1.479
38176;4637;1.521
24246;4658;1.435
2042;4645;1.245
7468;9729;1.439
38197;9584;1.482
17924;7617;1.321
10118;59337;1.296
10032;58933;1.353
4528;4862;1.292
10103;55945;1.490
55953;58933;1.316
55331;9908;1.318
132742;17975;1.085
10032;24115;1.516
17888;45932;1.486
23881;4635;1.506
131334;17814;1.172
2042;58933;1.174
132837;17888;1.443
10238;9584;1.300
10238;17888;1.267
23881;4637;1.523
17814;4058;1.400
132899;17814;1.217
10099;45932;1.508
4058;5017;1.436
38176;4058;1.452
24077;3662;1.400
10118;38197;1.459
9266;9293;1.492
133448;7540;1.480
131334;9293;1.448
10098;38176;1.455
9381;9584;1.500
2706;55953;1.327
10103;132742;1.472
10026;133380;1.521
17814;24246;1.340
17814;17924;1.366
9269;9908;1.507
38176;55350;1.463
23881;45474;1.536
133448;24236;1.507
133380;58453;1.508
132899;9293;1.464
132837;7617;1.446
10032;131334;1.362
10099;7617;1.416
10103;7617;1.490
55536;9513;1.391
17924;58453;1.512
4645;55350;1.463
2706;9584;1.365
23881;4058;1.448
24246;9925;1.409
24236;55945;1.467
24115;9729;1.521
17888;9263;1.347
4641;9513;1.454
45932;9908;1.504
4058;9513;1.416
2706;55331;0.988
23709;38197;1.451
133380;55536;1.378
55350;55953;1.461
5017;7479;1.394
17888;9266;1.405
17814;9908;1.376
10103;45816;1.504
4528;58933;1.226
38176;9908;1.440
24246;9381;1.506
17924;55536;1.415
17888;9269;1.508
10118;24023;1.381
2706;59337;1.201
17975;45932;1.478
17888;9229;1.367
133380;4528;1.142
10118;4862;1.384
10098;24399;1.465
10098;4641;1.489
58933;9263;1.319
4645;4862;1.287
45346;7499;1.281
24246;9304;1.516
38176;45572;1.355
131334;133380;1.255
58933;9266;1.326
45572;9925;1.350
132837;55945;1.463
10238;55945;1.276
10098;4645;1.384
132899;55953;1.376
45346;58815;1.339
23881;9908;1.455
58933;9269;1.499
45932;5017;1.498
17619;7540;1.366
58933;9229;1.255
4635;9584;1.522
45932;55536;1.488
45572;9381;1.506
24236;7499;1.423
10032;55350;1.484
55350;59337;1.418
17814;5017;1.356
133448;58933;1.465
10118;4515;1.305
4528;9513;1.264
38176;5017;1.429
23709;24023;1.384
4515;4635;1.490
4058;45572;1.440
24115;45474;1.551
10026;7499;1.521
132742;4528;1.239
45572;9304;1.513
4515;4637;1.515
24236;45816;1.493
132899;55331;1.131
4760;7499;1.383
45346;4760;1.340
132837;4658;1.465
59337;9925;1.329
24246;38197;1.482
17554;38197;1.463
10032;7617;1.453
10026;17975;1.514
10103;4658;1.505
10099;4658;1.378
17444;45816;1.504
23881;5017;1.423
132899;59337;1.271
59337;9381;1.496
2706;3662;1.362
24399;7540;1.402
24023;45932;1.505
24023;2706;1.364
133372;9263;1.435
5017;9513;1.379
45572;58933;1.198
24236;4760;1.472
23709;9908;1.379
17619;45932;1.499
17888;7617;1.379
133372;9266;1.437
10032;45572;1.369
4862;58933;1.337
10238;45816;1.378
59337;9304;1.505
133380;9293;1.444
10026;4760;1.522
38197;7540;1.463
17554;4635;1.490
133372;9269;1.515
132742;55953;1.325
133372;9229;1.426
10118;58453;1.515
17814;45932;1.466
17554;4637;1.515
2042;45572;1.245
2042;38176;1.347
4641;55945;1.474
4528;45346;1.281
9263;9925;1.252
58933;7617;1.342
45816;4760;1.422
4637;9293;1.533
17554;24023;1.359
10238;7540;1.135
10118;55536;1.408
24246;7468;1.324
132742;55331;0.924
10118;9513;1.340
10103;17924;1.481
10103;24246;1.486
9263;9381;1.502
4645;9513;1.256
3662;58779;1.464
132837;9925;1.436
131334;4641;1.456
3662;7468;1.352
4515;9908;1.383
132742;9293;1.419
10099;9925;1.429
10103;9925;1.488
24077;58779;1.461
2042;7499;1.255
17554;4058;1.409
132899;4641;1.475
132837;9381;1.511
131334;4645;1.255
10032;133372;1.453
9263;9304;1.513
45816;58815;1.443
132742;59337;1.159
4658;58933;1.380
133448;9584;1.494
10103;9381;1.514
10099;9381;1.511
4760;9263;1.254
2706;7540;1.257
132899;4645;1.310
58815;58933;1.088
23709;55536;1.380
132837;9304;1.527
10103;17619;1.489
45572;7468;1.198
24077;2706;1.300
2042;24399;1.367
17619;17814;1.369
10099;10238;1.342
4760;9266;1.419
45816;55350;1.457
17975;55953;1.318
10103;9304;1.526
10099;9304;1.518
58453;58779;1.524
4760;9269;1.506
17975;4862;1.341
4760;9229;1.377
4515;5017;1.360
17888;4658;1.424
17444;9263;1.486
133380;17554;1.267
133372;7617;1.440
10098;133448;1.493
24236;24246;1.419
131334;45474;1.512
45346;9729;1.441
4058;4635;1.508
2706;58453;1.507
2042;4760;1.348
17554;9908;1.386
133448;2042;1.464
24023;7479;1.367
17444;9266;1.517
4058;4637;1.527
38197;58815;1.446
17975;55331;0.952
10098;23709;1.413
10103;10118;1.477
4515;45346;1.174
17444;9269;1.525
9229;9293;1.458
59337;7468;1.173
17444;9229;1.498
133448;45572;1.464
133448;38176;1.471
55350;7499;1.436
4658;4862;1.417
17975;7479;1.231
17975;4515;1.136
24236;9729;1.503
7468;9263;1.319
55350;58453;1.533
3662;9584;1.429
55945;9293;1.473
23881;59337;1.377
132837;24246;1.447
132837;17924;1.450
10238;24246;1.269
10238;17924;1.301
10026;9729;1.530
10032;24236;1.448
45474;7479;1.512
23709;4528;1.259
17924;7468;1.353
131334;17975;1.154
7499;9729;1.456
7468;9266;1.326
17619;9584;1.424
55953;9513;1.299
17554;5017;1.363
132899;17975;1.142
24246;55536;1.429
24023;55953;1.430
17554;55536;1.348
7468;9269;1.499
7468;9229;1.255
45816;9729;1.472
4528;4635;1.504
17619;55953;1.371
10098;7499;1.411
24077;4862;1.311
133448;3662;1.457
5017;58779;1.461
4528;4637;1.520
23881;38197;1.449
17888;9925;1.347
24115;55953;1.513
132899;58453;1.515
132837;17619;1.460
10238;17619;1.265
4760;7617;1.380
17888;45474;1.532
133448;24399;1.481
24023;55331;1.274
17888;9381;1.504
55536;9908;1.440
4760;55536;1.348
17619;2042;1.354
10103;45932;1.520
17619;55331;1.265
133380;4641;1.463
132837;7468;1.410
10099;45474;1.534
58453;7499;1.514
24399;9584;1.465
58933;9925;1.319
4641;9908;1.483
4058;9908;1.458
24077;7479;1.362
24077;4515;1.308
10032;10103;1.500
10103;7468;1.471
10099;7468;1.391
24115;9263;1.511
24115;55331;1.492
17888;9304;1.516
17444;7617;1.500
133380;4645;1.113
132837;133372;1.481
58933;9381;1.498
24399;58779;1.478
24115;9266;1.515
10098;4760;1.427
4637;4641;1.527
17975;9513;1.299
24115;9269;1.533
24115;59337;1.507
24115;9229;1.519
23881;24023;1.452
10026;38197;1.526
58933;9304;1.505
4637;4645;1.518
45346;58933;1.145
17924;9584;1.369
132742;4641;1.449
2042;9729;1.446
10098;17888;1.421
10118;17554;1.312
7468;7617;1.342
4641;5017;1.477
4515;55945;1.379
4658;9513;1.419
24236;45932;1.515
17619;3662;1.415
132742;58453;1.507
132742;4645;1.231
10118;4635;1.499
7479;9513;1.377
4528;9908;1.341
17975;45474;1.512
10118;4637;1.519
9513;9925;1.371
38176;45346;1.343
17444;45932;1.525
133372;9925;1.435
133372;23881;1.461
7540;9729;1.465
55536;55945;1.403
10238;2042;0.969
10238;132899;1.131
9304;9513;1.510
133372;9381;1.514
10098;132837;1.469
10026;24023;1.528
10238;45932;1.459
4058;45346;1.413
10118;4058;1.420
10032;7468;1.353
5017;9908;1.445
45474;55953;1.528
24399;3662;1.459
133372;9304;1.520
4528;5017;1.372
17444;4658;1.506
132899;7499;1.317
55350;9729;1.496
24115;7617;1.518
24246;7540;1.276
17888;7468;1.274
131334;55953;1.328
3662;7540;1.386
10098;55945;1.414
45474;55331;1.478
10099;17814;1.394
24023;45474;1.531
23881;58453;1.519
3662;58815;1.419
2706;38197;1.444
17619;45474;1.529
10032;45346;1.382
131334;4760;1.332
10238;3662;1.296
10118;9908;1.413
58933;7468;0.924
4645;9908;1.329
45474;59337;1.511
24077;58815;1.376
131334;55331;0.924
10098;9729;1.482
4760;9925;1.254
45346;55350;1.464
23881;55536;1.429
17444;17814;1.471
133372;24077;1.431
58779;9293;1.493
45816;58933;1.416
45572;7540;1.320
132899;4760;1.376
2042;45346;1.216
17814;45474;1.505
4760;9381;1.502
133372;17444;1.498
55331;55945;1.276
45816;7499;1.437
131334;59337;1.124
10118;23881;1.425
17444;9925;1.486
58453;9729;1.528
4862;9729;1.460
17619;17975;1.345
10032;17888;1.437
4760;9304;1.513
10032;9584;1.455
10118;133380;1.308
58453;58815;1.518
10026;58453;1.533
4635;7479;1.497
17444;9381;1.525
133448;2706;1.471
10118;5017;1.375
10032;38176;1.423
4645;5017;1.368
132837;45816;1.466
10098;45816;1.427
59337;7540;1.236
17888;55953;1.356
58815;9729;1.465
45346;45572;1.215
38197;58933;1.440
132899;38197;1.458
24115;4658;1.521
17444;9304;1.521
10099;55953;1.397
10026;55536;1.523
24115;58453;1.536
23709;23881;1.407
7468;9925;1.319
45346;9263;1.339
133372;7468;1.379
10103;10238;1.445
4058;55945;1.420
23709;4641;1.442
17924;7540;1.313
45346;9266;1.383
17975;4635;1.494
17888;55331;1.267
132742;133380;1.231
7468;9381;1.498
23709;4645;1.245
17975;4637;1.514
17444;55953;1.498
45346;9269;1.502
133380;7499;1.291
10099;55331;1.342
4637;55945;1.523
45346;9229;1.298
24236;9263;1.472
17814;4528;1.256
38176;4528;1.371
133372;58779;1.480
7468;9304;1.505
17888;59337;1.330
131334;132899;1.249
10032;24399;1.333
24236;9266;1.477
10026;9263;1.522
55953;9908;1.384
7499;9263;1.381
45932;58779;1.514
133448;45346;1.462
10099;59337;1.345
5017;58815;1.391
4637;7499;1.519
24236;9269;1.520
17444;55331;1.451
132899;24023;1.379
10026;9266;1.530
55331;9293;1.385
24236;9229;1.398
24023;4862;1.439
132837;7540;1.422
7499;9266;1.393
17975;4058;1.401
9266;9729;1.483
45816;9263;1.422
17619;2706;1.351
132742;17554;1.042
131334;9729;1.431
10026;9269;1.532
10103;7540;1.473
10099;7540;1.388
23881;4528;1.398
10026;9229;1.526
7499;9269;1.502
24115;9925;1.511
132742;38197;1.456
7499;9229;1.321
5017;55350;1.406
4635;58779;1.512
45816;9266;1.440
2042;55945;1.361
10032;3662;1.464
133380;4760;1.352
132899;9729;1.446
17554;23881;1.407
45816;9269;1.520
24115;9381;1.522
45816;9229;1.457
24077;4635;1.514
24023;4515;1.354
9269;9293;1.516
45474;4862;1.530
133448;17888;1.476
24399;58815;1.398
24077;4637;1.522
133448;7479;1.460
4637;4760;1.526
24115;9304;1.538
2706;55536;1.368
24399;2706;1.377
24246;9584;1.369
17975;9908;1.376
45932;9293;1.514
45346;7617;1.381
38197;55350;1.488
17975;59337;1.184
17444;7468;1.477
24399;55350;1.489
10103;45474;1.541
17814;9293;1.420
133372;133448;1.483
132742;4760;1.264
10098;17924;1.431
10098;24246;1.431
45474;58453;1.545
38176;9293;1.457
132742;24023;1.343
4528;55945;1.375
24077;4058;1.414
55350;55536;1.472
24236;7617;1.435
2042;9263;1.348
4658;9908;1.454
17975;38197;1.439
131334;58453;1.508
7479;9908;1.411
45572;9584;1.417
2042;9266;1.405
10026;7617;1.524
10238;2706;0.988
23881;9293;1.475
17975;5017;1.346
10098;17619;1.412
10032;7540;1.400
55945;7499;1.312
2042;9269;1.499
2042;9229;1.281
17814;55953;1.330
38197;45572;1.465
9304;9908;1.510
7540;9263;1.358
4862;7499;1.378
133448;55945;1.478
132899;55536;1.400
4515;4528;1.263
24236;45474;1.533
24023;9513;1.431
23709;58779;1.449
17888;7540;1.354
17619;7479;1.414
7540;9266;1.424
24023;59337;1.393
4658;5017;1.427
59337;9584;1.349
17814;55331;0.996
17619;59337;1.333
7540;9269;1.504
17444;45474;1.537
10098;10118;1.414
7540;9229;1.185
58815;7499;1.292
17975;24023;1.353
10026;17554;1.519
4528;45816;1.444
17888;17975;1.275
58933;7540;1.233
55350;9263;1.461
45346;4658;1.394
24246;3662;1.431
133380;9729;1.463
133380;23881;1.395
45474;9513;1.523
24023;38197;1.481
23709;9293;1.440
17814;59337;1.195
10099;17975;1.394
45572;55945;1.396
38197;4862;1.468
3662;58933;1.352
24115;7468;1.506
10238;45474;1.478
55350;9266;1.383
17924;23881;1.427
17619;38197;1.451
4862;55945;1.392
24399;7479;1.395
24077;58933;1.284
24077;5017;1.390
55350;9269;1.524
24115;38197;1.522
17554;4528;1.276
10032;23709;1.402
9293;9729;1.492
55350;9229;1.471
4637;9729;1.532
24236;4658;1.474
24077;24115;1.518
17444;17975;1.479
133372;24115;1.514
10238;4862;1.273
9263;9584;1.415
2042;7617;1.356
10026;4658;1.528
10098;9263;1.427
38197;7479;1.468
38197;4515;1.462
132742;55536;1.336
10103;17814;1.475
2042;23709;1.142
17924;2042;1.368
132742;9729;1.429
10026;10098;1.527
24246;58779;1.467
17554;58779;1.437
10098;9266;1.433
10026;10099;1.527
132837;9584;1.435
10032;17924;1.457
58453;58933;1.506
45816;4658;1.423
4515;9293;1.421
24077;9513;1.306
132837;45932;1.511
131334;7499;1.237
10098;45932;1.504
10098;9269;1.516
10103;9584;1.482
10099;9584;1.433
10238;7479;1.056
10238;4515;1.022
10098;9229;1.392
58453;9263;1.511
4862;9263;1.378
2706;4862;1.347
17619;24023;1.446
133372;7540;1.419
7540;7617;1.303
45346;9925;1.339
2042;24246;1.324
10098;133372;1.456
10099;133380;1.385
7617;9513;1.333
58453;9266;1.523
4862;9266;1.443
4760;58779;1.459
4658;55945;1.417
133380;24077;1.201
45932;4641;1.508
45346;9381;1.502
4515;45816;1.400
58453;9269;1.535
4862;9269;1.512
17975;58453;1.507
132837;2042;1.403
58815;9263;1.392
58453;9229;1.514
4862;9229;1.313
23709;4760;1.361
17924;24077;1.333
17814;4641;1.452
38176;4641;1.473
24236;9925;1.472
133380;17444;1.485
10103;2042;1.450
10099;2042;1.396
45932;4645;1.486
2706;7479;1.251
2706;4515;1.162
58815;9266;1.300
45346;9304;1.506
17924;3662;1.419
55350;7617;1.471
17814;4645;1.244
10026;9925;1.522
38176;4645;1.366
24236;9381;1.513
17975;55536;1.362
17554;9293;1.423
9229;9729;1.471
7499;9925;1.381
58815;9269;1.504
4058;4528;1.398
133372;58815;1.414
58815;9229;1.370
10103;55953;1.484
10026;23881;1.521
10026;9381;1.532
4635;4862;1.503
3662;55350;1.467
7499;9381;1.502
45932;58815;1.496
45816;9925;1.422
38197;9513;1.464
24236;9304;1.522
23881;4641;1.479
55945;9729;1.457
5017;58933;1.341
2042;4658;1.395
24077;55350;1.475
133372;55350;1.454
132837;17814;1.406
10238;17814;0.996
10026;9304;1.533
9584;9729;1.486
45816;9381;1.518
23881;4645;1.395
133448;23709;1.471
10098;7617;1.409
7499;9304;1.502
4760;7540;1.359
132837;3662;1.449
10238;9513;1.193
10103;55331;1.445
4635;58815;1.508
10026;132899;1.519
38176;55945;1.409
131334;17554;1.199
10103;3662;1.496
10099;3662;1.438
58779;7499;1.444
45816;9304;1.526
24023;58453;1.522
131334;9263;1.331
9381;9513;1.496
132899;17554;1.236
131334;38197;1.441
17814;17975;1.118
17619;58453;1.520
4645;55945;1.366
133448;24246;1.492
133448;17924;1.488
131334;9266;1.306
10103;59337;1.470
58453;7617;1.513
4635;55350;1.518
24399;58933;1.360
24023;4635;1.506
17888;9584;1.414
17444;7540;1.487
133380;58779;1.442
132899;9263;1.376
3662;45572;1.383
9266;9269;1.514
24236;55953;1.454
24023;55536;1.424
24023;4637;1.523
131334;9269;1.493
17924;58779;1.465
132899;9266;1.372
131334;9229;1.287
2706;9513;1.312
24077;45572;1.359
17814;58453;1.507
17619;55536;1.401
10032;2042;1.370
55536;9293;1.451
132899;9269;1.505
24115;55536;1.508
132899;9229;1.329
58933;9584;1.358
4641;9293;1.494
4058;9293;1.480
2042;9925;1.348
133448;17619;1.477
45474;4635;1.543
24236;55331;1.347
7468;7540;1.233
17888;2042;1.341
45474;4637;1.550
45346;7468;1.145
24023;4058;1.468
2042;9381;1.497
24246;2706;1.341
132837;55953;1.443
131334;24023;1.363
10238;55953;1.243
10118;24077;1.348
38176;45816;1.452
10032;55945;1.407
24236;59337;1.417
2042;9304;1.507
10118;17444;1.489
7540;9925;1.358
4515;4641;1.453
10098;4658;1.375
24236;7468;1.404
17888;38197;1.451
133448;4862;1.476
4635;9513;1.494
132742;7499;1.272
17444;59337;1.480
132837;55331;1.351
10238;55331;0.000
7540;9381;1.502
4515;4645;1.256
10238;132742;0.924
10026;7468;1.513
10099;38197;1.474
4058;45816;1.420
23709;58815;1.353
10118;4528;1.318
4528;9293;1.444
23709;24077;1.300
4760;7468;1.320
9513;9584;1.366
24023;9908;1.446
7540;9304;1.507
55331;7499;1.054
133372;9584;1.456
10238;59337;0.923
55350;9925;1.461
4528;45932;1.486
17888;3662;1.389
133448;4515;1.445
10098;131334;1.384
24115;7540;1.515
17444;38197;1.492
10118;132899;1.328
132899;7617;1.391
10098;10238;1.341
55350;9381;1.522
38197;45346;1.459
17554;4641;1.455
132899;23881;1.383
58779;58815;1.434
5017;9293;1.472
17888;24023;1.424
10032;45816;1.474
10103;133448;1.514
45474;9908;1.528
55350;9304;1.531
17554;4645;1.266
133380;9263;1.350
133372;2042;1.396
10099;24023;1.461
10098;9925;1.427
4641;55953;1.466
3662;4862;1.400
24023;5017;1.427
10118;58779;1.446
133380;9266;1.422
45474;55536;1.529
2042;45816;1.433
17924;2706;1.362
17619;4862;1.388
10098;9381;1.511
24077;24236;1.405
133380;9269;1.503
133372;24236;1.479
7499;7617;1.384
4637;9263;1.525
133380;9229;1.174
38197;4635;1.508
24246;58815;1.406
17814;7499;1.282
17554;58815;1.311
17444;24023;1.493
10103;17975;1.473
38176;7499;1.362
24246;7479;1.391
17554;24077;1.315
58779;9729;1.488
58453;9925;1.511
4862;9925;1.378
4641;55331;1.417
4637;9266;1.530
38197;4637;1.524
131334;55536;1.357
10098;9304;1.519
45816;7617;1.459
45572;4862;1.401
3662;7479;1.395
3662;4515;1.304
24399;45572;1.363
24399;38176;1.420
10118;9293;1.471
10032;133380;1.396
4645;9293;1.444
45474;5017;1.530
2042;7468;1.173
132742;9263;1.262
4760;9584;1.415
4637;9269;1.535
58453;9381;1.528
4862;9381;1.502
4637;9229;1.525
24077;9908;1.358
17619;4515;1.374
10238;4635;1.477
132742;9266;1.334
4641;59337;1.452
45816;55945;1.447
133448;9513;1.478
131334;4658;1.370
10238;4637;1.510
58815;9925;1.392
4760;58815;1.393
4515;45932;1.467
24399;4862;1.445
23881;7499;1.421
133372;3662;1.452
132837;2706;1.418
132742;9269;1.499
132742;23881;1.393
58453;9304;1.534
4862;9304;1.516
132742;9229;1.273
7617;9908;1.385
45932;4760;1.467
45572;7479;1.192
38197;4058;1.478
17444;9584;1.497
133380;24115;1.514
132899;4658;1.413
10103;2706;1.474
10099;2706;1.402
58815;9381;1.505
4058;4641;1.491
17814;4760;1.270
38176;4760;1.400
17924;24115;1.521
132837;45474;1.538
10098;45474;1.535
2706;4635;1.495
58815;9304;1.523
4641;4645;1.463
4058;4645;1.394
17888;58453;1.513
10238;4058;1.356
2706;58779;1.426
2706;4637;1.515
24399;4515;1.378
133372;58933;1.379
55945;55953;1.378
17619;5017;1.368
17924;4862;1.334
10099;58453;1.521
133380;7617;1.299
7468;9584;1.357
45932;58933;1.477
24236;58453;1.524
17814;38197;1.458
17444;2042;1.475
9229;9263;1.376
59337;7479;1.260
55350;7468;1.444
23881;4760;1.420
17888;55536;1.376
133448;45816;1.484
131334;132742;1.151
38197;9908;1.497
23709;7499;1.304
9229;9266;1.432
17975;4528;1.237
10099;55536;1.435
9266;9925;1.418
55350;58779;1.470
3662;9513;1.398
17444;58453;1.535
132837;17975;1.413
131334;9925;1.331
10238;17975;0.952
10032;24246;1.436
55945;9263;1.400
4637;7617;1.530
2706;4058;1.409
9229;9269;1.508
4635;58933;1.494
4528;4641;1.463
17924;7479;1.420
17924;4515;1.368
17619;9513;1.361
9266;9381;1.516
55945;9266;1.430
132899;9925;1.376
131334;9381;1.490
10238;9908;1.318
55331;9729;1.409
24399;5017;1.451
55953;9293;1.445
55945;59337;1.340
4528;4645;1.141
17444;55536;1.491
10098;7468;1.388
55945;9269;1.511
4635;4637;1.530
9381;9908;1.505
55945;9229;1.385
45572;45816;1.438
133380;58815;1.351
132899;9381;1.505
9266;9304;1.525
132742;17444;1.469
131334;9304;1.513
132899;58779;1.429
10032;17619;1.404
10032;2706;1.373
38197;5017;1.462
17924;58815;1.424
17814;24023;1.347
17444;3662;1.490
24115;9584;1.524
132899;9304;1.518
10103;132837;1.494
133380;55350;1.463
9269;9729;1.511
58453;7468;1.506
45346;7540;1.290
2706;9908;1.385
132837;7479;1.424
24399;9513;1.427
132837;133380;1.420
17888;2706;1.284
10238;5017;1.277
10103;7479;1.491
10099;7479;1.437
24077;4528;1.218
45932;9729;1.504
38176;45932;1.499
3662;45346;1.370
133380;4658;1.389
10032;10118;1.284
24236;7540;1.385
17814;9729;1.429
10118;24115;1.512
9729;9908;1.491
38176;9729;1.462
24077;45346;1.334
17975;9293;1.434
10098;17814;1.396
10026;7540;1.522
10118;4641;1.473
4515;55953;1.330
4515;4760;1.268
23881;24077;1.419
17924;9513;1.346
4637;4658;1.531
45932;55350;1.520
2706;5017;1.351
58779;9925;1.459
4058;45932;1.510
10118;4645;1.308
55945;7617;1.396
4635;9908;1.509
23709;58933;1.236
132742;58779;1.427
4641;58453;1.519
4658;9293;1.479
23881;9729;1.471
132742;4658;1.382
23709;24115;1.514
10032;4862;1.448
7479;9293;1.440
55536;55953;1.377
4862;7617;1.316
4515;55331;1.022
3662;38176;1.427
133448;4635;1.505
24077;38176;1.400
133372;45572;1.397
133372;38176;1.455
133448;4637;1.529
24115;3662;1.519
133380;9925;1.350
10032;45932;1.508
58815;7617;1.419
17554;4760;1.279
10103;38197;1.512
58779;58933;1.416
10026;24077;1.524
10099;132899;1.420
10032;4515;1.385
10032;7479;1.393
4635;5017;1.499
133372;2706;1.391
17814;55536;1.340
133380;9381;1.501
132899;7468;1.133
2042;45932;1.487
10118;58815;1.298
10026;17444;1.532
9293;9925;1.432
4637;9925;1.525
10098;55953;1.389
4528;45474;1.517
23709;9729;1.454
17888;7479;1.392
133448;4058;1.492
133380;9304;1.506
55536;7499;1.401
9293;9381;1.516
4637;9381;1.538
2042;7540;1.255
24246;58933;1.324
23881;58779;1.438
17554;58933;1.135
132742;9925;1.262
10118;55350;1.439
45346;55945;1.375
4058;7499;1.418
24077;24399;1.431
133372;24399;1.452
10099;17554;1.404
3662;55945;1.417
17554;24115;1.509
10098;55331;1.341
9293;9304;1.520
4637;9304;1.536
132742;9381;1.499
58933;7479;1.226
3662;4635;1.499
10103;24023;1.490
24236;38197;1.494
58779;9263;1.459
3662;4637;1.526
55331;55953;1.243
17619;4635;1.495
131334;7617;1.362
4760;58933;1.320
17444;17554;1.473
132837;59337;1.420
132742;9304;1.506
10098;59337;1.345
58779;9266;1.445
45816;7468;1.416
17619;4637;1.523
4515;9729;1.431
23709;55350;1.462
133448;9908;1.502
10032;17814;1.378
58779;9269;1.521
58779;9229;1.453
45572;4635;1.497
131334;23881;1.396
4641;4760;1.467
4058;4760;1.435
24399;45346;1.379
133380;24236;1.380
133372;4862;1.437
10032;9513;1.421
45572;4637;1.518
10026;58779;1.525
4528;7499;1.301
3662;4058;1.443
132837;38197;1.500
10238;38197;1.417
17924;24236;1.443
55350;7540;1.465
45346;9584;1.398
2706;58815;1.128
24246;4862;1.340
9229;9925;1.376
17619;4058;1.418
45346;45816;1.417
24399;4635;1.504
17444;2706;1.483
55331;59337;0.923
4515;45474;1.509
4058;55953;1.406
17975;4641;1.457
133448;45932;1.506
24399;4637;1.521
24115;58779;1.524
132742;132899;1.191
9229;9381;1.508
133448;5017;1.473
133372;7479;1.408
133372;4515;1.397
55945;9925;1.400
45932;7499;1.493
24236;9584;1.442
23709;45572;1.299
17975;4645;1.228
17554;9729;1.432
9584;9925;1.415
55350;58815;1.380
4637;55953;1.528
24246;4515;1.346
9229;9304;1.513
55945;9381;1.509
133380;7468;1.220
10026;9584;1.528
10098;7540;1.387
4058;55331;1.356
7499;9584;1.381
4528;4760;1.355
3662;9908;1.447
23709;4658;1.413
17924;4635;1.509
132899;133448;1.480
24399;4058;1.464
24246;55350;1.485
17554;55350;1.444
132837;24023;1.450
10238;24023;1.274
10103;58453;1.528
55945;9304;1.511
45572;45932;1.486
17924;4637;1.523
17619;9908;1.440
10026;132742;1.518
45816;9584;1.469
4637;7468;1.513
4637;55331;1.510
17888;23881;1.379
133380;58933;1.221
58779;7617;1.461
58453;7540;1.509
55331;9263;1.252
5017;55945;1.375
132899;58815;1.233
17924;58933;1.353
132899;24077;1.354
10099;23881;1.444
10103;55536;1.492
2042;55953;1.338
10026;2042;1.521
55331;9266;1.163
131334;17444;1.483
10118;7499;1.090
4760;55350;1.461
4645;7499;1.290
4637;59337;1.516
24077;4641;1.472
132899;17444;1.495
55331;9269;1.485
3662;5017;1.403
17924;4058;1.423
55331;9229;1.173
133448;17814;1.443
24077;4645;1.201
24399;9908;1.458
24246;45572;1.388
2042;55331;0.969
17554;45572;1.203
55536;9729;1.438
38197;55945;1.453
24023;4528;1.401
24399;55945;1.411
24115;2706;1.508
55953;59337;1.281
10032;10238;1.278
4641;9729;1.494
4058;9729;1.482
45572;5017;1.377
24246;9513;1.358
45932;9263;1.467
24236;3662;1.484
17444;7479;1.482
10118;24236;1.426
10118;4760;1.392
10098;17975;1.391
4645;4760;1.351
4528;55953;1.270
24236;55536;1.481
2042;9584;1.371
17814;9263;1.269
45932;9266;1.505
45474;58779;1.538
38176;9263;1.399
23881;24115;1.519
17975;23881;1.361
10026;3662;1.525
17924;9908;1.402
17814;9266;1.345
132742;58815;1.289
45932;9269;1.529
38176;9266;1.407
132742;24077;1.294
45932;9229;1.492
132837;58453;1.524
132837;4862;1.449
132742;7617;1.350
10238;58453;1.497
10098;58453;1.522
38176;45474;1.514
17814;9269;1.500
38176;9269;1.509
17814;9229;1.283
131334;58779;1.427
10103;4862;1.483
10099;4862;1.408
45572;9513;1.371
4528;55331;1.123
38176;9229;1.384
7468;7479;1.225
23709;24236;1.430
7540;9584;1.308
58933;59337;1.173
55945;7468;1.348
23881;9263;1.420
10032;132899;1.398
132837;55536;1.440
10238;55536;1.290
55331;7617;1.285
4528;9729;1.464
4515;7499;1.288
133448;55953;1.472
132899;7540;1.315
38197;45816;1.490
23881;9266;1.443
10118;132742;1.291
4862;7468;1.337
4528;59337;1.217
4058;45474;1.535
132837;4515;1.411
17924;5017;1.410
55953;7499;1.354
23881;9269;1.512
17924;55350;1.482
10103;4515;1.475
10099;4515;1.400
23881;9229;1.406
10026;24115;1.534
10032;4635;1.504
24023;9293;1.473
10103;133372;1.506
10118;58933;1.252
10032;4637;1.522
59337;9513;1.290
55350;9584;1.486
133448;55331;1.427
58815;7468;1.088
5017;9729;1.442
17619;23881;1.418
133372;45346;1.401
45572;55953;1.383
17975;24077;1.291
23881;58815;1.388
7499;7540;1.300
23709;9263;1.360
10032;45474;1.525
4862;55953;1.299
24115;7479;1.515
17554;7499;1.299
45474;9293;1.537
2042;3662;1.381
133380;45572;1.311
133380;38176;1.366
23709;9266;1.426
17814;23881;1.398
10032;4058;1.465
45816;7540;1.444
17814;7617;1.357
10099;5017;1.430
10098;9584;1.435
38176;7617;1.438
23881;55350;1.478
17924;45572;1.423
17924;38176;1.437
17554;24236;1.419
58779;9381;1.516
45572;55331;0.951
23709;9269;1.499
2042;45474;1.512
23709;9229;1.280
9263;9513;1.371
4862;55331;1.273
133372;17888;1.428
10118;9729;1.459
58779;9304;1.523
4645;9729;1.463
4641;55536;1.474
4637;58453;1.536
38197;4528;1.464
10032;17975;1.358
58453;9584;1.521
4862;9584;1.354
132837;9513;1.449
10103;17554;1.477
4515;59337;1.212
23881;7617;1.415
17888;4862;1.379
131334;7468;1.148
4862;59337;1.306
4515;9263;1.267
10103;9513;1.471
10099;9513;1.408
10026;58815;1.529
10098;2042;1.396
10098;133380;1.384
4658;7499;1.399
24077;9293;1.450
10032;9908;1.459
4658;55953;1.406
45346;45932;1.483
4515;9266;1.352
2706;58933;0.988
24023;24077;1.422
133380;24399;1.399
10238;4528;1.123
7479;7499;1.338
58815;9584;1.423
17619;24077;1.389
4515;9269;1.500
17924;24399;1.460
10026;55350;1.534
55536;59337;1.352
4515;9229;1.295
24115;58815;1.516
17975;4760;1.323
7617;9293;1.455
17888;4515;1.341
133380;7540;1.136
17975;58779;1.418
133372;4635;1.502
132837;132899;1.438
4658;55331;1.313
55350;58933;1.444
4641;7499;1.470
133372;4637;1.524
45932;4658;1.504
2706;4528;1.255
24246;4635;1.512
4637;7540;1.518
23709;7617;1.361
17554;9263;1.277
10032;5017;1.446
55945;58453;1.520
4658;4760;1.428
24246;4637;1.523
17814;4658;1.386
38176;4658;1.445
24077;55945;1.396
133372;55945;1.434
10098;3662;1.438
55331;9925;1.252
17554;9266;1.357
24236;2706;1.413
133448;45474;1.528
17554;9269;1.502
10026;45572;1.522
55331;9381;1.479
38197;9293;1.504
23709;45346;1.279
17888;5017;1.362
17554;9229;1.301
133372;4058;1.465
132899;58933;1.134
10026;2706;1.516
9266;9584;1.472
131334;9584;1.371
38176;55953;1.424
132899;24115;1.513
55953;9729;1.454
24246;4058;1.428
23881;4658;1.447
132837;17554;1.412
10238;17554;1.042
10118;45572;1.301
10118;38176;1.371
55331;9304;1.495
24077;4760;1.377
9269;9925;1.506
58779;7468;1.416
4635;55945;1.495
24023;4641;1.484
132899;9584;1.405
10238;9293;1.385
10098;38197;1.477
4645;55953;1.266
24023;58779;1.473
17619;58779;1.448
133448;17975;1.467
9269;9381;1.508
24023;4645;1.398
38176;55331;1.184
17888;9513;1.367
45932;9925;1.467
3662;45816;1.429
10103;131334;1.474
10103;23881;1.494
2706;55350;1.450
17814;9925;1.269
9269;9304;1.535
4645;55331;1.111
45816;45932;1.501
38176;9925;1.399
24077;45816;1.462
23709;38176;1.348
17814;58779;1.429
55536;9263;1.347
45932;9381;1.523
45474;4641;1.535
5017;7499;1.370
38176;59337;1.363
2706;9293;1.435
132899;2042;1.258
24246;9908;1.375
17814;9381;1.500
58933;9513;1.296
55536;9266;1.449
4641;9263;1.467
45474;58815;1.519
4058;9263;1.435
38176;9381;1.510
45474;4645;1.514
10118;24399;1.316
4645;59337;1.217
45932;9304;1.536
132742;58933;1.071
55536;9269;1.510
4641;9266;1.492
4058;9266;1.438
24246;45346;1.366
23881;24236;1.480
17975;9729;1.440
17554;45346;1.180
10098;24023;1.457
55945;7540;1.372
55536;9229;1.399
45346;7479;1.254
17814;9304;1.506
10032;55953;1.437
38176;9304;1.517
23881;9925;1.420
132742;24115;1.508
4641;9269;1.520
4058;9269;1.520
4058;59337;1.357
131334;58815;1.251
4641;9229;1.471
4058;9229;1.410
131334;24077;1.306
4862;7540;1.293
4760;4862;1.378
2042;2706;1.205
133372;5017;1.387
23881;9381;1.508
45572;9908;1.417
4515;58453;1.507
38197;45932;1.516
2706;45572;1.226
24236;7479;1.417
132742;7468;1.071
131334;3662;1.368
4658;9729;1.476
24246;5017;1.420
23709;24399;1.402
10032;55331;1.278
7479;9729;1.459
4635;9293;1.521
23881;9304;1.520
132899;55350;1.466
10026;7479;1.522
58815;7540;1.357
17444;4862;1.498
132899;3662;1.404
132837;4635;1.526
4528;9263;1.354
4515;55536;1.343
4515;4658;1.396
17444;23881;1.499
4760;7479;1.363
132837;4637;1.529
10103;4635;1.519
10099;4635;1.508
55536;58453;1.516
55331;7468;0.923
24246;38176;1.411
17554;38176;1.335
10099;132742;1.389
10032;59337;1.384
4528;9266;1.425
133372;9513;1.430
10103;4637;1.529
10099;4637;1.527
10026;24236;1.529
9304;9729;1.530
23709;9925;1.360
59337;9908;1.371
4528;9269;1.504
133448;4528;1.480
132837;23881;1.477
10238;23881;1.352
4528;9229;1.191
23881;58933;1.359
2042;59337;1.259
17444;4515;1.472
133380;9584;1.307
23709;9381;1.500
17975;24115;1.506
133372;23709;1.411
55536;7617;1.394
5017;9263;1.370
132837;4058;1.473
17888;24077;1.381
132899;45572;1.269
10103;4058;1.500
10099;4058;1.357
5017;9266;1.421
4058;7617;1.422
23709;9304;1.507
9293;9584;1.471
4637;9584;1.528
17554;4658;1.397
38197;4641;1.490
2042;38197;1.446
10099;24077;1.404
5017;9269;1.507
5017;9229;1.387
24246;24399;1.435
24077;24246;1.309
17554;24399;1.383
133372;24246;1.450
133372;17924;1.452
131334;7540;1.264
133380;2042;1.245
132742;55350;1.439
10026;10103;1.528
4515;9925;1.267
38197;4645;1.462
17814;7468;1.111
132742;9584;1.369
10099;17444;1.508
9263;9908;1.426
38176;7468;1.336
10098;55536;1.430
10238;4641;1.417
10098;2706;1.399
17444;24077;1.491
133380;45346;1.279
4515;9381;1.501
24399;45816;1.474
10118;9263;1.391
10026;58933;1.513
4645;9263;1.350
2042;7479;1.278
132837;9908;1.469
4760;9513;1.372
45816;55953;1.446
3662;4528;1.375
17924;45346;1.390
10238;4645;1.111
10118;9266;1.398
10103;9908;1.484
10099;9908;1.452
55331;58453;1.497
4645;9266;1.421
24115;4862;1.514
133372;17619;1.430
4515;9304;1.506
24023;24115;1.521
17619;4528;1.368
4528;7617;1.304
23881;7468;1.359
10118;9269;1.503
4645;9269;1.503
24115;58933;1.506
17619;24115;1.512
133448;9293;1.497
10118;9229;1.334
4645;9229;1.173
2042;24023;1.344
2706;4641;1.459
17975;58815;1.104
17444;9513;1.497
55331;55536;1.290
45816;55331;1.378
38176;58453;1.518
17888;4635;1.500
132742;45572;1.148
17554;9925;1.277
133380;17888;1.349
10238;133448;1.427
17888;4637;1.527
133448;59337;1.459
133380;3662;1.380
2706;4645;1.247
24115;4515;1.509
4645;58453;1.508
45932;7617;1.490
132837;5017;1.456
24023;7499;1.376
17975;55350;1.446
17888;58779;1.448
17554;9381;1.502
10118;23709;1.320
9229;9584;1.328
45346;45474;1.517
10103;5017;1.495
4641;4658;1.492
4058;4658;1.389
4058;58453;1.521
24399;4528;1.406
10099;58779;1.413
132899;133372;1.416
7468;9513;1.296
24236;58779;1.490
17975;7499;1.239
17554;9304;1.508
133448;38197;1.469
55945;9584;1.428
55350;7479;1.469
23709;7468;1.236
17888;4058;1.434
58779;7540;1.444
45572;59337;1.260
4058;55536;1.440
132742;3662;1.302
4635;4641;1.507
45474;7499;1.516
17444;58779;1.511
3662;9293;1.448
132899;24236;1.426
4635;4645;1.503
24023;58815;1.396
24023;4760;1.418
17924;4528;1.314
4637;55536;1.527
17619;9293;1.472
10118;7617;1.391
10032;58453;1.522
55953;9263;1.345
4645;7617;1.299
17619;58815;1.389
10098;7479;1.432
3662;45932;1.479
23881;45572;1.438
23881;38176;1.452
55953;58453;1.509
4528;4658;1.393
10026;45346;1.521
55953;9266;1.438
55536;9925;1.347
133380;55945;1.367
24077;45932;1.494
24023;55350;1.481
2042;58453;1.510
17888;9908;1.430
133448;24023;1.483
55953;9269;1.506
4641;9925;1.467
4058;9925;1.435
17924;55945;1.411
17814;58815;1.296
17619;55350;1.450
132899;2706;1.160
55953;9229;1.299
55536;9381;1.505
24115;9513;1.506
17814;24077;1.305
10118;45346;1.301
45474;4760;1.519
58453;7479;1.510
24115;55350;1.526
24077;7499;1.342
133372;133380;1.413
4641;9381;1.513
45474;58933;1.510
4058;9381;1.515
10026;133448;1.528
2042;55536;1.371
55536;9304;1.516
24399;9293;1.497
58933;9908;1.372
4658;59337;1.336
4641;9304;1.523
4058;9304;1.519
58815;59337;1.288
132742;7540;1.244
131334;58933;1.148
45932;55945;1.499
23881;24399;1.468
17554;23709;1.277
10026;38176;1.524
17975;9263;1.322
132742;24236;1.407
131334;24115;1.503
10118;17888;1.377
4528;58453;1.508
17975;9266;1.330
4528;9925;1.354
10098;17554;1.405
55331;7540;1.135
17924;9293;1.466
10032;132742;1.373
24115;45572;1.511
17975;9269;1.499
17975;9229;1.262
4641;58779;1.499
4528;9381;1.501
4515;7617;1.359
10118;4658;1.403
4658;9263;1.427
4645;4658;1.389
4528;55536;1.380
133448;4641;1.493
131334;133448;1.463
7479;9263;1.361
55953;7617;1.301
4658;9266;1.415
9513;9908;1.374
4528;9304;1.507
133448;4645;1.478
131334;2042;1.220
10238;132837;1.351
7479;9266;1.382
45346;4862;1.380
2706;45346;1.181
133372;9908;1.473
5017;9925;1.370
4658;9269;1.513
38197;45474;1.538
133448;58453;1.527
133372;45816;1.479
10098;132899;1.417
10026;24399;1.524
4658;9229;1.408
7479;9269;1.510
24023;9729;1.457
7479;9229;1.343
17444;4635;1.519
5017;9381;1.505
17975;24236;1.406
17444;4637;1.525
10098;10099;1.361
24236;4862;1.433
133448;55536;1.460
132899;7479;1.303
10032;4528;1.404
17888;24115;1.510
17814;7540;1.254
17554;7617;1.359
5017;9304;1.520
38176;7540;1.371
10118;55945;1.324
10026;4862;1.524
45474;55350;1.539
38197;4760;1.473
38176;38197;1.474
133380;2706;1.247
55536;7468;1.359
10099;24115;1.521
45572;58453;1.515
45474;9729;1.534
45346;55953;1.360
10118;9925;1.391
4645;9925;1.350
4058;7468;1.399
3662;55953;1.383
3662;4641;1.474
2706;38176;1.351
4862;58453;1.513
45816;4862;1.456
24399;45932;1.508
24236;4515;1.418
17444;4058;1.511
58779;9584;1.478
131334;55350;1.374
10238;4760;1.254
17619;4641;1.473
10118;9381;1.502
4645;9381;1.501
45572;55536;1.379
3662;4645;1.380
23881;7540;1.397
17444;24115;1.532
132899;45346;1.246
10026;4515;1.519
17554;17888;1.345
45346;55331;1.023
23709;55945;1.369
133380;23709;1.245
4862;55536;1.396
17619;4645;1.359
10103;24077;1.479
4760;9908;1.426
10118;9304;1.504
4645;9304;1.506
45572;4641;1.458
17924;23709;1.370
4658;7617;1.418
45816;7479;1.443
45474;45572;1.513
24023;24236;1.457
10103;17444;1.513
7479;7617;1.403
45346;59337;1.207
17975;58933;0.952
10098;23881;1.442
45572;4645;1.310
2706;4760;1.334
24077;9729;1.475
17619;24236;1.465
133380;24246;1.273
133380;17924;1.308
4635;7499;1.497
24236;5017;1.474
17444;9908;1.511
10118;45816;1.441
4528;7468;1.226
24399;4641;1.487
24115;24236;1.526
10032;38197;1.474
17924;24246;1.354
131334;45572;1.205
10032;9293;1.498
4658;58453;1.522
24115;4635;1.520
17888;58815;1.315
7617;9729;1.459
45346;9513;1.349
132899;38176;1.380
4641;7617;1.471
24399;4645;1.399
24115;4637;1.538
23709;7540;1.253
4760;5017;1.371
10099;58815;1.429
2042;4862;1.352
24236;58815;1.445
4658;55536;1.436
45932;7468;1.477
17888;55350;1.463
133380;17619;1.359
132742;45346;1.115
7468;9908;1.372
24236;9513;1.443
23709;45816;1.447
133372;4528;1.413
17924;4641;1.477
10099;55350;1.456
24246;55945;1.421
17975;4658;1.383
17554;55945;1.384
17444;58815;1.492
17444;5017;1.505
4635;4760;1.490
133380;7479;1.314
10026;9513;1.522
55953;9925;1.345
24246;4528;1.284
24115;4058;1.522
7499;9513;1.324
2042;4515;1.219
17924;4645;1.308
131334;132837;1.419
24023;58933;1.350
10032;24023;1.441
55331;9584;1.300
38197;9729;1.493
10103;58779;1.508
55953;9381;1.497
17619;58933;1.342
17444;55350;1.525
5017;55953;1.368
45816;9513;1.454
132899;24399;1.376
132837;24077;1.430
10238;24077;1.196
4637;7479;1.520
4760;55945;1.401
132742;2042;1.175
132742;17888;1.328
55953;9304;1.510
17888;45572;1.384
132837;17444;1.496
10238;9729;1.409
10238;17444;1.451
17814;58933;1.111
132742;38176;1.312
10118;7468;1.251
10026;23709;1.521
4645;7468;1.220
10099;45572;1.432
9381;9729;1.510
9269;9584;1.504
5017;55331;1.277
17814;24115;1.509
24115;9908;1.519
2042;5017;1.357
45816;59337;1.403
38197;55953;1.464
38176;55536;1.422
5017;7617;1.390
24399;55953;1.441
23881;45346;1.406
10238;131334;0.924
3662;45474;1.522
24246;45816;1.472
24077;4658;1.411
17975;9925;1.322
17554;45816;1.401
133448;7499;1.475
133448;17554;1.444
5017;59337;1.344
45932;9584;1.497
4645;55536;1.377
2706;9729;1.443
24077;45474;1.524
17814;9584;1.375
38176;9584;1.441
17975;9381;1.498
10098;4862;1.408
10118;24246;1.385
10118;17924;1.399
38197;55331;1.417
24399;55331;1.274
24246;9293;1.463
2042;9513;1.313
132742;24399;1.364
131334;24236;1.414
4658;9925;1.427
24115;5017;1.512
17975;9304;1.505
7479;9925;1.361
4641;58815;1.483
38197;59337;1.445
17975;45572;1.204
17975;38176;1.340
4658;9381;1.509
23881;9584;1.446
132837;58779;1.491
10238;58779;1.398
10098;4515;1.402
10098;58779;1.419
17814;2042;1.201
133448;4760;1.444
7479;9381;1.511
131334;2706;1.176
10118;17619;1.315
45346;58453;1.514
23709;24246;1.328
133372;45932;1.511
9304;9925;1.513
7540;9513;1.273
55945;7479;1.419
4658;9304;1.521
4635;9729;1.507
45572;9293;1.452
10032;55536;1.449
4515;7468;1.132
7479;9304;1.510
10032;4641;1.488
9304;9381;1.536
4862;7479;1.402
24115;45346;1.512
55953;7468;1.316
17619;7499;1.302
10103;133380;1.471
132837;4528;1.422
10032;4645;1.396
55536;7540;1.383
17814;55350;1.440
24023;9263;1.418
10103;4528;1.472
10099;4528;1.389
10026;17888;1.519
10098;5017;1.422
55350;9513;1.461
4058;7540;1.397
17975;24399;1.364
58815;7479;1.359
45346;4635;1.495
24023;9266;1.457
23709;9584;1.370
59337;9293;1.432
17888;24236;1.473
45346;4637;1.517
17814;3662;1.307
24023;9269;1.505
24023;45572;1.362
24023;38176;1.413
24023;9229;1.411
10099;24236;1.464
3662;4760;1.322
23881;55945;1.420
17619;45572;1.390
17619;38176;1.406
17554;7468;1.135
45474;9263;1.519
24399;7499;1.313
24236;4635;1.514
133380;45816;1.442
24115;38176;1.518
17619;4760;1.396
24236;4637;1.525
17554;24246;1.343
17554;17924;1.369
10098;9513;1.406
45474;9266;1.526
17924;45816;1.462
131334;4862;1.354
10026;4635;1.532
10026;10032;1.521
17814;45572;1.174
17444;24236;1.511
133372;17814;1.393
23881;3662;1.434
132899;23709;1.309
10026;4637;1.532
45474;9269;1.549
38197;7499;1.456
10103;24115;1.528
45572;4760;1.351
45474;9229;1.522
132899;4862;1.380
4528;7540;1.161
4515;9584;1.376
9263;9293;1.432
45816;4635;1.510
4637;58779;1.526
10118;45932;1.496
58453;9513;1.510
4862;9513;1.326
45816;4637;1.527
24399;45474;1.515
24236;4058;1.471
24023;24399;1.445
17554;17619;1.380
131334;7479;1.236
131334;4515;1.192
10238;7499;1.054
132837;9293;1.447
10099;10103;1.499
4658;7468;1.380
45816;58453;1.525
24399;4760;1.440
17619;24399;1.409
10238;133372;1.325
10026;55945;1.523
24077;9263;1.377
17888;58933;1.275
133448;9729;1.477
10026;4058;1.527
10103;9293;1.507
10099;9293;1.477
45932;7540;1.487
132899;4515;1.233
24115;24399;1.518
58815;9513;1.398
24077;9266;1.445
133372;4641;1.487
10099;58933;1.391
45346;9908;1.394
45816;55536;1.435
24236;58933;1.404
24023;7617;1.436
7617;9263;1.380
24077;9269;1.502
23709;45932;1.492
23709;3662;1.389
24246;4641;1.481
24077;9229;1.237
133372;4645;1.412
10118;133448;1.477
2706;7499;1.260
17888;4528;1.354
17554;9584;1.377
7617;9266;1.446
4641;7468;1.456
17975;7617;1.346
17924;4760;1.397
17444;58933;1.477
24246;4645;1.273
24236;9908;1.442
132742;23709;1.244
131334;45346;1.215
7617;9269;1.509
24077;55953;1.302
133372;55953;1.429
7617;9229;1.322
38197;58453;1.527
55945;58779;1.448
10026;9908;1.524
45474;7617;1.528
2042;4635;1.489
10103;58815;1.493
7499;9908;1.410
45346;5017;1.383
3662;55331;1.296
2042;4637;1.516
132742;2706;1.111
10118;7540;1.314
4645;7540;1.136
132837;24115;1.529
132742;17924;1.361
132742;133448;1.443
10238;24115;1.492
10026;45816;1.530
45816;9908;1.484
38197;9263;1.472
3662;9729;1.448
24077;55331;1.196
133372;55331;1.325
10103;55350;1.514
9266;9513;1.433
131334;9513;1.314
4635;55953;1.497
38197;9266;1.478
3662;59337;1.359
17619;9729;1.457
131334;17888;1.324
10026;132837;1.530
10032;17554;1.384
132899;17888;1.347
58779;7479;1.459
38197;9269;1.521
24077;59337;1.275
132899;9513;1.365
131334;38176;1.342
10238;9263;1.252
38197;9229;1.469
2042;4058;1.405
10026;5017;1.524
24246;45932;1.503
17814;24236;1.413
17554;45932;1.467
2706;55945;1.356
133380;4862;1.288
132742;17619;1.363
10238;9266;1.163
10026;133372;1.522
24077;7617;1.323
55536;9584;1.428
4635;55331;1.477
24023;4658;1.454
10238;9269;1.485
45816;5017;1.454
17888;9293;1.451
17888;45346;1.359
10238;9229;1.173
4641;9584;1.486
4058;9584;1.440
5017;7468;1.341
4637;4862;1.524
24399;9729;1.479
10103;45572;1.490
10099;45346;1.402
58453;59337;1.507
4635;59337;1.489
2706;9263;1.332
55350;55945;1.451
24236;55350;1.502
133380;4515;1.257
10032;10098;1.464
10032;10099;1.462
2706;9266;1.340
58933;9293;1.434
23881;24246;1.435
2042;9908;1.376
132742;4862;1.344
4641;58933;1.456
45474;4658;1.529
17814;2706;1.141
131334;24399;1.365
2706;9269;1.502
132837;58815;1.439
10238;58815;0.920
10098;58815;1.430
4515;7540;1.269
2706;9229;1.277
10098;24077;1.403
10098;4635;1.507
131334;133372;1.341
17924;9729;1.468
10098;4637;1.531
55953;7540;1.279
17888;38176;1.419
132899;55945;1.396
10098;17444;1.514
4515;58779;1.434
2706;45816;1.424
132837;55350;1.498
132837;4641;1.492
10238;55350;1.336
4528;9584;1.313
132742;7479;1.169
132742;4515;1.023
7540;9908;1.332
10099;4641;1.487
10032;4760;1.445
10099;38176;1.451
10103;4641;1.481
24023;9925;1.418
23881;2706;1.365
4635;9263;1.489
24236;45572;1.370
132837;4645;1.420
17975;45346;1.158
10099;4645;1.385
10103;4645;1.471
4635;9266;1.510
24023;9381;1.507
55536;58779;1.461
55331;7479;1.056
10026;17924;1.523
10026;24246;1.524
10098;4058;1.373
17444;45572;1.478
17444;38176;1.482
10118;10238;1.089
10118;132837;1.442
4637;5017;1.526
4635;9269;1.532
17554;7540;1.274
4635;9229;1.510
133372;9293;1.493
133372;45474;1.527
10032;23881;1.464
55350;9908;1.496
5017;9584;1.421
24023;9304;1.520
45474;9925;1.519
133380;9513;1.257
17888;24399;1.445
133380;45932;1.486
10238;45572;0.951
17444;4528;1.486
45474;9381;1.550
2042;23881;1.400
17924;45932;1.498
10026;17619;1.522
10099;24399;1.463
23709;2706;1.258
132899;45816;1.438
132742;55945;1.369
9293;9513;1.463
4637;9513;1.523
24399;59337;1.382
45474;9304;1.540
10098;9908;1.445
133372;17975;1.385
24023;45346;1.366
17444;24399;1.500
10118;9584;1.385
4658;7540;1.393
4645;9584;1.307
4641;55350;1.510
3662;58453;1.515
24246;7499;1.379
17814;7479;1.186
132742;9513;1.317
10103;24236;1.504
4637;58815;1.524
38176;7479;1.381
17619;45346;1.368
7479;7540;1.319
38197;4658;1.479
3662;7499;1.408
24077;9925;1.377
24399;38197;1.483
24077;58453;1.514
10026;10118;1.521
45346;55536;1.371
58453;9908;1.512
4862;9908;1.397
131334;4635;1.494
24077;9381;1.498
17814;45346;1.150
131334;4637;1.516
7617;9925;1.380
55331;58779;1.398
4760;9293;1.433
4635;7617;1.502
10238;4658;1.313
17888;4641;1.479
132899;4635;1.503
4641;7540;1.465
23881;7479;1.434
133372;4760;1.435
10118;2042;1.272
45572;7499;1.288
24077;9304;1.516
133448;9263;1.444
132899;4637;1.517
10026;131334;1.518
7617;9381;1.502
58815;9908;1.435
133380;17814;1.245
17888;4645;1.348
17619;17888;1.368
10032;9729;1.484
38176;58779;1.464
24246;4760;1.409
2042;24077;1.299
17975;55945;1.352
133448;9266;1.477
132742;45816;1.393
17444;9293;1.503
7617;9304;1.510
23709;4862;1.358
133448;9269;1.524
131334;4058;1.399
4862;5017;1.385
4645;58779;1.442
24023;7468;1.350
133448;9229;1.489
2706;4658;1.392
24115;4528;1.515
133448;23881;1.485
10099;133448;1.491
9229;9513;1.296
55945;58815;1.392
132899;133380;1.310
132899;4058;1.421
131334;23709;1.249
10103;58933;1.471
4058;58779;1.414
38197;9925;1.472
17814;38176;1.319
59337;7499;1.279
17975;7468;0.952
10026;45932;1.535
55945;9513;1.368
23709;45474;1.511
7468;9293;1.434
38197;9381;1.518
23709;7479;1.322
23709;4515;1.270
10118;3662;1.418
45474;7468;1.510
132837;24236;1.482
10238;9925;1.252
10238;24236;1.347
17924;7499;1.393
131334;17924;1.375
55953;9584;1.351
9908;9925;1.426
9266;9908;1.460
38197;9304;1.524
3662;9263;1.321
132899;24246;1.360
132899;17924;1.397
131334;9908;1.393
9381;9925;1.502
10238;9381;1.479
3662;9266;1.440
24023;55945;1.449
17619;9263;1.395
10032;58779;1.475
5017;58453;1.520
4635;4658;1.506
133380;55953;1.266
132899;9908;1.411
23881;45816;1.462
17619;55945;1.276
55953;58779;1.448
5017;7540;1.374
3662;9269;1.514
17619;9266;1.427
10238;9304;1.495
3662;9229;1.401
17924;55953;1.327
17814;24399;1.372
2706;9925;1.332
24115;55945;1.512
131334;17619;1.336
2042;58779;1.435
17619;9269;1.511
5017;55536;1.373
17619;9229;1.379
133448;7617;1.478
132899;17619;1.392
10103;132899;1.484
133448;24077;1.486
132837;7499;1.440
2706;9381;1.500
24077;7468;1.284
17888;23709;1.356
133380;55331;1.113
24115;9293;1.529
131334;5017;1.293
10103;7499;1.477
10099;7499;1.412
133448;17444;1.488
133380;4635;1.503
10099;23709;1.412
24399;9263;1.440
24399;58453;1.523
24246;45474;1.527
17554;45474;1.510
9729;9925;1.430
2706;9304;1.509
17975;9584;1.361
133380;4637;1.518
132899;5017;1.389
45932;55953;1.482
132837;58933;1.411
10238;58933;0.924
10098;58933;1.388
24399;9266;1.444
24246;9729;1.478
10118;17814;1.298
38197;55536;1.473
17554;2042;1.228
132742;24246;1.332
10098;24115;1.521
2706;45932;1.481
24399;9269;1.521
24399;55536;1.455
24399;9229;1.414
10103;45346;1.484
4635;9925;1.489
4515;58815;1.308
4528;58779;1.445
132837;4760;1.436
4658;9584;1.434
45932;55331;1.459
17924;9263;1.396
133380;4058;1.395
132742;4635;1.489
10103;4760;1.489
10099;4760;1.429
7479;9584;1.419
4635;9381;1.526
24115;45816;1.523
17975;2042;1.184
133372;59337;1.378
58779;9908;1.485
132742;4637;1.514
4515;55350;1.444
17924;9266;1.457
45572;9729;1.447
55536;58815;1.421
45932;59337;1.476
4635;9304;1.526
3662;38197;1.477
17975;23709;1.244
17924;9269;1.509
17619;7617;1.394
17924;9229;1.329
9304;9584;1.523
17444;4641;1.502
24077;38197;1.471
133372;38197;1.473
133448;58779;1.498
133448;4658;1.490
17554;3662;1.315
10103;38176;1.487
17444;4645;1.485
132742;4058;1.396
10099;132837;1.467
10032;7499;1.284
24236;45346;1.409
17975;24246;1.330
133380;9908;1.329
132899;45932;1.493
45474;55945;1.529
59337;9729;1.442
10118;55953;1.365
17975;3662;1.354
17444;45346;1.469
24399;7617;1.456
17888;7499;1.368
9293;9908;1.477
55536;7479;1.385
4637;9908;1.529
131334;55945;1.344
45572;58779;1.462
10099;17888;1.428
4637;58933;1.514
4058;7479;1.443
10238;45346;1.023
10118;55331;1.089
10098;55350;1.453
4862;58779;1.455
38197;7617;1.472
133380;45474;1.514
133372;24023;1.453
58779;9513;1.453
17554;17814;1.042
132742;9908;1.369
58933;7499;1.232
24236;4528;1.386
23709;55953;1.346
133380;5017;1.368
133380;133448;1.478
10103;24399;1.502
24236;38176;1.466
17924;45474;1.530
17619;23709;1.363
10098;132742;1.391
10026;10238;1.512
3662;4658;1.442
17444;17888;1.503
133448;9925;1.444
10026;4528;1.521
9263;9729;1.430
55331;58815;0.919
10238;7617;1.285
10118;2706;1.277
17888;4760;1.347
17619;4658;1.416
24023;24246;1.436
17814;23709;1.254
133448;9381;1.521
45474;45816;1.534
23709;55331;1.120
132837;9729;1.485
132742;45932;1.466
24023;7540;1.401
17619;24246;1.417
17619;17924;1.406
55331;55350;1.336
38176;58815;1.316
24115;4641;1.522
133380;17975;1.228
10103;9729;1.512
10099;9729;1.483
10032;133448;1.488
4635;7468;1.494
45932;4862;1.492
45572;4658;1.418
24115;24246;1.521
2042;24115;1.508
133448;9304;1.524
132837;45572;1.422
132837;38176;1.464
132742;5017;1.352
10238;38176;1.184
10118;133372;1.421
10098;45572;1.428
4528;7479;1.325
17924;17975;1.357
4645;58815;1.351
24115;4645;1.514
23709;59337;1.281
17975;7540;1.240
17814;4862;1.349
131334;45816;1.422
10032;9263;1.444
4658;58779;1.427
38176;4862;1.426
2706;7617;1.350
55945;58933;1.348
17888;55945;1.373
24236;24399;1.446
10032;9266;1.449
45346;9293;1.433
4058;58815;1.436
132742;132837;1.403
9229;9908;1.347
45474;7540;1.516
24399;4658;1.458
133372;7499;1.414
10099;55945;1.415
10032;9269;1.518
45932;7479;1.491
10032;9229;1.413
24246;55953;1.349
17554;55953;1.339
3662;9925;1.321
17814;4515;1.034
55945;9908;1.444
4058;55350;1.459
38176;4515;1.330
23881;4862;1.415
23709;4635;1.497
132742;133372;1.386
24236;9293;1.500
58779;59337;1.403
23709;4637;1.516
17619;9925;1.395
17444;55945;1.499
133372;58453;1.526
9584;9908;1.411
3662;9381;1.513
132837;24399;1.481
10238;24399;1.274
10026;9293;1.522
3662;55536;1.374
7499;9293;1.468
55331;9513;1.193
4637;55350;1.535
45932;58453;1.524
24246;55331;1.269
23881;45932;1.501
2042;4528;1.259
17924;4658;1.435
17619;9381;1.508
17554;55331;1.042
10032;58815;1.388
4760;55953;1.346
132742;17814;0.996
10032;24077;1.432
3662;9304;1.515
24077;55536;1.401
133372;55536;1.438
10026;45474;1.550
55953;58815;1.403
23881;4515;1.404
45816;9293;1.482
24077;7540;1.216
17619;9304;1.510
10032;17444;1.497
24246;59337;1.331
23709;4058;1.420
2042;58815;1.311
17888;45816;1.443
17554;59337;1.220
4635;58453;1.531
10118;7479;1.348
10118;45474;1.517
4645;7479;1.313
4760;55331;1.254
24399;9925;1.440
10099;45816;1.417
9269;9513;1.503
133448;24115;1.524
2042;55350;1.451
17814;17888;1.332
4635;55536;1.496
24399;9381;1.519
17888;9729;1.447
133448;7468;1.465
4760;59337;1.330
45932;9513;1.487
17554;2706;1.164
24399;9304;1.510
17814;9513;1.321
10099;131334;1.387
38176;9513;1.410
17444;7499;1.487
10118;17975;1.257
17924;9925;1.396
58933;9729;1.439
4515;58933;1.132
132837;133448;1.500
10098;24236;1.462
4528;58815;1.358
24246;9263;1.409
131334;24246;1.351
24115;45932;1.526
17975;2706;1.001
17924;9381;1.507
10103;23709;1.451
4515;4862;1.352
24246;9266;1.453
2042;9293;1.437
17975;45816;1.418
4528;55350;1.466
24246;9269;1.514
23881;9513;1.413
55536;58933;1.359
24246;9229;1.295
17924;9304;1.512
7468;7499;1.232
10098;4528;1.387
45346;58779;1.434
10032;132837;1.475
2706;45474;1.515
45572;9263;1.350
23709;5017;1.367
17444;4760;1.486
4515;7479;1.204
133448;58815;1.469
7540;9293;1.445
17814;55945;1.374
45572;9266;1.398
24023;9584;1.444
23709;58453;1.510
17619;7468;1.342
10098;10103;1.505
55953;7479;1.382
9513;9729;1.461
45572;9269;1.511
45346;4641;1.457
17924;55331;1.301
10026;17814;1.519
10118;131334;1.251
45572;9229;1.341
17554;4862;1.356
133448;55350;1.488
133372;9729;1.474
10032;4658;1.451
133380;59337;1.218
45346;4645;1.279
4528;45572;1.318
23709;9513;1.318
17888;24246;1.405
17888;17924;1.398
59337;9263;1.329
55350;9293;1.504
17924;59337;1.330
45572;58815;1.339
45474;9584;1.534
24236;4641;1.489
23881;55953;1.403
17444;23709;1.475
24023;45816;1.462
10099;17924;1.417
10099;24246;1.429
59337;9266;1.276
24115;7499;1.511
4862;58815;1.413
17619;45816;1.446
17554;7479;1.213
17554;4515;1.062
10026;4641;1.527
24399;7468;1.360
24236;4645;1.380
133380;38197;1.462
59337;9269;1.500
132899;45474;1.519
59337;9229;1.262
45572;55350;1.467
24246;7617;1.345
17554;17975;1.141
132837;23709;1.408
10238;23709;1.120
17924;38197;1.477
10026;4645;1.521
3662;7617;1.402
23881;55331;1.352
17444;24246;1.496
17444;17924;1.499
55331;58933;0.924
4862;55350;1.468
45816;4641;1.493
17814;45816;1.394
10098;9293;1.473
38197;7468;1.440
4635;7540;1.505
45474;45932;1.539
10099;17619;1.413
24246;58453;1.512
17554;58453;1.508
133372;17554;1.400
45816;4645;1.442
4515;9513;1.327
10103;17888;1.492
38176;58933;1.336
24077;9584;1.304
10032;9925;1.444
24115;4760;1.511
10238;7468;0.923
10238;133380;1.113
10026;55953;1.521
9263;9266;1.418
4760;9729;1.430
45572;7617;1.413
131334;45932;1.479
58453;9293;1.521
4862;9293;1.455
24023;3662;1.439
17444;17619;1.499
132837;9263;1.436
4658;7479;1.421
4645;58933;1.220
45816;58779;1.435
131334;4528;1.267
10032;9381;1.517
9263;9269;1.506
4658;58815;1.411
4641;4862;1.464
4058;4862;1.407
2042;24236;1.404
133380;24023;1.399
10103;9263;1.488
10099;9263;1.429
7617;9584;1.360
4760;58453;1.511
132837;9266;1.485
10099;10118;1.414
4515;45572;1.192
4058;58933;1.399
17924;24023;1.447
132899;4528;1.314
10103;9266;1.503
10099;133372;1.458
10099;9266;1.434
17444;9729;1.508
132837;9269;1.504
10026;55331;1.512
10032;9304;1.511
58815;9293;1.472
132837;9229;1.435
4658;55350;1.447
132742;45474;1.505
10103;9269;1.508
10099;9269;1.515
2706;7468;0.988
10103;9229;1.479
10099;9229;1.402
45932;4635;1.521
17554;9513;1.337
