12810;35549;1.260
13046;34362;1.461
35549;5391;1.493
12810;5391;1.484
29485;60009;1.157
1886;56681;1.316
59905;60009;1.316
34594;59905;1.507
25528;41454;1.124
196832;34362;0.935
13046;34594;1.484
13046;41336;1.469
56681;59905;1.440
34594;34748;1.513
34362;56681;1.322
51577;56681;1.230
198785;34748;1.355
29485;41454;1.154
196832;34594;1.432
13046;1886;1.461
34594;61211;1.508
34362;59905;1.315
31012;5391;1.484
13046;57888;1.457
13046;196832;1.402
56681;61211;1.422
1886;198785;0.924
198785;61211;1.264
198785;41336;1.124
15994;29485;1.361
13046;60009;1.462
196832;57888;0.924
13046;31012;1.469
34362;61211;1.269
5391;56681;1.500
196832;60009;0.923
31012;59905;1.373
196832;25528;0.923
12810;1886;1.124
34748;41454;1.355
31012;34748;1.368
196832;31012;0.923
1886;59905;1.314
41336;51577;1.221
25528;35549;1.259
198785;34362;0.935
1886;34748;1.355
41454;51577;1.256
198785;31012;1.124
196832;198785;0.924
34748;35549;1.414
34594;41336;1.486
31012;61211;1.324
196832;41454;0.924
51577;59905;1.387
34362;34748;1.356
198785;34594;1.486
1886;61211;1.264
15994;51577;1.344
29485;35549;1.361
13046;25528;1.469
41336;56681;1.281
34594;57888;1.479
1886;5391;1.467
41454;56681;1.316
34362;41336;1.127
56681;57888;1.296
29485;5391;1.483
51577;61211;1.402
34594;60009;1.488
198785;57888;1.124
60009;61211;1.263
12810;51577;1.220
12810;15994;1.259
12810;29485;1.248
56681;60009;1.322
41336;59905;1.373
31012;34362;1.131
15994;56681;1.369
13046;41454;1.461
198785;60009;0.940
5391;59905;1.491
34362;57888;1.131
198785;25528;1.124
34748;5391;1.492
1886;34362;0.935
13046;198785;1.461
31012;41336;0.924
31012;34594;1.486
13046;35549;1.495
1886;41336;1.124
1886;34594;1.486
12810;196832;0.923
5391;61211;1.479
198785;41454;0.924
196832;35549;1.259
31012;57888;1.220
34362;34594;1.487
34594;5391;1.528
31012;60009;1.108
1886;57888;1.124
41454;59905;1.314
34362;5391;1.467
1886;60009;0.940
1886;25528;1.124
35549;51577;1.345
198785;5391;1.467
51577;57888;1.201
1886;31012;1.124
34362;60009;0.951
15994;59905;1.417
34594;41454;1.486
12810;198785;1.124
51577;60009;1.256
41336;61211;1.324
15994;34748;1.412
12810;56681;1.281
41454;61211;1.264
25528;51577;1.221
25528;29485;1.248
51577;5391;1.488
35549;56681;1.369
34594;35549;1.503
15994;61211;1.413
15994;41336;1.259
12810;59905;1.373
34362;41454;0.935
29485;51577;1.219
198785;35549;1.329
12810;34748;1.368
5391;57888;1.463
196832;29485;0.924
35549;59905;1.417
25528;56681;1.281
5391;60009;1.467
34362;35549;1.330
57888;59905;1.348
12810;61211;1.324
41336;5391;1.484
31012;41454;1.124
29485;56681;1.199
35549;61211;1.414
15994;34362;1.330
1886;41454;0.924
57888;61211;1.333
34748;51577;1.417
13046;51577;1.470
13046;15994;1.495
13046;29485;1.445
31012;35549;1.260
29485;59905;1.376
15994;196832;1.259
15994;34594;1.503
41336;57888;1.220
41454;57888;1.124
1886;35549;1.329
12810;34362;1.131
196832;51577;0.924
41336;60009;1.108
41454;60009;0.940
34748;56681;1.444
15994;57888;1.353
59905;61211;1.412
198785;29485;1.154
12810;41336;0.924
12810;34594;1.486
25528;59905;1.373
15994;60009;1.326
15994;25528;1.259
35549;41336;1.259
34748;59905;1.421
25528;34748;1.368
196832;56681;0.924
41336;41454;1.124
15994;31012;1.259
12810;57888;1.220
25528;61211;1.324
25528;41336;0.923
12810;60009;1.108
29485;34748;1.405
15994;41454;1.328
34748;61211;1.377
15994;5391;1.492
12810;31012;0.923
34594;51577;1.484
29485;61211;1.353
29485;41336;1.248
13046;56681;1.440
57888;60009;1.127
198785;51577;1.256
25528;34362;1.127
13046;59905;1.501
34594;56681;1.460
15994;198785;1.328
13046;34748;1.505
198785;56681;1.316
12810;13046;1.469
25528;34594;1.486
196832;59905;1.307
35549;57888;1.353
29485;34362;1.160
12810;25528;0.924
34748;41336;1.368
29485;31012;1.248
196832;34748;1.349
13046;61211;1.494
25528;5391;1.484
196832;5391;1.463
35549;60009;1.326
31012;51577;1.220
198785;59905;1.314
13046;5391;1.515
29485;34594;1.468
25528;57888;1.220
15994;35549;1.260
15994;1886;1.328
196832;61211;1.263
196832;41336;0.923
1886;51577;1.256
1886;29485;1.154
34748;57888;1.392
12810;41454;1.124
25528;60009;1.108
41454;5391;1.467
34748;60009;1.351
34362;51577;1.263
35549;41454;1.329
31012;56681;1.281
29485;57888;1.150
25528;31012;0.924
1886;196832;0.924
