43711;5513;0.924
42232;44302;1.561
197750;20845;1.327
12301;5507;2.338
47381;5513;1.437
20845;8462;1.765
197248;47116;1.638
12303;47381;1.458
29278;47116;1.517
41075;47381;1.413
29278;8990;1.825
1955;197750;1.704
47116;50261;1.672
34655;41075;2.349
21229;44302;1.472
197750;50261;1.611
12301;1955;2.429
12303;31581;1.233
12301;47116;2.297
5507;8990;1.767
34655;50261;2.428
34655;43711;2.350
31581;34655;2.426
12303;47159;1.235
12303;8462;1.765
41075;47159;0.923
47169;8990;2.290
30904;5483;2.119
21229;8462;1.661
30904;47169;2.103
12303;5513;1.282
42232;5483;2.099
12301;12303;2.297
30904;41075;1.168
197750;42232;1.355
197750;29278;1.749
44302;50261;1.727
34655;5483;2.503
30904;5507;1.537
197248;47381;1.428
12303;44302;1.497
47381;8462;1.732
34655;42232;2.354
30904;43711;1.283
29657;47169;2.110
29278;47381;1.622
50261;5483;2.196
42232;5507;1.610
41075;44302;1.457
197750;30904;1.302
197248;5513;1.500
43711;47169;2.073
29657;41075;1.249
197248;31581;1.540
1955;47169;2.302
12301;47381;2.178
34655;5507;2.462
29278;31581;1.716
12301;8990;2.458
29657;43711;1.296
197248;47159;1.482
50261;5507;1.780
29278;47159;1.499
12301;31581;2.291
44302;5513;1.583
12301;47159;2.209
29657;5483;2.117
47116;5483;2.150
197750;8990;1.708
197248;197750;1.601
197248;44302;1.710
29657;5507;1.582
29278;44302;1.755
197248;21229;1.331
1955;5513;1.729
47116;5507;1.392
197750;47116;1.531
197248;8462;1.763
12301;44302;2.312
34655;47116;2.422
31581;47169;2.111
12301;21229;2.175
30904;50261;1.410
20845;47169;2.102
1955;20845;1.475
12303;21229;1.085
31581;41075;1.310
20845;41075;1.234
42232;8990;1.707
31581;43711;1.411
44302;8462;1.834
29657;50261;1.379
20845;43711;1.281
1955;41075;1.641
34655;8990;2.546
20845;29657;0.945
44302;47116;1.537
43711;50261;1.565
1955;50261;1.670
1955;43711;1.729
50261;8990;1.666
1955;29657;1.489
47169;5513;2.073
30904;42232;1.284
47116;47381;1.588
197750;47381;1.565
1955;8462;2.017
47159;47169;2.056
34655;47381;2.316
21229;34655;2.300
47159;5483;2.045
42232;47169;2.052
29657;42232;1.340
20845;42232;1.327
197750;31581;1.449
47116;47159;1.290
41075;5483;2.045
29657;8990;1.490
197750;47159;1.304
1955;42232;1.731
47116;8990;1.657
29657;30904;1.061
29278;8462;1.625
47159;5507;1.434
34655;47159;2.349
30904;8990;1.485
5507;8462;1.710
44302;47381;1.684
41075;5507;1.434
29278;5513;1.679
20845;5483;2.108
31581;50261;1.415
12301;34655;2.556
20845;50261;1.371
12303;34655;2.411
5507;5513;1.631
47169;8462;2.176
197750;44302;1.511
5483;5507;2.225
20845;5507;1.572
197750;21229;1.301
12301;197750;2.293
44302;47159;1.457
31581;5483;2.144
30904;47116;1.403
197750;5513;1.274
5513;8990;1.722
21229;5483;2.007
47169;50261;2.128
31581;5507;1.674
31581;42232;1.365
29657;47116;1.455
43711;5483;1.962
20845;29278;1.677
1955;197248;1.743
43711;47116;1.493
1955;47116;1.756
21229;5507;1.529
1955;29278;1.939
12303;197750;1.327
47381;5483;2.052
47159;50261;1.506
20845;30904;1.045
43711;5507;1.631
42232;50261;1.564
42232;43711;1.188
197248;34655;2.331
12301;5513;2.269
29278;34655;2.433
1955;30904;1.470
21229;47169;1.979
47381;5507;1.705
30904;47381;1.471
41075;8990;1.581
21229;41075;1.137
197750;8462;1.821
30904;31581;1.122
21229;43711;1.196
34655;44302;2.431
29657;47381;1.472
21229;29657;1.100
5483;8990;2.351
30904;47159;1.168
12303;5483;2.109
43711;47381;1.437
1955;47381;1.808
31581;47116;1.553
29657;31581;1.246
20845;47116;1.443
12303;47169;2.102
29657;47159;1.249
12303;5507;1.572
42232;8462;1.723
41075;47169;2.056
31581;8990;1.660
197248;5483;2.079
12301;8462;2.315
12303;41075;1.235
43711;47159;1.188
30904;5513;1.283
1955;47159;1.641
34655;8462;2.442
30904;44302;1.415
42232;5513;1.188
12303;29657;0.946
50261;8462;1.805
41075;43711;1.188
197248;5507;1.746
12303;1955;1.476
47159;8990;1.581
43711;8990;1.722
34655;5513;2.350
44302;5483;2.211
29657;44302;1.510
50261;5513;1.565
43711;44302;1.583
31581;47381;1.555
21229;50261;1.403
44302;5507;1.659
42232;47116;1.487
20845;47381;1.457
197248;47169;2.018
29657;8462;1.776
29278;47169;2.170
20845;8990;1.475
1955;5483;2.369
12301;20845;2.297
47116;8462;1.619
197248;41075;1.482
12303;20845;0.931
29278;41075;1.499
20845;31581;1.232
197750;34655;2.347
12301;47169;2.387
31581;47159;1.310
30904;8462;1.734
29657;5513;1.296
47116;5513;1.493
20845;47159;1.234
197248;29657;1.431
1955;5507;1.875
1955;31581;1.649
12301;41075;2.209
29278;29657;1.689
47169;47381;1.974
21229;42232;1.228
21229;29278;1.565
12303;8990;1.476
12301;43711;2.269
12303;50261;1.371
12301;29657;2.300
12303;43711;1.282
21229;8990;1.552
41075;50261;1.506
21229;30904;1.121
47159;47381;1.413
31581;44302;1.576
5513;8462;1.768
47381;50261;1.607
42232;47381;1.438
20845;44302;1.497
47169;5483;2.382
20845;21229;1.084
47381;8990;1.783
197248;20845;1.419
1955;44302;1.689
1955;21229;1.559
12303;29278;1.677
12303;42232;1.327
47169;5507;2.209
42232;47159;1.176
29657;34655;2.415
41075;42232;1.176
12303;30904;1.046
197248;50261;1.556
197248;43711;1.500
29278;50261;1.794
29278;43711;1.679
21229;47116;1.392
12301;197248;2.222
41075;8462;1.609
29278;5483;2.194
12301;50261;2.347
8462;8990;1.917
47159;5513;1.188
47116;47169;2.159
41075;5513;1.188
197750;47169;2.037
5483;8462;2.222
29278;5507;1.634
34655;47169;2.397
197750;5483;2.074
197750;41075;1.304
197248;8990;1.740
197248;42232;1.536
197248;29278;1.687
30904;34655;2.414
29278;42232;1.635
5483;5513;1.962
20845;5513;1.281
197750;43711;1.274
12303;197248;1.419
197750;29657;1.328
197248;30904;1.450
12303;47116;1.443
12301;29278;2.316
12301;42232;2.163
31581;8462;1.738
29278;30904;1.643
197750;5507;1.641
41075;47116;1.290
20845;34655;2.411
44302;8990;1.670
21229;47381;1.306
12301;30904;2.279
44302;47169;2.142
31581;5513;1.411
1955;34655;2.572
47159;8462;1.609
43711;8462;1.768
21229;31581;1.270
12301;5483;2.489
21229;5513;1.196
21229;47159;1.137
1955;8990;1.591
