30900;5466;2.409
29644;41883;1.816
15806;16171;1.663
43192;47720;1.735
15502;29636;2.302
43192;49634;1.740
15612;43192;1.588
47720;5466;2.446
25441;42090;1.783
16171;42090;1.550
15502;44196;1.865
34110;34912;1.323
31122;34912;2.195
29636;58173;1.897
29636;34245;2.113
25441;43192;1.984
16171;5466;2.412
29636;31122;2.349
39122;5466;2.481
29644;34912;1.987
15806;49634;1.700
15612;29636;1.913
34245;43192;2.120
25441;5466;2.460
25441;29636;2.230
16171;29636;2.067
15806;41883;1.712
1213;42227;1.836
34245;47680;2.006
16171;44196;1.416
34110;34245;1.905
31122;34245;2.322
29636;39122;2.297
15502;43192;1.890
29636;29644;2.277
42227;58173;1.614
29644;58173;1.984
29644;34245;2.255
15806;30900;1.764
15502;47680;1.763
44196;47680;1.474
29644;31122;2.278
15806;34912;1.573
39122;42090;2.168
30900;42090;1.463
34245;47720;2.043
1213;5466;2.462
42090;58173;1.360
34110;39122;2.075
31122;39122;2.406
16171;43192;1.576
15612;47680;1.386
41883;42227;1.627
34912;42227;1.549
15502;47720;1.547
47680;47720;1.569
44196;47720;1.418
29644;39122;2.371
25441;47680;1.921
16171;47680;1.575
44196;49634;1.424
42090;5466;2.401
29636;34110;1.877
15806;34245;2.161
39122;44196;2.135
30900;44196;1.653
15612;5466;2.395
47720;49634;0.944
34110;58173;1.015
31122;58173;2.129
15612;47720;1.270
15612;49634;1.276
25441;47720;1.852
16171;47720;1.516
25441;49634;1.859
15502;15806;1.848
34110;5466;2.363
31122;34110;2.109
15806;39122;2.245
15502;16171;1.935
39122;43192;2.203
30900;43192;1.816
15806;29644;2.094
1213;42090;1.789
43192;58173;1.604
34245;49634;2.048
29644;34110;1.944
39122;47680;2.183
34245;41883;1.898
30900;47680;1.672
15612;30900;1.619
15612;15806;1.624
31122;5466;2.501
15612;34912;1.379
15612;16171;1.327
15502;15612;1.754
41883;5466;2.326
25441;30900;1.836
15502;49634;1.550
47680;49634;1.574
15806;58173;1.635
15806;31122;2.239
15502;41883;1.765
29644;5466;2.411
1213;44196;1.834
15806;25441;1.968
39122;47720;2.219
34245;34912;2.047
30900;47720;1.553
15806;34110;1.551
42090;42227;1.570
29636;42227;2.119
15612;34245;1.948
41883;42090;1.266
34912;42090;1.262
16171;49634;1.521
15612;41883;1.316
15502;30900;1.807
15502;34912;1.516
25441;41883;1.726
16171;41883;1.515
1213;43192;1.990
34110;42227;1.532
31122;42227;2.219
15612;39122;2.115
1213;47680;1.927
41883;44196;1.292
34912;44196;1.505
16171;30900;1.770
29644;42227;2.003
25441;34912;1.782
16171;34912;1.615
15502;34245;2.267
1213;29636;2.233
44196;58173;1.178
15502;31122;2.370
47720;58173;1.324
34245;39122;2.232
42227;5466;2.465
39122;49634;2.223
30900;49634;1.557
29636;5466;2.424
1213;47720;1.859
29636;44196;1.882
15612;58173;1.088
30900;41883;1.411
15612;31122;2.157
41883;43192;1.759
34912;43192;1.641
25441;58173;1.844
25441;34245;2.222
16171;34245;2.044
15502;39122;2.417
25441;31122;2.237
16171;31122;2.181
15806;42227;1.680
15612;25441;1.852
34245;5466;2.446
15612;34110;1.020
15502;29644;2.213
41883;47680;1.590
34912;47680;1.461
34245;58173;1.922
30900;34912;1.459
29636;42090;2.013
1213;16171;1.899
25441;39122;2.328
16171;39122;2.102
15612;29644;1.988
15502;58173;1.802
47680;58173;1.399
42227;44196;1.629
29644;44196;1.980
5466;58173;2.368
49634;5466;2.446
41883;47720;1.266
34912;47720;1.184
25441;29644;2.031
16171;29644;2.007
15502;25441;2.028
15502;34110;1.733
42090;44196;1.427
34110;42090;1.274
31122;42090;2.052
30900;34245;2.017
1213;49634;1.865
39122;41883;2.166
30900;31122;2.169
16171;58173;1.339
29644;42090;1.926
16171;25441;1.893
25441;34110;1.785
16171;34110;1.264
15502;5466;2.624
34110;44196;1.126
31122;44196;2.141
30900;39122;2.218
1213;30900;1.842
1213;15806;1.975
42090;43192;1.722
29636;43192;2.150
15612;42227;1.607
1213;34912;1.789
47680;5466;2.470
42090;47680;1.558
29636;47680;1.979
15806;42090;1.667
41883;49634;1.270
34912;49634;1.188
43192;44196;1.668
34912;41883;1.332
34245;42227;2.132
1213;15612;1.858
39122;58173;2.108
30900;58173;1.617
34110;43192;1.525
31122;43192;2.269
1213;34245;2.224
15806;29636;2.197
1213;41883;1.733
42090;47720;1.258
29636;47720;2.059
15502;42227;1.866
42227;43192;1.698
34110;47680;1.319
31122;47680;2.232
30900;34110;1.551
29644;43192;2.096
29636;49634;2.061
15806;44196;1.702
42227;47680;1.595
29644;47680;2.062
1213;39122;2.330
43192;5466;2.497
34110;47720;1.243
31122;47720;2.175
25441;42227;1.830
16171;42227;1.702
29636;30900;2.080
34912;5466;2.470
15806;43192;1.618
42227;47720;1.674
29644;47720;2.000
29644;49634;2.001
15806;47680;1.592
15806;5466;2.518
1213;58173;1.850
15612;42090;1.338
1213;31122;2.239
42090;49634;1.263
1213;25441;1.615
1213;34110;1.791
34912;39122;2.224
29636;41883;1.979
29644;30900;1.942
15806;47720;1.696
34245;42090;2.001
49634;58173;1.328
39122;42227;2.257
30900;42227;1.681
15612;44196;1.199
43192;47680;1.519
1213;29644;2.037
44196;5466;2.381
34110;49634;1.247
31122;49634;2.180
25441;44196;1.828
15502;42090;1.732
29636;34912;2.068
41883;58173;1.315
34912;58173;1.410
34110;41883;1.235
31122;41883;2.088
42227;49634;1.680
1213;15502;2.031
34245;44196;1.916
