31391;8551;1.507
24890;8551;1.515
31391;47961;1.310
25003;378;1.416
47961;50463;1.408
31391;57731;1.503
43438;9116;1.483
1680;21174;1.489
31391;57259;1.412
21174;47961;1.339
21174;57731;1.501
21042;47961;1.462
47961;57862;1.317
43438;50463;1.419
21174;378;1.235
21174;57259;1.410
43438;8551;1.517
43438;57862;1.289
12849;57731;1.505
21042;9116;1.518
1680;20598;1.481
21174;9116;1.478
20598;5486;1.381
12849;57259;1.496
12400;1680;1.450
24890;57731;1.496
12491;1680;1.517
31391;378;1.292
24890;57259;1.361
43438;47961;1.357
12400;21174;0.924
21042;8551;1.523
12849;1680;1.489
21174;8551;1.510
20598;35091;1.402
1680;5486;1.513
1680;24890;1.491
21042;57731;1.529
35091;43438;1.413
21042;57259;1.499
12491;5486;1.477
35091;50463;1.490
1680;21042;1.519
12400;20598;1.108
20598;9116;1.498
12849;5486;1.492
378;5486;1.382
35091;57862;1.415
12491;35091;1.494
47961;57731;1.509
47961;57259;1.438
50463;57862;1.340
57259;57862;1.416
43438;57731;1.510
20598;8551;1.510
20598;25003;1.459
43438;57259;1.417
35091;47961;1.421
20598;43438;1.370
12849;21174;1.471
20598;50463;1.426
12491;9116;1.519
12400;5486;1.244
12491;31391;1.454
12400;21042;1.399
20598;57862;1.318
12849;9116;1.519
378;9116;1.503
12491;25003;1.448
20598;31391;1.300
12491;8551;1.526
12849;20598;1.420
12491;43438;1.450
12491;50463;1.493
24890;378;1.231
21042;21174;1.440
20598;47961;1.296
12849;8551;1.521
378;8551;1.514
1680;9116;1.526
12400;24890;1.093
12491;57862;1.457
12400;9116;1.474
35091;57731;1.525
12849;24890;1.475
35091;57259;1.463
57731;57862;1.503
12400;378;0.924
50463;57731;1.517
1680;8551;1.515
57259;57731;1.515
1680;35091;1.514
12491;47961;1.478
50463;57259;1.470
12400;8551;1.495
12849;21042;1.512
21174;24890;1.312
378;43438;1.282
25003;35091;1.492
21042;24890;1.472
20598;57731;1.497
20598;57259;1.413
12491;12849;1.510
378;57862;1.295
12849;378;1.478
8551;9116;1.517
1680;25003;1.525
12400;35091;1.280
12400;12491;1.403
25003;31391;1.434
1680;43438;1.503
12491;57731;1.513
1680;50463;1.518
12491;57259;1.434
24890;35091;1.407
1680;57862;1.500
12491;378;1.425
378;50463;1.417
25003;43438;1.443
31391;35091;1.423
25003;50463;1.470
1680;31391;1.499
21174;35091;1.435
50463;5486;1.317
25003;57862;1.440
1680;47961;1.497
47961;5486;1.394
12400;43438;1.009
57731;9116;1.530
24890;5486;1.404
20598;21174;1.335
12849;35091;1.499
378;47961;1.347
378;57731;1.499
35091;5486;1.475
25003;47961;1.465
12400;57862;0.924
5486;57862;1.273
378;57259;1.353
12400;31391;0.923
43438;5486;1.392
31391;43438;1.299
21174;25003;1.449
50463;9116;1.508
12491;21174;1.451
35091;378;1.399
12400;25003;1.385
47961;9116;1.493
21174;43438;1.179
21042;35091;1.496
24890;9116;1.502
24890;31391;1.336
1680;57731;1.523
31391;57862;0.994
25003;5486;1.458
31391;5486;1.245
1680;57259;1.520
12849;25003;1.507
12400;50463;1.314
35091;9116;1.521
21174;57862;1.240
57259;9116;1.516
24890;25003;1.428
20598;24890;1.337
12849;43438;1.481
47961;8551;1.516
21174;5486;1.358
12849;50463;1.498
12491;20598;1.463
25003;57731;1.516
21174;31391;1.256
12400;12849;1.410
24890;43438;1.348
21042;31391;1.447
57731;8551;1.532
25003;57259;1.403
24890;50463;1.432
1680;378;1.494
12849;57862;1.472
35091;8551;1.526
21042;378;1.451
20598;21042;1.467
57259;8551;1.523
5486;9116;1.506
57862;9116;1.486
31391;50463;1.314
24890;57862;1.324
21042;25003;1.511
12849;31391;1.465
12400;47961;1.108
12400;57731;1.472
12491;24890;1.426
25003;9116;1.517
20598;378;1.330
5486;57731;1.514
31391;9116;1.490
21174;50463;1.401
21042;43438;1.469
12400;57259;1.282
21042;50463;1.493
12849;47961;1.464
5486;57259;1.443
5486;8551;1.517
57862;8551;1.507
50463;8551;1.520
24890;47961;1.357
12491;21042;1.512
21042;57862;1.446
21042;5486;1.479
25003;8551;1.525
