31391;8551;2.458
24890;8551;2.507
31391;47961;1.373
25003;378;1.729
47961;50463;1.659
31391;57731;2.282
43438;9116;2.323
1680;21174;2.207
31391;57259;1.592
21174;47961;1.428
21174;57731;2.246
21042;47961;1.813
47961;57862;1.395
43438;50463;1.697
21174;378;1.235
21174;57259;1.605
43438;8551;2.487
43438;57862;1.349
12849;57731;2.346
21042;9116;2.512
1680;20598;2.205
21174;9116;2.296
20598;5486;1.637
12849;57259;2.246
12400;1680;2.089
24890;57731;2.267
12491;1680;2.373
31391;378;1.292
24890;57259;1.548
43438;47961;1.536
12400;21174;0.924
21042;8551;2.612
12849;1680;2.302
21174;8551;2.490
20598;35091;1.536
1680;5486;2.386
1680;24890;2.218
21042;57731;2.430
35091;43438;1.607
21042;57259;2.010
12491;5486;1.973
35091;50463;1.943
1680;21042;2.404
12400;20598;1.109
20598;9116;2.364
12849;5486;2.299
378;5486;1.540
35091;57862;1.563
12491;35091;2.003
47961;57731;2.262
47961;57259;1.720
50463;57862;1.469
57259;57862;1.595
43438;57731;2.264
20598;8551;2.480
20598;25003;1.911
43438;57259;1.681
35091;47961;1.653
20598;43438;1.537
12849;21174;2.120
20598;50463;1.766
12491;9116;2.505
12400;5486;1.262
12491;31391;1.853
12400;21042;1.589
20598;57862;1.414
12849;9116;2.555
378;9116;2.397
12491;25003;1.925
20598;31391;1.387
12491;8551;2.586
12849;20598;2.006
12491;43438;1.826
12491;50463;2.055
24890;378;1.305
21042;21174;1.741
20598;47961;1.423
12849;8551;2.589
378;8551;2.499
1680;9116;2.611
12400;24890;1.094
12491;57862;1.850
12400;9116;2.276
35091;57731;2.366
12849;24890;2.183
35091;57259;1.795
57731;57862;2.298
12400;378;0.924
50463;57731;2.431
1680;8551;2.568
57259;57731;2.325
1680;35091;2.314
12491;47961;1.967
50463;57259;1.821
12400;8551;2.436
12849;21042;2.353
21174;24890;1.401
378;43438;1.339
25003;35091;2.009
21042;24890;1.844
20598;57731;2.208
20598;57259;1.677
12491;12849;2.318
378;57862;1.295
12849;378;2.104
8551;9116;2.598
1680;25003;2.418
12400;35091;1.280
12400;12491;1.659
25003;31391;1.668
1680;43438;2.247
12491;57731;2.381
1680;50463;2.397
12491;57259;1.803
24890;35091;1.546
1680;57862;2.268
12491;378;1.755
378;50463;1.671
25003;43438;1.824
31391;35091;1.587
25003;50463;1.783
1680;31391;2.249
21174;35091;1.575
50463;5486;1.442
25003;57862;1.702
1680;47961;2.231
47961;5486;1.625
12400;43438;1.009
57731;9116;2.656
24890;5486;1.668
20598;21174;1.440
12849;35091;2.231
378;47961;1.456
378;57731;2.220
35091;5486;1.830
25003;47961;1.884
12400;57862;0.924
5486;57862;1.314
378;57259;1.505
12400;31391;0.923
43438;5486;1.585
31391;43438;1.362
21174;25003;1.810
50463;9116;2.370
12491;21174;1.794
35091;378;1.529
12400;25003;1.614
47961;9116;2.354
21174;43438;1.225
21042;35091;1.949
24890;9116;2.438
24890;31391;1.437
1680;57731;2.474
31391;57862;0.994
25003;5486;1.742
31391;5486;1.264
1680;57259;2.344
12849;25003;2.354
12400;50463;1.417
35091;9116;2.484
21174;57862;1.240
57259;9116;2.461
24890;25003;1.804
20598;24890;1.515
12849;43438;2.140
47961;8551;2.534
21174;5486;1.504
12849;50463;2.345
12491;20598;1.909
25003;57731;2.420
21174;31391;1.256
12400;12849;1.975
24890;43438;1.516
21042;31391;1.737
57731;8551;2.692
25003;57259;1.703
24890;50463;1.793
1680;378;2.199
12849;57862;2.167
35091;8551;2.570
21042;378;1.776
20598;21042;1.844
57259;8551;2.533
5486;9116;2.372
57862;9116;2.305
31391;50463;1.418
24890;57862;1.403
21042;25003;2.104
12849;31391;2.140
12400;47961;1.108
12400;57731;2.119
12491;24890;1.788
25003;9116;2.462
20598;378;1.421
5486;57731;2.397
31391;9116;2.308
21174;50463;1.630
21042;43438;1.842
12400;57259;1.331
21042;50463;1.982
12849;47961;2.161
5486;57259;1.691
5486;8551;2.497
57862;8551;2.456
50463;8551;2.520
24890;47961;1.540
12491;21042;2.076
21042;57862;1.746
21042;5486;1.916
25003;8551;2.543
