51958;9038;1.984
48832;8376;1.138
48832;50670;1.634
42912;50670;1.917
28730;51958;1.320
47887;8376;2.142
51958;8376;0.927
50670;8697;1.938
28730;8697;1.875
8697;9038;2.184
28730;47887;2.177
42912;9038;2.151
42912;47887;2.284
8376;9038;1.983
48832;8697;1.761
47887;8697;2.333
42912;8376;1.488
51958;8697;1.747
50670;9038;2.015
50670;51958;1.563
47887;48832;2.123
28730;9038;1.915
28730;42912;1.675
47887;51958;2.143
42912;48832;1.377
50670;8376;1.562
48832;51958;1.140
42912;51958;1.489
28730;8376;1.317
48832;9038;2.009
42912;8697;1.960
8376;8697;1.746
47887;9038;2.370
47887;50670;2.231
28730;50670;1.559
28730;48832;1.389
