15399;36866;1.515
15808;37137;1.373
36866;36914;1.384
12455;37219;1.333
12556;36914;1.398
12455;36866;1.443
33771;37137;1.384
12455;12556;1.446
12556;33770;1.303
12455;37061;1.353
12556;33771;1.448
15808;37219;1.387
15808;36866;1.458
36914;37137;1.137
12556;15808;1.478
36866;37137;1.391
12556;37137;1.268
33771;37219;1.416
33771;36866;1.475
15808;37061;1.404
37137;37219;1.179
12455;15399;1.499
33771;37061;1.322
36914;37219;1.188
36866;37219;1.364
12556;37219;1.319
33770;36914;1.204
33770;33771;1.407
37061;37137;1.231
12556;36866;1.448
33770;37137;1.154
36914;37061;1.232
15399;36914;1.485
15399;33770;1.478
36866;37061;1.420
12556;37061;1.339
15399;33771;1.494
15399;15808;1.511
37061;37219;1.270
12455;36914;1.207
12455;33770;1.299
15399;37137;1.476
12455;33771;1.450
33770;37219;1.266
12455;15808;1.344
15808;36914;1.330
15399;37219;1.489
33770;37061;1.267
12455;37137;1.285
33770;36866;1.406
33771;36914;1.409
12556;15399;1.500
15808;33770;1.381
15808;33771;1.470
15399;37061;1.472
