29061;8511;1.270
12997;59527;1.246
29061;59527;1.229
197118;57096;1.335
25035;61010;1.283
12997;8511;1.314
41750;61010;1.323
12764;61010;1.331
41750;8449;0.969
197118;41750;1.259
12764;197118;1.271
12764;25035;1.180
25035;8449;1.158
12764;29061;1.227
59527;8449;0.926
25035;29061;1.256
197118;59527;1.263
8449;8511;1.314
12764;8511;1.329
57096;8511;1.348
61010;8511;0.901
59527;61010;1.316
197118;8511;1.253
12997;61010;1.317
25035;41750;1.172
29061;8449;1.229
25035;57096;1.191
12764;41750;0.943
41750;57096;1.040
57096;61010;1.350
12764;57096;1.045
12997;8449;1.246
12997;25035;1.024
29061;61010;1.273
12997;29061;1.342
12764;59527;0.983
12764;12997;1.263
25035;59527;1.158
197118;61010;1.254
41750;59527;0.969
41750;8511;1.321
197118;25035;1.249
12764;8449;0.983
57096;8449;1.006
25035;8511;1.280
61010;8449;1.317
197118;8449;1.263
59527;8511;1.313
12997;41750;1.262
197118;29061;1.214
12997;197118;1.336
12997;57096;1.252
29061;41750;1.212
57096;59527;1.006
29061;57096;1.298
