1237;17857;1.011
18302;4040;1.495
10158;9316;2.397
4040;9316;1.534
10158;9318;2.629
3786;9950;2.249
38107;9316;1.489
6619;9871;2.317
4040;9318;2.405
38107;9318;2.370
17579;17615;1.745
3786;9957;2.514
10036;23575;1.288
10160;4670;1.149
4670;9950;0.926
3786;9689;2.249
4670;9957;1.912
1237;9286;1.500
38097;9457;0.926
4670;9689;0.926
18302;9316;1.319
45400;4766;2.297
18302;9318;2.379
17579;18302;1.752
9848;9950;1.254
9845;9848;1.382
9848;9957;1.916
38091;9286;1.187
18302;3786;2.380
45400;9457;0.926
23575;9286;1.186
1237;4670;1.287
17857;18302;0.908
3786;4766;2.790
17579;38107;1.827
4670;4766;2.405
6619;9950;2.194
38095;9286;1.186
6619;9957;2.468
10036;1237;1.548
38091;4670;1.247
38097;9842;0.911
6619;9689;2.194
38097;9845;0.925
3786;9457;2.311
38097;9848;1.254
17615;4040;1.479
17615;17864;0.909
23575;4670;0.926
38097;6619;2.194
4670;9457;1.246
38091;45400;0.926
3786;38107;2.333
10158;3786;2.710
4766;9286;2.407
17857;4040;1.309
38095;4670;0.926
45400;9842;0.911
45400;9845;0.925
17615;9316;1.297
10160;17864;1.148
17615;9318;2.358
45400;9848;1.254
9286;9316;1.451
9286;9318;2.339
9871;9950;0.927
17579;4040;1.815
9871;9957;1.912
17615;3786;2.365
17857;9316;0.926
17857;9318;2.279
17864;9871;0.927
10158;9286;2.386
10036;38091;1.536
4040;9286;1.668
38107;9286;1.720
17579;17857;1.541
10036;38095;1.288
3786;9842;2.366
10036;38097;1.288
3786;9845;2.310
17615;45400;0.909
3786;9848;2.312
9318;9871;2.376
6619;9457;2.253
17857;3786;2.249
17579;9316;1.735
4670;9842;1.299
17579;9318;2.480
4670;9845;1.246
3786;6619;2.638
4670;9848;1.444
17864;38091;0.926
17864;38095;0.000
18302;9286;1.363
17864;38097;0.000
18302;38091;1.276
4670;6619;2.317
18302;38095;0.908
18302;38097;0.908
10160;9871;1.148
10160;45400;1.148
17579;3786;2.440
1237;45400;1.011
17857;38107;1.267
10158;4670;2.397
4040;4670;1.535
38107;4670;1.489
38095;45400;0.000
10158;38091;2.346
10158;38095;2.281
10158;38097;2.281
18302;4670;1.319
1237;17864;1.011
17864;9950;0.000
10036;4040;1.696
17864;9957;1.734
45400;6619;2.194
6619;9842;2.301
6619;9845;2.253
1237;9871;1.287
17864;9689;0.000
9316;9318;2.376
6619;9848;2.329
9318;9950;2.279
17615;23575;0.909
9318;9957;2.544
9318;9689;2.279
9457;9871;1.246
10036;9316;1.362
10036;9318;2.401
10160;9950;1.148
38091;9871;1.247
10160;9957;2.038
10160;23575;1.148
1237;23575;1.011
10160;9689;1.148
23575;9871;0.927
17615;9286;1.187
10036;3786;2.328
17864;4766;2.297
10158;17579;2.466
23575;38107;1.267
38095;9871;0.927
17857;9286;1.186
1237;9950;1.011
17864;9457;0.926
1237;9957;1.874
17615;4670;1.297
10160;4766;2.440
17579;9286;1.896
1237;9689;1.011
9457;9950;0.926
9318;9457;2.328
10036;17579;1.865
9457;9957;1.846
4766;9871;2.406
38091;38095;0.926
38091;9950;0.926
38091;38097;0.926
9457;9689;0.926
17857;4670;0.926
38091;9957;1.847
38091;9689;0.926
23575;9950;0.000
10160;9457;1.437
23575;9957;1.734
17864;18302;0.908
10158;17615;2.362
23575;9689;0.000
17579;4670;1.736
10158;9871;2.397
4040;9871;1.535
1237;4766;2.421
38107;9871;1.490
38095;9950;0.000
38095;9957;1.734
38097;4040;1.309
17864;9842;0.911
17579;17864;1.541
38095;9689;0.000
17864;9845;0.925
10158;18302;2.365
17864;9848;1.254
17864;6619;2.194
18302;9871;1.320
3786;45400;2.249
38091;4766;2.306
9318;9842;2.358
9318;9845;2.328
1237;9457;1.312
9318;9848;2.300
38097;9316;0.926
10036;17615;1.508
38097;9318;2.279
4766;9950;2.297
23575;4766;2.297
10036;9286;1.680
4766;9957;2.449
10160;9842;1.468
10036;10158;2.372
10160;9845;1.437
4766;9689;2.297
38097;38107;1.267
10160;9848;1.581
38091;9457;0.926
38095;4766;2.297
10036;18302;1.520
45400;9316;0.926
23575;9457;0.926
45400;9318;2.279
10158;9950;2.281
4040;9950;1.309
17579;45400;1.541
38107;9950;1.267
3786;4040;2.378
10158;9957;2.429
10036;4670;1.362
4040;9957;1.932
38107;9957;1.929
10158;9689;2.281
4040;9689;1.309
38107;9689;1.267
9842;9871;1.299
38095;9457;0.926
10036;38107;1.506
1237;9842;1.282
18302;9950;0.908
1237;9845;1.318
1237;9848;1.530
18302;9957;1.873
3786;9316;2.252
17857;45400;0.000
3786;9318;2.654
9689;9871;0.927
1237;6619;2.328
18302;9689;0.908
17615;38091;0.926
9457;9842;0.926
4670;9316;0.926
17864;38107;1.267
9457;9845;0.926
17615;38095;0.909
4670;9318;2.376
17615;38097;0.909
9457;9848;1.383
38091;9842;0.927
18302;38107;1.437
38091;9845;0.926
17615;9871;1.298
38091;9848;1.383
4766;9457;2.306
9286;9871;1.451
10158;4766;2.730
4040;4766;2.419
38107;4766;2.426
23575;9842;0.911
10158;17857;2.281
23575;9845;0.925
10160;38091;1.438
17857;17864;0.000
23575;9848;1.254
1237;38091;1.312
10158;38107;2.390
10160;38095;1.148
1237;38095;1.011
10160;38097;1.148
17857;9871;0.927
1237;38097;1.011
17579;23575;1.541
10160;6619;2.422
38095;38097;0.000
38095;9842;0.911
18302;4766;2.374
38095;9845;0.925
10158;9457;2.346
38095;9848;1.254
9842;9950;0.911
4040;9457;1.457
38107;9457;1.518
17579;9871;1.736
9842;9957;1.875
9950;9957;1.734
6619;9316;2.317
6619;9318;2.699
9689;9950;0.000
17857;23575;0.000
10036;17857;1.288
38097;9286;1.186
18302;9457;1.276
9689;9957;1.734
4766;9842;2.377
4766;9845;2.306
17615;9950;0.909
4766;9848;2.352
23575;45400;0.000
17615;9957;1.875
9286;9950;1.186
4766;6619;2.742
17615;9689;0.909
9286;9957;2.015
4040;45400;1.309
9286;9689;1.186
17857;9950;0.000
45400;9286;1.186
10160;17579;1.872
17857;9957;1.734
38097;4670;0.926
10158;9842;2.362
4040;9842;1.479
17857;9689;0.000
38107;9842;1.418
38091;6619;2.254
10158;9845;2.345
4040;9845;1.457
38107;9845;1.517
10158;9848;2.379
9316;9871;0.927
4040;9848;1.659
38107;9848;1.573
17579;9950;1.541
38107;6619;2.330
23575;6619;2.194
17579;9957;2.036
17579;9689;1.541
18302;9842;0.998
10036;9871;1.363
3786;9286;2.370
18302;9845;1.276
17615;4766;2.377
18302;9848;1.507
45400;4670;0.926
4670;9286;1.451
38095;6619;2.194
10036;10160;1.546
38091;38107;1.518
17857;4766;2.297
17615;9457;0.926
10160;1237;1.469
17615;18302;0.997
10160;17615;1.467
38107;45400;1.267
9286;9457;1.186
3786;4670;2.252
17579;38091;1.747
17864;4040;1.309
17579;4766;2.523
17579;38095;1.541
17579;38097;1.541
9316;9950;0.926
17857;9457;0.926
9316;9957;1.912
10158;10160;2.463
1237;17579;1.600
9316;9689;0.926
10160;18302;1.371
1237;18302;1.302
9842;9845;0.927
9842;9848;1.478
17864;9316;0.926
17864;9318;2.279
10036;9950;1.288
17579;9457;1.746
6619;9286;2.315
10036;9957;1.937
10160;4040;1.690
10158;6619;2.670
9689;9842;0.911
4040;6619;2.345
10036;9689;1.288
9689;9845;0.925
3786;38091;2.311
9845;9871;1.246
9689;9848;1.254
17864;3786;2.249
3786;38095;2.249
3786;38097;2.249
17615;9842;0.911
17615;9845;0.925
17615;9848;1.477
9286;9842;1.188
10160;9316;1.148
10158;17864;2.281
10160;9318;2.385
18302;6619;2.326
9286;9845;1.187
9286;9848;1.594
17857;9842;0.911
17857;9845;0.925
17857;9848;1.254
10160;3786;2.366
1237;4040;1.525
10036;4766;2.422
1237;17615;1.282
17579;9842;1.746
9316;9457;1.246
17864;45400;0.000
17579;9845;1.746
17579;9848;1.838
38097;9871;0.927
18302;45400;0.908
38091;4040;1.458
10036;17864;1.288
1237;9316;1.287
1237;9318;2.387
17615;17857;0.909
10036;9457;1.536
9845;9950;0.925
17615;38107;1.418
23575;4040;1.309
9845;9957;1.846
10158;45400;2.281
17857;38091;0.926
17857;38095;0.000
17857;38097;0.000
38097;45400;0.000
1237;3786;2.341
45400;9871;0.927
38091;9316;1.247
38091;9318;2.329
10160;17857;1.148
38095;4040;1.309
10160;38107;1.660
1237;38107;1.512
23575;9316;0.926
23575;9318;2.279
38095;38107;1.267
17615;6619;2.300
9316;9842;1.299
9316;9845;1.245
9316;9848;1.444
10158;1237;2.395
23575;3786;2.249
3786;9871;2.253
38095;9316;0.926
10036;45400;1.288
38095;9318;2.279
38097;9950;0.000
17864;23575;0.000
17864;9286;1.186
4670;9871;0.927
18302;23575;0.908
38097;9957;1.734
17857;6619;2.194
10036;9842;1.509
10036;9845;1.535
38097;9689;0.000
10036;9848;1.686
10036;6619;2.336
9848;9871;1.445
10158;23575;2.281
17579;6619;2.438
4766;9316;2.405
45400;9950;0.000
4766;9318;2.701
10160;9286;1.520
45400;9957;1.734
10158;4040;2.356
17864;4670;0.926
38107;4040;1.641
23575;38091;0.926
45400;9689;0.000
23575;38095;0.000
23575;38097;0.000
38097;4766;2.297
