39010;42852;0.949
24634;9051;1.197
24634;51910;1.819
31126;42334;1.187
39010;9051;0.950
42020;42852;1.665
42852;57256;0.923
35074;9051;1.603
51910;9051;1.707
39010;57256;0.949
42020;9051;1.685
42334;57256;0.923
42852;9051;0.949
31126;42852;1.187
51910;57256;1.691
42852;51910;1.691
35074;42020;2.037
39010;51910;1.708
42334;51910;1.691
31126;57256;1.187
31126;39010;1.198
42020;57256;1.665
24634;42020;1.810
57256;9051;0.949
31126;51910;1.819
42020;51910;1.948
35074;42334;1.584
31126;9051;1.198
24634;35074;1.745
24634;31126;1.186
24634;42334;1.187
35074;42852;1.584
39010;42020;1.686
42334;9051;0.949
24634;42852;1.187
35074;39010;1.603
24634;39010;1.198
35074;57256;1.584
31126;42020;1.810
39010;42334;0.949
31126;35074;1.745
24634;57256;1.187
42334;42852;0.923
42020;42334;1.665
35074;51910;2.046
