52036;9008;0.924
15965;41589;1.641
52036;60497;1.586
24611;51405;2.044
29182;51497;1.727
15965;25273;1.676
197264;2602;2.103
51405;60497;1.481
2602;52036;1.629
51405;5577;1.409
197264;5577;2.057
24611;9008;1.887
24611;29182;2.158
41589;52036;1.320
51497;60497;1.311
197264;51405;2.052
52036;5577;1.616
25273;51497;1.632
197264;60497;2.066
2602;51497;1.636
29182;5577;1.729
29182;51405;1.716
29182;60497;1.727
15965;52036;1.767
197264;29182;2.204
41589;9008;0.924
41589;51497;1.402
24611;41589;1.994
197264;24611;2.487
15965;9008;1.571
24611;25273;2.128
24611;2602;2.079
2602;9008;1.428
25273;51405;1.721
25273;9008;1.539
15965;51497;1.598
25273;60497;1.633
24611;5577;2.027
15965;2602;1.746
5577;9008;1.366
2602;51405;1.649
24611;52036;1.944
2602;60497;1.636
197264;41589;1.980
15965;5577;1.710
197264;25273;1.998
25273;29182;1.889
41589;51405;1.447
25273;2602;1.740
41589;60497;1.402
29182;41589;1.551
2602;29182;1.833
51497;9008;1.310
41589;5577;1.447
25273;5577;1.704
51405;52036;1.621
15965;51405;1.710
15965;60497;1.599
2602;5577;1.639
25273;41589;1.608
51497;52036;1.585
24611;51497;2.002
2602;41589;1.533
197264;52036;2.126
51405;9008;1.362
197264;9008;1.957
51497;5577;1.457
51405;51497;1.481
15965;24611;2.121
29182;52036;1.684
5577;60497;1.457
15965;197264;2.055
25273;52036;1.737
24611;60497;2.003
15965;29182;1.909
29182;9008;1.424
60497;9008;1.310
197264;51497;2.066
