52036;9008;0.924
15965;41589;1.429
52036;60497;1.437
24611;51405;1.507
29182;51497;1.497
15965;25273;1.422
197264;2602;1.501
51405;60497;1.424
2602;52036;1.412
51405;5577;1.342
197264;5577;1.471
24611;9008;1.452
24611;29182;1.518
41589;52036;1.320
51497;60497;1.310
197264;51405;1.469
52036;5577;1.430
25273;51497;1.411
197264;60497;1.479
2602;51497;1.453
29182;5577;1.476
29182;51405;1.479
29182;60497;1.497
15965;52036;1.475
197264;29182;1.508
41589;9008;0.924
41589;51497;1.342
24611;41589;1.491
197264;24611;1.550
15965;9008;1.410
24611;25273;1.524
24611;2602;1.520
2602;9008;1.316
25273;51405;1.453
25273;9008;1.348
15965;51497;1.418
25273;60497;1.411
24611;5577;1.507
15965;2602;1.495
5577;9008;1.329
2602;51405;1.453
24611;52036;1.485
2602;60497;1.453
197264;41589;1.441
15965;5577;1.486
197264;25273;1.440
25273;29182;1.486
41589;51405;1.356
25273;2602;1.460
41589;60497;1.342
29182;41589;1.420
2602;29182;1.485
51497;9008;1.310
41589;5577;1.356
25273;5577;1.450
51405;52036;1.434
15965;51405;1.487
15965;60497;1.418
2602;5577;1.449
25273;41589;1.374
51497;52036;1.437
24611;51497;1.514
2602;41589;1.362
197264;52036;1.481
51405;9008;1.331
197264;9008;1.433
51497;5577;1.418
51405;51497;1.424
15965;24611;1.531
29182;52036;1.449
5577;60497;1.418
15965;197264;1.478
25273;52036;1.432
24611;60497;1.514
15965;29182;1.517
29182;9008;1.379
60497;9008;1.310
197264;51497;1.479
