28843;34354;0.936
41390;47814;1.523
43513;8194;0.929
41390;5518;2.028
28843;28886;1.695
35254;52173;2.142
35302;41898;0.926
12578;5538;2.398
196948;21156;1.474
29466;47814;1.277
35254;41898;2.064
52048;57516;1.225
12847;42480;1.408
20910;42979;1.287
196948;8194;1.157
12578;31519;2.365
28886;34354;1.695
12578;24651;2.407
42979;8194;1.194
47814;52048;1.744
2588;35302;1.415
21156;41898;1.475
29600;35333;1.301
196644;8194;0.359
12578;21156;2.473
199103;8285;1.115
2588;43513;1.112
31519;47570;1.275
196644;57516;0.086
196948;2588;1.415
29466;41390;1.263
41390;52173;1.217
196644;35254;2.060
28886;42480;1.743
35302;35333;1.267
196948;52048;1.339
28886;43877;1.617
41390;42979;1.283
29600;5538;1.208
35302;47814;1.523
196644;2588;1.112
31519;8285;1.085
12578;12993;2.469
35254;47814;2.327
21156;35333;1.691
52173;57516;0.974
34354;47570;1.202
12578;52048;2.449
41390;8285;1.151
21156;47814;1.648
42480;47814;1.688
28843;31519;1.257
31519;5518;2.001
29600;52173;1.256
12847;34354;1.145
35302;41390;0.934
24589;35302;0.969
20910;35302;0.925
31519;57516;0.983
29600;41898;0.969
35254;41390;2.077
12847;28843;1.145
31519;35254;2.192
12847;28886;1.613
12993;35302;2.141
57516;8194;0.358
42979;43877;1.397
24589;43513;1.301
196644;196948;0.925
12847;196948;0.928
35302;52173;1.224
12847;8194;1.158
21156;41390;1.477
196948;29466;1.273
12993;43513;2.081
47570;57516;0.970
41898;52048;1.340
43513;52048;1.540
35302;42979;1.287
29466;8194;1.086
12993;196948;2.141
35254;42979;2.205
21156;8194;1.550
12847;43877;1.155
34354;57516;0.989
21156;52173;1.640
196644;35333;0.924
42480;52173;1.511
34354;35254;2.183
199103;35302;1.377
35333;43513;0.924
52173;8285;1.174
12578;29466;2.365
21156;42979;1.708
42480;42979;1.502
41898;47570;1.142
12993;8285;2.095
29600;47814;1.558
199103;43513;1.354
28843;52048;1.554
24651;31519;1.531
29466;35302;1.273
21156;2588;1.736
52048;52173;1.574
29466;43513;1.267
34354;8285;1.159
24651;29466;1.481
12993;20910;2.141
52173;5518;2.047
12993;5518;2.350
41898;8194;1.157
196948;24589;0.969
35254;8194;2.140
35302;5538;1.167
29600;41390;0.969
12847;31519;1.241
31519;35333;1.339
43877;8285;1.244
12847;24651;1.486
196644;52173;0.925
196948;47570;1.141
34354;5518;2.069
196644;41898;0.926
12993;29600;2.175
24651;8285;1.307
196644;42979;0.947
12578;24589;2.349
199103;20910;1.377
29600;8194;1.170
35254;35302;2.064
2588;5538;1.509
29600;42979;1.322
28843;29466;1.298
43877;5518;1.992
24651;52048;1.715
20910;43513;1.267
34354;35333;1.287
12578;47570;2.231
47814;57516;1.313
20910;5518;2.017
28886;31519;1.660
24651;5518;2.006
47814;8285;1.414
2588;29600;1.429
199103;29600;1.374
28886;5538;1.683
5518;8285;1.932
24651;47570;1.521
12578;12847;2.323
31519;52173;1.312
196948;57516;0.978
196948;35254;2.064
24589;42480;1.419
196644;47814;1.272
31519;41898;1.240
12847;2588;1.417
31519;42979;1.357
43513;47570;1.275
12993;42480;2.238
41390;43513;1.262
2588;34354;1.424
47814;5518;2.060
47570;52173;1.249
12578;8194;2.284
5518;57516;1.860
12578;57516;2.242
12578;35254;2.476
34354;52173;1.229
35333;42480;1.484
34354;41898;1.145
196644;41390;0.925
28886;52048;1.770
52048;5538;1.527
28843;47570;1.202
29600;35302;0.969
2588;42480;1.502
12578;2588;2.328
199103;42480;1.474
196644;5518;1.828
2588;43877;1.510
24589;29600;0.969
20910;29600;0.969
31519;47814;1.279
29600;43513;1.301
20910;8285;1.158
29466;42480;1.455
41898;57516;0.979
12847;29466;1.274
43513;57516;0.928
12847;21156;1.476
47570;47814;1.527
35302;43513;1.267
24589;34354;1.190
35254;43513;2.202
28843;8285;1.159
21156;35302;1.474
196948;35333;1.267
42979;52048;1.551
34354;47814;1.562
12993;34354;2.181
31519;41390;1.219
12847;12993;2.141
28843;57516;0.989
43513;8285;0.931
21156;43513;1.691
42480;43513;1.484
28886;29466;1.638
28843;35254;2.183
12847;52048;1.341
28843;5518;2.069
20910;42480;1.408
29466;29600;1.300
196948;8285;1.158
12578;35333;2.321
42979;47570;1.293
24589;43877;1.234
47814;52173;1.519
42979;8285;1.200
34354;41390;1.151
12847;196644;0.928
12847;24589;0.971
43513;5518;1.966
12993;43877;2.179
199103;34354;1.306
196644;8285;0.365
2588;28843;1.424
199103;28843;1.306
2588;28886;1.576
199103;28886;1.684
35333;5538;1.366
12993;196644;2.019
29466;5518;1.981
29466;34354;1.298
12847;47570;1.143
196948;5518;2.017
24589;5538;1.208
196644;35302;0.925
196948;52173;1.224
42979;5518;1.978
34354;42979;1.305
35333;43877;1.379
196948;41898;0.926
41390;42480;1.404
196644;43513;0.924
41898;47814;1.523
24651;57516;1.295
199103;43877;1.466
24651;35254;2.236
12578;52173;2.285
28886;47570;1.645
29466;43877;1.383
24589;24651;1.481
12578;41898;2.323
21156;29600;1.499
28843;35333;1.287
12993;24651;2.200
196644;199103;0.963
12847;199103;1.379
20910;34354;1.144
41898;5518;2.017
47570;5538;1.375
35302;8194;1.157
35254;5518;2.393
31519;35302;1.239
20910;28843;1.144
24589;28843;1.190
24589;28886;1.626
20910;28886;1.611
57516;8285;0.364
24651;41898;1.484
196948;47814;1.523
12993;28843;2.181
41898;52173;1.225
12993;28886;2.263
196644;20910;0.925
31519;43513;1.339
43513;52173;1.112
12847;8285;1.159
2588;31519;1.403
41898;42979;1.287
35302;42480;1.408
199103;31519;1.297
2588;8194;1.193
29466;8285;1.087
199103;24651;1.547
35254;42480;2.141
21156;8285;1.551
20910;43877;1.153
28886;57516;1.501
199103;5538;1.549
34354;35302;1.144
12578;47814;2.453
28886;35254;2.313
196948;41390;0.934
21156;42480;1.743
12847;5518;2.017
42480;5538;1.578
34354;43513;1.287
28843;52173;1.229
28886;8194;1.594
24651;35333;1.281
28843;41898;1.145
21156;5518;2.157
24651;47814;1.576
12578;41390;2.336
196948;42979;1.287
43513;47814;1.398
41390;5538;1.175
41390;43877;1.219
41898;8285;1.159
42979;57516;0.996
35254;8285;2.141
2588;52048;1.637
12578;5518;2.526
43877;52048;1.570
35333;8194;0.929
20910;31519;1.239
24589;31519;1.258
20910;24651;1.484
24651;41390;1.467
12578;42979;2.327
12993;31519;2.174
52048;8194;1.316
196644;42480;1.183
28843;47814;1.562
12847;57516;0.979
196948;199103;1.377
20910;21156;1.474
29600;8285;1.171
12993;29466;2.161
12847;35254;2.064
24651;52173;1.432
12578;196948;2.323
29600;42480;1.414
43877;47570;1.046
12993;21156;2.324
29600;43877;1.250
12993;199103;2.156
24651;42979;1.279
28886;35333;1.486
21156;34354;1.621
5538;57516;1.214
5538;8194;1.378
29600;5518;2.033
35302;43877;1.153
28843;41390;1.151
35254;43877;2.101
47570;8194;1.135
29466;31519;1.010
2588;29466;1.334
199103;29466;1.275
196948;35302;0.925
12847;41898;0.928
24589;52048;1.343
20910;52048;1.339
199103;21156;1.655
196644;29600;0.969
31519;42480;1.491
21156;43877;1.614
12993;52048;2.278
42480;43877;1.464
196948;43513;1.267
31519;5538;1.461
12578;8285;2.284
28843;42979;1.305
12993;24589;2.175
12578;35302;2.323
24589;47570;1.225
42979;47814;1.378
28886;52173;1.616
196644;34354;0.936
35333;52048;1.541
12993;47570;2.132
28886;41898;1.612
12578;43513;2.321
29600;34354;1.190
42480;8194;1.340
12847;35333;1.270
199103;52048;1.352
24589;8194;1.170
12847;47814;1.525
199103;24589;1.374
29466;52048;1.500
35333;47570;1.275
20910;29466;1.273
24589;29466;1.300
196644;43877;1.045
21156;24651;1.775
2588;47570;1.410
199103;47570;1.375
41898;43513;1.268
42979;52173;1.125
24589;2588;1.429
31519;34354;1.257
12847;41390;0.936
28886;47814;1.672
12578;20910;2.323
21156;28843;1.621
21156;28886;1.879
52173;5538;1.395
28843;35302;1.144
12993;5538;2.175
12847;52173;1.226
28843;43513;1.287
35302;5518;2.017
35254;52048;2.323
12847;42979;1.288
34354;5538;1.372
31519;43877;1.357
20910;24589;0.969
28886;41390;1.603
2588;57516;1.140
43877;57516;1.088
2588;35254;2.217
29600;31519;1.258
2588;5518;1.980
20910;47570;1.141
199103;8194;1.113
43877;5538;1.386
20910;5538;1.167
34354;42480;1.483
196644;28843;0.936
28886;42979;1.494
196644;28886;1.464
34354;43877;1.304
41390;52048;1.338
24651;5538;1.566
24651;35302;1.484
31519;8194;1.084
28886;5518;2.121
199103;2588;1.425
196948;20910;0.925
24651;43513;1.281
21156;31519;1.420
41390;8194;1.149
41390;47570;1.187
47814;5538;1.597
21156;29466;1.475
24589;57516;1.017
35302;8285;1.158
5518;5538;2.066
20910;35254;2.064
24589;35254;2.095
29466;47570;1.290
29600;52048;1.373
12993;57516;2.043
12993;35254;2.417
196948;29600;0.969
52048;5518;2.107
2588;35333;1.112
41898;42480;1.408
35302;52048;1.339
2588;8285;1.197
12578;196644;2.224
196644;5538;1.166
43877;47814;1.602
35333;57516;0.928
28886;35302;1.611
12578;29600;2.349
196644;31519;0.929
24589;41898;0.969
199103;57516;1.005
196644;24651;1.271
21156;52048;1.715
42480;52048;1.615
52173;8194;1.170
199103;35254;2.197
28886;43513;1.486
12993;41898;2.141
35302;47570;1.141
12993;8194;2.095
28886;8285;1.595
35254;47570;2.125
29466;57516;0.981
21156;24589;1.499
29466;35254;2.211
196644;21156;1.420
24651;29600;1.478
12578;34354;2.348
196948;42480;1.408
34354;8194;1.157
21156;47570;1.616
42480;47570;1.434
35333;41898;1.268
196948;43877;1.153
2588;52173;1.285
12993;2588;2.095
43877;52173;1.353
2588;41898;1.415
199103;41898;1.377
20910;35333;1.267
24589;35333;1.301
35333;8285;0.931
28843;5538;1.372
43877;8194;1.241
12578;199103;2.344
12993;35333;2.081
24589;47814;1.558
12578;42480;2.348
42979;43513;0.953
52048;8285;1.319
12578;43877;2.311
12993;47814;2.223
43513;5538;1.366
196644;52048;1.192
24651;8194;1.303
20910;57516;0.978
12847;35302;0.928
28843;29600;1.190
35333;5518;1.966
29466;5538;1.460
196948;5538;1.167
24589;5518;2.033
24651;42480;1.536
12847;43513;1.270
42979;5538;1.381
35333;47814;1.398
24589;41390;0.969
199103;35333;1.354
5538;8285;1.380
12993;41390;2.153
24651;2588;1.301
41898;43877;1.154
2588;47814;1.452
199103;47814;1.552
47814;8194;1.412
43513;43877;1.379
29600;47570;1.225
29466;35333;1.267
47570;8285;1.137
20910;52173;1.224
24589;52173;1.256
8194;8285;0.365
5518;8194;1.932
196948;34354;1.144
41390;57516;0.978
20910;41898;0.926
12993;52173;2.064
24589;42979;1.322
196948;28843;1.144
31519;52048;1.494
196948;28886;1.611
35333;41390;1.262
12993;42979;2.087
196644;29466;0.936
28843;42480;1.483
41898;5538;1.168
2588;41390;1.409
47570;5518;1.987
199103;41390;1.342
28843;43877;1.304
12847;20910;0.928
47570;52048;1.566
35254;5538;2.184
35333;52173;1.112
12578;28843;2.348
12578;28886;2.450
35333;42979;0.953
34354;52048;1.554
199103;52173;1.390
42480;8285;1.341
41390;41898;0.935
29600;57516;1.017
35254;35333;2.202
29600;35254;2.095
2588;42979;1.135
199103;42979;1.366
24651;34354;1.535
29466;52173;1.304
24589;8285;1.171
20910;47814;1.523
12847;29600;0.971
24651;28843;1.535
199103;5518;1.965
20910;8194;1.157
29466;41898;1.273
24651;28886;1.575
29466;42979;1.289
35302;57516;0.978
12847;5538;1.169
35254;57516;2.089
42480;5518;1.964
196644;24589;0.969
21156;5538;1.672
21156;57516;1.463
42480;57516;1.181
24651;43877;1.549
28843;8194;1.157
20910;41390;0.934
20910;2588;1.415
21156;35254;2.273
196644;47570;0.925
196948;31519;1.239
28886;29600;1.627
196948;24651;1.484
