28843;34354;0.936
41390;47814;1.381
43513;8194;0.929
41390;5518;1.453
28843;28886;1.465
35254;52173;1.484
35302;41898;0.926
12578;5538;1.503
196948;21156;1.437
29466;47814;1.272
35254;41898;1.448
52048;57516;1.211
12847;42480;1.350
20910;42979;1.270
196948;8194;1.156
12578;31519;1.528
28886;34354;1.465
12578;24651;1.511
42979;8194;1.180
47814;52048;1.447
2588;35302;1.303
21156;41898;1.437
29600;35333;1.281
196644;8194;0.359
12578;21156;1.545
199103;8285;1.093
2588;43513;1.111
31519;47570;1.275
196644;57516;0.086
196948;2588;1.303
29466;41390;1.263
41390;52173;1.217
196644;35254;1.448
28886;42480;1.467
35302;35333;1.267
196948;52048;1.339
28886;43877;1.439
41390;42979;1.266
29600;5538;1.191
35302;47814;1.383
196644;2588;1.111
31519;8285;1.084
12578;12993;1.512
35254;47814;1.532
21156;35333;1.464
52173;57516;0.974
34354;47570;1.202
12578;52048;1.526
41390;8285;1.149
21156;47814;1.423
42480;47814;1.461
28843;31519;1.256
31519;5518;1.495
29600;52173;1.234
12847;34354;1.144
35302;41390;0.934
24589;35302;0.969
20910;35302;0.925
31519;57516;0.983
29600;41898;0.969
35254;41390;1.456
12847;28843;1.144
31519;35254;1.511
12847;28886;1.443
12993;35302;1.485
57516;8194;0.358
42979;43877;1.311
24589;43513;1.281
196644;196948;0.925
12847;196948;0.928
35302;52173;1.224
12847;8194;1.157
21156;41390;1.436
196948;29466;1.272
12993;43513;1.487
47570;57516;0.970
41898;52048;1.340
43513;52048;1.387
35302;42979;1.270
29466;8194;1.086
12993;196948;1.485
35254;42979;1.489
21156;8194;1.422
12847;43877;1.154
34354;57516;0.989
21156;52173;1.455
196644;35333;0.924
42480;52173;1.402
34354;35254;1.487
199103;35302;1.349
35333;43513;0.924
52173;8285;1.170
12578;29466;1.525
21156;42979;1.465
42480;42979;1.380
41898;47570;1.141
12993;8285;1.474
29600;47814;1.395
199103;43513;1.330
28843;52048;1.409
24651;31519;1.412
29466;35302;1.272
21156;2588;1.475
52048;52173;1.414
29466;43513;1.265
34354;8285;1.157
24651;29466;1.369
12993;20910;1.485
52173;5518;1.475
12993;5518;1.513
41898;8194;1.157
196948;24589;0.969
35254;8194;1.467
35302;5538;1.166
29600;41390;0.969
12847;31519;1.241
31519;35333;1.339
43877;8285;1.194
12847;24651;1.372
196644;52173;0.925
196948;47570;1.141
34354;5518;1.481
196644;41898;0.926
12993;29600;1.493
24651;8285;1.304
196644;42979;0.947
12578;24589;1.489
199103;20910;1.349
29600;8194;1.169
35254;35302;1.448
2588;5538;1.355
29600;42979;1.282
28843;29466;1.298
43877;5518;1.457
24651;52048;1.438
20910;43513;1.267
34354;35333;1.286
12578;47570;1.472
47814;57516;1.297
20910;5518;1.450
28886;31519;1.464
24651;5518;1.482
47814;8285;1.334
2588;29600;1.314
199103;29600;1.324
28886;5538;1.467
5518;8285;1.433
24651;47570;1.385
12578;12847;1.485
31519;52173;1.312
196948;57516;0.978
196948;35254;1.448
24589;42480;1.353
196644;47814;1.269
31519;41898;1.239
12847;2588;1.303
31519;42979;1.340
43513;47570;1.275
12993;42480;1.509
41390;43513;1.262
2588;34354;1.321
47814;5518;1.512
47570;52173;1.249
12578;8194;1.483
5518;57516;1.421
12578;57516;1.475
12578;35254;1.501
34354;52173;1.228
35333;42480;1.379
34354;41898;1.144
196644;41390;0.925
28886;52048;1.465
52048;5538;1.395
28843;47570;1.202
29600;35302;0.969
2588;42480;1.389
12578;2588;1.497
199103;42480;1.357
196644;5518;1.408
2588;43877;1.334
24589;29600;0.969
20910;29600;0.969
31519;47814;1.276
29600;43513;1.281
20910;8285;1.157
29466;42480;1.357
41898;57516;0.979
12847;29466;1.272
43513;57516;0.928
12847;21156;1.437
47570;47814;1.391
35302;43513;1.267
24589;34354;1.165
35254;43513;1.489
28843;8285;1.157
21156;35302;1.437
196948;35333;1.267
42979;52048;1.392
34354;47814;1.410
12993;34354;1.507
31519;41390;1.219
12847;12993;1.485
28843;57516;0.989
43513;8285;0.931
21156;43513;1.464
42480;43513;1.379
28886;29466;1.444
28843;35254;1.487
12847;52048;1.340
28843;5518;1.481
20910;42480;1.350
29466;29600;1.281
196948;8285;1.157
12578;35333;1.495
42979;47570;1.278
24589;43877;1.216
47814;52173;1.401
42979;8285;1.182
34354;41390;1.151
12847;196644;0.928
12847;24589;0.971
43513;5518;1.472
12993;43877;1.491
199103;34354;1.284
196644;8285;0.365
2588;28843;1.321
199103;28843;1.284
2588;28886;1.406
199103;28886;1.442
35333;5538;1.329
12993;196644;1.459
29466;5518;1.495
29466;34354;1.298
12847;47570;1.142
196948;5518;1.450
24589;5538;1.191
196644;35302;0.925
196948;52173;1.224
42979;5518;1.473
34354;42979;1.288
35333;43877;1.307
196948;41898;0.926
41390;42480;1.341
196644;43513;0.924
41898;47814;1.384
24651;57516;1.295
199103;43877;1.370
24651;35254;1.498
12578;52173;1.493
28886;47570;1.441
29466;43877;1.322
24589;24651;1.366
12578;41898;1.485
21156;29600;1.439
28843;35333;1.286
12993;24651;1.509
196644;199103;0.959
12847;199103;1.351
20910;34354;1.144
41898;5518;1.450
47570;5538;1.280
35302;8194;1.156
35254;5518;1.510
31519;35302;1.239
20910;28843;1.144
24589;28843;1.165
24589;28886;1.438
20910;28886;1.442
57516;8285;0.364
24651;41898;1.372
196948;47814;1.383
12993;28843;1.507
41898;52173;1.225
12993;28886;1.510
196644;20910;0.925
31519;43513;1.339
43513;52173;1.112
12847;8285;1.158
2588;31519;1.356
41898;42979;1.271
35302;42480;1.350
199103;31519;1.274
2588;8194;1.192
29466;8285;1.086
199103;24651;1.396
35254;42480;1.480
21156;8285;1.422
20910;43877;1.153
28886;57516;1.390
199103;5538;1.405
34354;35302;1.144
12578;47814;1.539
28886;35254;1.505
196948;41390;0.934
21156;42480;1.497
12847;5518;1.450
42480;5538;1.418
34354;43513;1.286
28843;52173;1.228
28886;8194;1.406
24651;35333;1.281
28843;41898;1.144
21156;5518;1.527
24651;47814;1.452
12578;41390;1.488
196948;42979;1.270
43513;47814;1.393
41390;5538;1.174
41390;43877;1.219
41898;8285;1.157
42979;57516;0.994
35254;8285;1.467
2588;52048;1.399
12578;5518;1.525
43877;52048;1.419
35333;8194;0.929
20910;31519;1.239
24589;31519;1.239
20910;24651;1.372
24651;41390;1.360
12578;42979;1.496
12993;31519;1.521
52048;8194;1.244
196644;42480;1.182
28843;47814;1.410
12847;57516;0.979
196948;199103;1.349
20910;21156;1.437
29600;8285;1.170
12993;29466;1.521
12847;35254;1.448
24651;52173;1.347
12578;196948;1.485
29600;42480;1.350
43877;47570;1.046
12993;21156;1.541
29600;43877;1.233
12993;199103;1.505
24651;42979;1.262
28886;35333;1.393
21156;34354;1.462
5538;57516;1.203
5538;8194;1.284
29600;5518;1.454
35302;43877;1.153
28843;41390;1.151
35254;43877;1.457
47570;8194;1.135
29466;31519;1.010
2588;29466;1.286
199103;29466;1.251
196948;35302;0.925
12847;41898;0.928
24589;52048;1.322
20910;52048;1.339
199103;21156;1.463
196644;29600;0.969
31519;42480;1.389
21156;43877;1.455
12993;52048;1.516
42480;43877;1.372
196948;43513;1.267
31519;5538;1.344
12578;8285;1.483
28843;42979;1.288
12993;24589;1.493
12578;35302;1.485
24589;47570;1.207
42979;47814;1.356
28886;52173;1.416
196644;34354;0.936
35333;52048;1.387
12993;47570;1.480
28886;41898;1.442
12578;43513;1.495
29600;34354;1.165
42480;8194;1.262
12847;35333;1.268
199103;52048;1.271
24589;8194;1.169
12847;47814;1.385
199103;24589;1.324
29466;52048;1.373
35333;47570;1.275
20910;29466;1.272
24589;29466;1.281
196644;43877;1.045
21156;24651;1.487
2588;47570;1.302
199103;47570;1.347
41898;43513;1.268
42979;52173;1.118
24589;2588;1.314
31519;34354;1.256
12847;41390;0.936
28886;47814;1.467
12578;20910;1.485
21156;28843;1.462
21156;28886;1.506
52173;5538;1.326
28843;35302;1.144
12993;5538;1.489
12847;52173;1.225
28843;43513;1.286
35302;5518;1.450
35254;52048;1.523
12847;42979;1.271
34354;5538;1.291
31519;43877;1.303
20910;24589;0.969
28886;41390;1.436
2588;57516;1.139
43877;57516;1.081
2588;35254;1.493
29600;31519;1.239
2588;5518;1.476
20910;47570;1.141
199103;8194;1.092
43877;5538;1.290
20910;5538;1.166
34354;42480;1.391
196644;28843;0.936
28886;42979;1.395
196644;28886;1.379
34354;43877;1.247
41390;52048;1.336
24651;5538;1.408
24651;35302;1.372
31519;8194;1.084
28886;5518;1.509
199103;2588;1.349
196948;20910;0.925
24651;43513;1.281
21156;31519;1.382
41390;8194;1.149
41390;47570;1.187
47814;5538;1.405
21156;29466;1.404
24589;57516;1.017
35302;8285;1.157
5518;5538;1.459
20910;35254;1.448
24589;35254;1.457
29466;47570;1.290
29600;52048;1.352
12993;57516;1.465
12993;35254;1.513
196948;29600;0.969
52048;5518;1.493
2588;35333;1.111
41898;42480;1.350
35302;52048;1.339
2588;8285;1.192
12578;196644;1.471
196644;5538;1.166
43877;47814;1.414
35333;57516;0.928
28886;35302;1.442
12578;29600;1.489
196644;31519;0.929
24589;41898;0.969
199103;57516;0.999
196644;24651;1.270
21156;52048;1.494
42480;52048;1.406
52173;8194;1.169
199103;35254;1.502
28886;43513;1.393
12993;41898;1.485
35302;47570;1.141
12993;8194;1.474
28886;8285;1.406
35254;47570;1.455
29466;57516;0.981
21156;24589;1.439
29466;35254;1.515
196644;21156;1.382
24651;29600;1.366
12578;34354;1.507
196948;42480;1.350
34354;8194;1.157
21156;47570;1.454
42480;47570;1.361
35333;41898;1.268
196948;43877;1.153
2588;52173;1.222
12993;2588;1.489
43877;52173;1.283
2588;41898;1.303
199103;41898;1.350
20910;35333;1.267
24589;35333;1.281
35333;8285;0.931
28843;5538;1.291
43877;8194;1.191
12578;199103;1.511
12993;35333;1.487
24589;47814;1.395
12578;42480;1.499
42979;43513;0.952
52048;8285;1.245
12578;43877;1.483
12993;47814;1.531
43513;5538;1.329
196644;52048;1.192
24651;8194;1.303
20910;57516;0.978
12847;35302;0.928
28843;29600;1.165
35333;5518;1.472
29466;5538;1.351
196948;5538;1.166
24589;5518;1.454
24651;42480;1.419
12847;43513;1.268
42979;5538;1.326
35333;47814;1.393
24589;41390;0.969
199103;35333;1.330
5538;8285;1.285
12993;41390;1.491
24651;2588;1.299
41898;43877;1.153
2588;47814;1.404
199103;47814;1.407
47814;8194;1.333
43513;43877;1.307
29600;47570;1.207
29466;35333;1.265
47570;8285;1.137
20910;52173;1.224
24589;52173;1.234
8194;8285;0.365
5518;8194;1.433
196948;34354;1.144
41390;57516;0.978
20910;41898;0.926
12993;52173;1.487
24589;42979;1.282
196948;28843;1.144
31519;52048;1.377
196948;28886;1.442
35333;41390;1.262
12993;42979;1.487
196644;29466;0.936
28843;42480;1.391
41898;5538;1.168
2588;41390;1.300
47570;5518;1.455
199103;41390;1.314
28843;43877;1.247
12847;20910;0.928
47570;52048;1.412
35254;5538;1.477
35333;52173;1.112
12578;28843;1.507
12578;28886;1.516
35333;42979;0.952
34354;52048;1.409
199103;52173;1.362
42480;8285;1.262
41390;41898;0.935
29600;57516;1.017
35254;35333;1.489
29600;35254;1.457
2588;42979;1.117
199103;42979;1.335
24651;34354;1.397
29466;52173;1.301
24589;8285;1.170
20910;47814;1.383
12847;29600;0.971
24651;28843;1.397
199103;5518;1.475
20910;8194;1.156
29466;41898;1.272
24651;28886;1.411
29466;42979;1.270
35302;57516;0.978
12847;5538;1.168
35254;57516;1.457
42480;5518;1.445
196644;24589;0.969
21156;5538;1.473
21156;57516;1.406
42480;57516;1.180
24651;43877;1.388
28843;8194;1.157
20910;41390;0.934
20910;2588;1.303
21156;35254;1.529
196644;47570;0.925
196948;31519;1.239
28886;29600;1.438
196948;24651;1.372
