31204;43831;1.227
25319;60456;1.427
1547;41221;2.588
1547;15836;2.569
25319;60685;1.209
31252;39526;2.129
31252;39279;2.187
25319;34645;1.138
1547;25319;2.574
35346;60456;1.608
15836;60456;1.354
35346;60685;1.457
43289;43925;1.401
34645;43925;1.347
15836;60685;1.263
31252;43831;2.201
15836;34645;0.981
35346;61059;1.252
25454;31204;1.483
15836;61059;0.926
60685;8926;1.816
25319;39526;1.138
25319;39279;1.296
15836;31252;2.112
43925;60456;1.301
25319;35346;1.408
43925;60685;1.242
43831;43925;1.220
39526;43925;1.347
35346;39526;1.345
35346;39279;1.661
25454;43289;1.561
25319;43831;1.227
15836;39526;0.981
15836;39279;1.450
43289;60456;1.410
34645;8926;1.945
34645;60456;1.414
31252;35346;2.147
43925;61059;1.345
39526;61059;0.982
43289;60685;1.322
34645;60685;1.264
60685;61059;1.265
35346;43831;1.384
43289;61059;0.985
34645;61059;0.982
15836;43831;1.286
39279;43289;1.500
31252;8926;2.397
1547;43925;2.591
43831;60456;1.459
39526;60456;1.414
25454;41221;1.322
43831;60685;1.089
39526;60685;1.264
34645;39526;0.924
34645;39279;1.457
43831;61059;1.288
41221;43289;1.342
15836;35346;1.250
1547;25454;2.615
25319;31204;0.923
43289;43831;1.343
34645;43831;1.291
31204;41221;1.226
1547;8926;2.667
39279;41221;1.496
1547;60456;2.591
31204;43289;1.194
1547;60685;2.613
60456;8926;2.043
1547;61059;2.569
41221;8926;1.722
31252;41221;2.200
25454;8926;1.952
39526;43831;1.291
1547;31252;2.688
39279;8926;2.105
34645;35346;1.345
43289;8926;1.967
31252;43289;2.120
31204;8926;1.914
15836;31204;1.136
1547;34645;2.576
25454;43925;1.401
25319;41221;1.226
1547;43831;2.589
25319;8926;1.914
25319;43289;1.194
35346;41221;1.383
15836;41221;1.285
60456;61059;1.355
35346;43289;1.306
39279;43925;1.497
15836;43289;0.983
1547;39526;2.576
15836;25319;1.136
1547;39279;2.613
25454;60456;1.603
1547;35346;2.608
25454;60685;1.420
25454;34645;1.521
43925;8926;1.877
41221;43925;1.218
25454;61059;1.513
60456;60685;1.455
34645;41221;1.290
39279;60456;1.654
25454;31252;2.309
31204;43925;1.251
39279;60685;1.487
34645;43289;1.005
61059;8926;1.951
31204;61059;1.138
39279;61059;1.450
25454;39526;1.521
41221;60456;1.458
31204;31252;2.108
41221;60685;1.088
39526;41221;1.290
25454;43831;1.323
31252;43925;2.261
41221;61059;1.287
39526;43289;1.005
1547;31204;2.574
31204;60456;1.427
31204;60685;1.209
31204;34645;1.138
25319;25454;1.483
15836;8926;1.951
39279;43831;1.497
25454;39279;1.651
39526;8926;1.945
35346;8926;1.981
25454;35346;1.610
25319;43925;1.251
15836;25454;1.512
1547;43289;2.577
31252;60456;2.277
25319;61059;1.138
31252;60685;2.196
41221;43831;0.925
35346;43925;1.585
31252;34645;2.129
31204;39526;1.138
31204;39279;1.296
15836;43925;1.343
43831;8926;1.723
39279;39526;1.457
31252;61059;2.112
25319;31252;2.108
31204;35346;1.408
