17971;9930;1.382
38278;4788;1.525
132197;9534;1.443
45352;9534;1.505
55405;9930;1.197
133444;4818;1.282
132197;45960;1.325
24514;56286;1.270
23678;46015;1.383
132197;56286;0.924
23678;24028;1.431
24218;45960;1.472
132196;133444;1.330
133084;17971;0.909
17666;24514;1.430
46015;9534;1.465
38278;45352;1.493
38278;45668;1.426
4788;9930;1.514
133084;17666;1.425
24218;9534;1.500
17971;24218;1.454
38322;55761;1.428
38322;55720;1.414
38182;55761;1.394
38182;55720;1.436
10204;133499;1.382
55720;55761;1.425
24028;45352;1.454
24028;45668;1.388
45352;45668;1.416
38322;4818;1.392
24090;38322;1.398
24218;56169;1.454
24090;9655;1.365
17971;55761;1.407
17971;55720;1.435
17666;55799;1.511
131310;4788;1.525
133444;56286;1.261
17666;55405;1.419
131310;38322;1.443
132196;38322;1.407
17666;45352;1.383
17666;45668;1.426
17666;23678;1.458
38182;38199;1.453
10204;17971;1.435
23678;38278;1.478
38199;55799;1.511
131310;133499;1.415
132022;133084;1.359
38199;55405;1.336
132197;9655;1.258
10204;24218;1.485
18206;9534;1.465
46015;56169;1.307
10204;17666;1.480
17666;38182;1.470
45960;55799;1.519
38322;46015;1.409
45960;55405;1.328
38199;45352;1.445
38199;45668;1.347
17971;38199;1.372
46015;9655;0.944
133444;9930;1.256
17666;24090;1.430
10204;55720;1.472
132197;24514;1.270
10204;55761;1.416
24218;9655;1.366
17971;46015;1.307
132197;4818;1.358
17971;24028;1.383
45352;4818;1.410
132022;38322;1.388
132196;45960;1.428
24218;56286;1.448
17971;18206;1.279
133084;24218;1.454
4818;9930;1.358
132022;4818;1.345
24090;56169;1.393
24028;24218;1.451
38278;55761;1.468
38278;55720;1.486
38322;9930;1.402
24514;9534;1.437
24514;55799;1.508
132197;55799;1.499
24514;55405;1.271
132197;55405;0.946
10204;38199;1.396
133084;55761;1.407
133084;55720;1.435
131310;56169;1.423
132196;56169;1.385
133444;24514;1.332
38182;38278;1.484
55761;56169;1.407
24514;45352;1.421
24514;45668;1.267
24028;55761;1.428
24028;55720;1.440
45352;55761;1.450
45352;55720;1.417
46015;56286;1.250
17666;17971;1.425
132197;23678;1.341
10204;46015;1.398
18206;9655;1.257
133444;4788;1.515
10204;24028;1.466
24514;38182;1.356
132197;38182;1.342
55799;9930;1.508
132022;45960;1.366
38182;9534;1.464
17971;38278;1.461
55405;56169;1.271
133084;9534;1.483
24090;4818;1.360
132197;24090;1.270
133444;55799;1.499
38182;46015;1.432
133444;55405;1.266
133084;38199;1.372
38278;46015;1.427
18206;4818;1.341
45668;56169;1.368
24028;38199;1.441
56169;56286;1.267
38322;4788;1.529
132022;56169;1.359
24090;45960;1.420
133084;46015;1.307
133444;45352;1.395
133444;45668;1.260
24090;56286;1.270
133444;23678;1.342
133084;24028;1.383
45352;9930;1.428
133499;38322;1.337
24028;46015;1.364
45352;46015;1.435
24218;24514;1.460
24514;9655;1.366
133444;38182;1.402
133084;18206;1.279
131310;45960;1.463
10204;38278;1.479
131310;56286;1.417
132196;56286;1.342
132022;9930;1.152
55761;56286;1.289
132196;9534;1.470
133444;24090;1.332
46015;4818;1.390
24218;4818;1.471
55405;56286;0.946
38182;9655;1.433
24218;55799;1.507
24218;55405;1.450
10204;132196;1.452
4788;56169;1.531
10204;132197;1.399
132197;45352;1.411
133084;9655;1.309
132197;45668;1.177
132196;133499;1.321
38199;9534;1.486
133084;133444;1.375
17666;24218;1.490
45668;45960;1.380
45668;9534;1.434
133084;38278;1.461
45668;56286;1.177
132197;4788;1.515
45352;4788;1.533
24028;38278;1.472
132022;56286;1.150
10204;18206;1.389
24090;9930;1.265
24218;38182;1.480
46015;55799;1.481
17666;55761;1.457
17666;55720;1.427
132022;4788;1.514
46015;55405;1.259
133444;17971;1.375
131310;132196;1.426
131310;132197;1.417
18206;38322;1.381
133499;56169;1.244
24090;24514;1.231
38199;55761;1.370
38199;55720;1.427
132196;9655;1.347
132197;9930;1.189
131310;24514;1.450
132196;24514;1.346
45960;55761;1.397
45960;55720;1.447
132197;133084;1.267
4788;56286;1.515
46015;9930;1.304
17666;38199;1.450
24090;55799;1.508
45960;9534;1.493
24218;9930;1.442
24090;55405;1.270
24090;4788;1.522
38199;9655;1.372
17666;46015;1.439
132197;17971;1.267
45668;9655;1.278
17666;24028;1.461
18206;45960;1.349
132197;24218;1.448
24514;4818;1.360
132197;17666;1.418
131310;55799;1.505
18206;4788;1.517
132196;55799;1.494
131310;55405;1.419
132196;55405;1.343
55761;55799;1.518
17666;18206;1.416
38199;46015;1.371
24090;38182;1.355
24218;45352;1.486
133499;45960;1.347
24218;45668;1.446
132022;24514;1.253
24514;55761;1.331
24514;55720;1.393
132196;45352;1.426
133499;56286;1.174
132196;45668;1.341
132197;55761;1.289
132197;55720;1.388
131310;23678;1.470
132196;23678;1.372
10204;9534;1.487
55405;55799;1.499
18206;56169;1.279
10204;131310;1.459
131310;38182;1.478
132196;38182;1.419
38182;4818;1.427
23678;38322;1.440
18206;9930;1.268
132022;133444;1.242
46015;4788;1.518
133084;4818;1.415
4818;56169;1.415
131310;24090;1.450
133444;24218;1.446
132196;24090;1.345
45668;55799;1.503
133444;17666;1.412
24218;4788;1.529
45668;55405;1.184
132022;55799;1.502
132022;55405;1.160
56169;9534;1.483
17666;38278;1.491
24514;38199;1.409
132197;38199;1.333
45960;9655;1.396
9534;9655;1.467
133444;55761;1.308
133444;55720;1.329
132022;45352;1.414
132022;45668;1.079
132022;23678;1.322
24514;46015;1.366
132197;46015;1.250
38199;38278;1.471
56286;9534;1.443
132197;24028;1.377
132022;38182;1.350
10204;133084;1.435
132196;4818;1.363
23678;45960;1.430
24514;9930;1.266
132022;24090;1.253
38322;56169;1.396
24090;45352;1.421
24090;45668;1.265
18206;56286;1.215
10204;9655;1.401
4788;55799;1.538
4788;55405;1.515
133444;38199;1.337
133499;24514;1.321
38182;38322;1.453
4818;56286;1.358
23678;9534;1.487
131310;45352;1.453
131310;45668;1.434
23678;56169;1.434
132196;132197;1.342
133444;46015;1.299
38199;4818;1.405
131310;133084;1.423
45960;46015;1.394
38182;9930;1.351
133444;24028;1.398
45668;4818;1.353
24218;55761;1.453
24218;55720;1.475
17971;38322;1.396
56169;9655;1.309
133084;9930;1.382
24028;9534;1.482
24514;38278;1.456
133444;18206;1.237
132197;38278;1.414
55799;56169;1.507
133499;55799;1.497
133499;55405;1.181
132022;17971;1.359
133084;133499;1.244
56286;9655;1.258
24514;4788;1.522
132022;17666;1.423
46015;55761;1.370
46015;55720;1.418
38322;45960;1.442
17666;9534;1.509
38322;56286;1.390
24218;38199;1.472
55761;9534;1.436
133499;38182;1.401
10204;38322;1.463
24218;46015;1.364
132196;9930;1.348
133499;9534;1.458
133444;38278;1.452
17971;45960;1.389
38182;4788;1.525
132197;18206;1.215
133499;24090;1.321
24090;24218;1.460
18206;24514;1.337
23678;9655;1.385
23678;56286;1.341
45960;4818;1.431
38182;56169;1.449
133084;4788;1.531
131310;17971;1.423
55720;56169;1.435
132196;17971;1.385
55720;9534;1.488
131310;24218;1.469
132196;24218;1.447
133084;56169;0.909
131310;17666;1.455
24090;55720;1.393
132196;17666;1.437
24028;9655;1.365
24090;55761;1.331
38278;38322;1.484
133444;133499;1.122
55799;56286;1.499
38199;9930;1.373
17971;56169;0.909
45668;9930;1.171
133084;38322;1.396
18206;55799;1.499
38278;9534;1.496
131310;55761;1.463
131310;55720;1.451
18206;55405;1.220
132196;55761;1.403
132196;55720;1.389
24028;38322;1.439
10204;4818;1.458
4818;55799;1.507
18206;45352;1.405
4818;55405;1.361
18206;45668;1.224
17666;9655;1.440
18206;23678;1.335
24218;38278;1.501
132196;4788;1.515
55761;9655;1.374
55405;55761;1.294
55405;55720;1.391
24090;38199;1.409
18206;38182;1.401
132022;24218;1.442
133499;45352;1.369
133499;45668;1.240
133499;9655;1.241
133499;23678;1.347
38182;45960;1.452
10204;56169;1.435
38182;56286;1.342
131310;38199;1.461
18206;24090;1.337
132196;38199;1.411
45668;55761;1.271
45668;55720;1.380
55720;56286;1.388
132022;133499;1.218
132197;133444;1.261
38199;4788;1.525
132022;55761;1.257
132022;55720;1.380
133084;45960;1.389
55720;9655;1.420
131310;9534;1.502
45668;4788;1.516
133084;56286;1.267
131310;46015;1.392
23678;24514;1.389
132196;46015;1.346
17971;9534;1.483
131310;24028;1.448
45960;9930;1.390
17971;56286;1.267
132196;24028;1.368
9534;9930;1.438
55405;9534;1.445
38278;56169;1.461
132196;133084;1.385
38278;9655;1.428
4788;9534;1.527
24028;56169;1.383
45352;56169;1.425
23678;55799;1.510
132022;38199;1.334
23678;55405;1.345
23678;4818;1.397
10204;9930;1.421
45668;46015;1.272
24090;38278;1.456
4788;55761;1.520
4788;55720;1.527
132022;46015;1.241
23678;45352;1.453
10204;45960;1.450
23678;45668;1.319
10204;56286;1.399
132022;24028;1.386
24028;4818;1.414
133499;17971;1.244
131310;38278;1.484
132196;38278;1.461
23678;38182;1.426
132022;18206;1.201
9655;9930;1.310
45960;4788;1.524
133499;24218;1.445
133499;17666;1.387
56169;9930;1.382
131310;9655;1.395
17666;38322;1.378
23678;24090;1.389
24090;46015;1.365
17971;9655;1.309
38278;45960;1.476
55405;9655;1.259
38278;56286;1.414
133499;55720;1.321
133499;55761;1.316
17666;4818;1.425
17971;24514;1.394
56286;9930;1.189
38199;38322;1.428
133444;9534;1.462
24028;45960;1.446
45352;45960;1.457
4788;9655;1.518
24028;56286;1.377
10204;4788;1.527
45352;56286;1.411
10204;133444;1.393
133499;4818;1.270
38322;55799;1.506
38182;55799;1.519
132022;38278;1.422
38322;55405;1.391
38182;55405;1.346
17971;4818;1.415
131310;18206;1.422
132196;18206;1.318
55720;55799;1.510
38322;45352;1.360
38322;45668;1.393
4818;9534;1.476
133499;38199;1.295
17971;55799;1.507
17666;45960;1.453
23678;9930;1.320
17971;55405;1.271
38322;9534;1.489
131310;133444;1.411
10204;24514;1.449
17971;45352;1.425
17971;45668;1.368
133499;24028;1.378
18206;24218;1.442
17971;23678;1.434
38278;4818;1.474
38199;45960;1.388
24028;9930;1.394
24514;38322;1.398
132197;38322;1.390
17971;38182;1.449
17666;56169;1.425
18206;55761;1.342
18206;55720;1.371
55799;9534;1.529
17971;24090;1.393
133444;9655;1.302
10204;55799;1.515
38199;56169;1.372
4818;55761;1.400
4818;55720;1.326
10204;55405;1.402
17666;9930;1.437
133084;24514;1.394
55761;9930;1.268
45960;56169;1.389
23678;4788;1.519
24028;24514;1.392
133499;9930;1.263
132022;132196;1.338
132022;132197;1.150
133499;38278;1.433
131310;4818;1.442
133444;38322;1.364
4818;9655;1.393
10204;38182;1.484
38278;55799;1.510
18206;38199;1.248
24514;45960;1.420
38278;55405;1.416
24028;4788;1.530
38322;9655;1.410
55720;9930;1.388
133084;55799;1.507
10204;24090;1.449
132022;9534;1.433
18206;46015;1.254
38182;45352;1.463
38182;45668;1.349
133084;55405;1.271
18206;24028;1.387
132197;133499;1.174
24028;55799;1.495
45352;55799;1.511
24028;55405;1.380
4788;4818;1.525
45352;55405;1.412
17666;56286;1.418
133084;45352;1.425
133084;45668;1.368
23678;24218;1.460
24514;56169;1.394
133499;46015;1.233
133084;23678;1.434
10204;132022;1.379
132197;56169;1.267
38278;9930;1.444
17666;4788;1.531
55799;9655;1.482
133084;38182;1.449
38199;56286;1.333
133499;18206;1.152
24028;38182;1.444
133444;45960;1.383
23678;55761;1.388
23678;55720;1.417
133499;4788;1.518
45960;56286;1.325
24218;38322;1.479
133084;24090;1.393
17971;4788;1.531
24028;24090;1.392
24090;9534;1.437
131310;132022;1.421
45352;9655;1.435
18206;38278;1.436
133444;56169;1.375
10204;45352;1.477
10204;45668;1.393
10204;23678;1.454
131310;9930;1.436
132022;9655;1.248
23678;38199;1.417
