17971;9930;1.462
38278;4788;2.745
132197;9534;1.885
45352;9534;2.103
55405;9930;1.269
133444;4818;1.365
132197;45960;1.486
24514;56286;1.334
23678;46015;1.658
132197;56286;0.924
23678;24028;1.845
24218;45960;2.167
132196;133444;1.414
133084;17971;0.909
17666;24514;1.728
46015;9534;1.952
38278;45352;2.023
38278;45668;1.637
4788;9930;2.690
133084;17666;1.693
24218;9534;2.270
17971;24218;1.981
38322;55761;1.635
38322;55720;1.661
38182;55761;1.878
38182;55720;2.026
10204;133499;1.453
55720;55761;1.730
24028;45352;1.885
24028;45668;1.680
45352;45668;1.753
38322;4818;1.538
24090;38322;1.555
24218;56169;1.981
24090;9655;1.478
17971;55761;1.568
17971;55720;1.688
17666;55799;2.336
131310;4788;2.733
133444;56286;1.321
17666;55405;1.740
131310;38322;1.782
132196;38322;1.568
17666;45352;1.683
17666;45668;1.763
17666;23678;1.923
38182;38199;1.984
10204;17971;1.615
23678;38278;1.985
38199;55799;2.318
131310;133499;1.611
132022;133084;1.413
38199;55405;1.453
132197;9655;1.269
10204;24218;2.130
18206;9534;1.931
46015;56169;1.307
10204;17666;1.844
17666;38182;2.082
45960;55799;2.372
38322;46015;1.578
45960;55405;1.501
38199;45352;1.745
38199;45668;1.490
17971;38199;1.494
46015;9655;0.944
133444;9930;1.380
17666;24090;1.728
10204;55720;1.826
132197;24514;1.334
10204;55761;1.657
24218;9655;1.861
17971;46015;1.307
132197;4818;1.503
17971;24028;1.529
45352;4818;1.660
132022;38322;1.574
132196;45960;1.686
24218;56286;2.033
17971;18206;1.302
133084;24218;1.981
4818;9930;1.560
132022;4818;1.527
24090;56169;1.399
24028;24218;2.103
38278;55761;1.874
38278;55720;2.011
38322;9930;1.607
24514;9534;1.859
24514;55799;2.299
132197;55799;2.277
24514;55405;1.334
132197;55405;0.946
10204;38199;1.549
133084;55761;1.568
133084;55720;1.688
131310;56169;1.636
132196;56169;1.385
133444;24514;1.421
38182;38278;2.076
55761;56169;1.568
24514;45352;1.719
24514;45668;1.348
24028;55761;1.810
24028;55720;1.868
45352;55761;1.789
45352;55720;1.730
46015;56286;1.250
17666;17971;1.693
132197;23678;1.607
10204;46015;1.525
18206;9655;1.289
133444;4788;2.684
10204;24028;1.862
24514;38182;1.752
132197;38182;1.720
55799;9930;2.297
132022;45960;1.577
38182;9534;2.103
17971;38278;1.718
55405;56169;1.271
133084;9534;1.951
24090;4818;1.516
132197;24090;1.333
133444;55799;2.236
38182;46015;1.913
133444;55405;1.329
133084;38199;1.494
38278;46015;1.626
18206;4818;1.521
45668;56169;1.442
24028;38199;1.810
56169;56286;1.267
38322;4788;2.724
132022;56169;1.413
24090;45960;1.688
133084;46015;1.307
133444;45352;1.588
133444;45668;1.386
24090;56286;1.333
133444;23678;1.623
133084;24028;1.529
45352;9930;1.771
133499;38322;1.392
24028;46015;1.536
45352;46015;1.743
24218;24514;2.076
24514;9655;1.479
133444;38182;1.866
133084;18206;1.302
131310;45960;1.883
10204;38278;1.817
131310;56286;1.656
132196;56286;1.442
132022;9930;1.201
55761;56286;1.451
132196;9534;1.969
133444;24090;1.421
46015;4818;1.578
24218;4818;2.109
55405;56286;0.946
38182;9655;1.924
24218;55799;2.364
24218;55405;2.042
10204;132196;1.687
4788;56169;2.715
10204;132197;1.553
132197;45352;1.691
133084;9655;1.309
132197;45668;1.221
132196;133499;1.373
38199;9534;1.981
133084;133444;1.375
17666;24218;2.224
45668;45960;1.622
45668;9534;1.848
133084;38278;1.718
45668;56286;1.221
132197;4788;2.683
45352;4788;2.757
24028;38278;1.912
132022;56286;1.188
10204;18206;1.503
24090;9930;1.353
24218;38182;2.253
46015;55799;2.201
17666;55761;1.779
17666;55720;1.745
132022;4788;2.693
46015;55405;1.271
133444;17971;1.375
131310;132196;1.708
131310;132197;1.656
18206;38322;1.536
133499;56169;1.245
24090;24514;1.236
38199;55761;1.564
38199;55720;1.730
132196;9655;1.454
132197;9930;1.250
131310;24514;1.780
132196;24514;1.437
45960;55761;1.670
45960;55720;1.852
132197;133084;1.267
4788;56286;2.683
46015;9930;1.305
17666;38199;1.763
24090;55799;2.299
45960;9534;2.065
24218;9930;2.044
24090;55405;1.334
24090;4788;2.704
38199;9655;1.508
17666;46015;1.783
132197;17971;1.267
45668;9655;1.342
17666;24028;1.943
18206;45960;1.514
132197;24218;2.033
24514;4818;1.517
132197;17666;1.726
131310;55799;2.321
18206;4788;2.707
132196;55799;2.266
131310;55405;1.672
132196;55405;1.443
55761;55799;2.332
17666;18206;1.727
38199;46015;1.498
24090;38182;1.751
24218;45352;2.187
133499;45960;1.465
24218;45668;2.064
132022;24514;1.320
24514;55761;1.476
24514;55720;1.684
132196;45352;1.700
133499;56286;1.174
132196;45668;1.488
132197;55761;1.451
132197;55720;1.669
131310;23678;1.930
132196;23678;1.679
10204;9534;2.000
55405;55799;2.281
18206;56169;1.302
10204;131310;1.823
131310;38182;2.109
132196;38182;1.900
38182;4818;1.938
23678;38322;1.814
18206;9930;1.364
132022;133444;1.348
46015;4788;2.694
133084;4818;1.541
4818;56169;1.541
131310;24090;1.780
133444;24218;1.986
132196;24090;1.437
45668;55799;2.296
133444;17666;1.645
24218;4788;2.769
45668;55405;1.240
132022;55799;2.304
132022;55405;1.209
56169;9534;1.951
17666;38278;2.034
24514;38199;1.589
132197;38199;1.440
45960;9655;1.618
9534;9655;1.965
133444;55761;1.391
133444;55720;1.541
132022;45352;1.736
132022;45668;1.120
132022;23678;1.607
24514;46015;1.478
132197;46015;1.250
38199;38278;1.828
56286;9534;1.885
132197;24028;1.591
132022;38182;1.769
10204;133084;1.615
132196;4818;1.553
23678;45960;1.829
24514;9930;1.355
132022;24090;1.320
38322;56169;1.471
24090;45352;1.718
24090;45668;1.346
18206;56286;1.242
10204;9655;1.539
4788;55799;2.824
4788;55405;2.685
133444;38199;1.382
133499;24514;1.376
38182;38322;1.978
4818;56286;1.503
23678;9534;2.065
131310;45352;1.887
131310;45668;1.747
23678;56169;1.693
132196;132197;1.442
133444;46015;1.371
38199;4818;1.598
131310;133084;1.636
45960;46015;1.605
38182;9930;1.765
133444;24028;1.657
45668;4818;1.551
24218;55761;2.083
24218;55720;2.187
17971;38322;1.471
56169;9655;1.309
133084;9930;1.462
24028;9534;2.109
24514;38278;1.785
133444;18206;1.294
132197;38278;1.592
55799;56169;2.237
133499;55799;2.230
133499;55405;1.193
132022;17971;1.413
133084;133499;1.245
56286;9655;1.269
24514;4788;2.704
132022;17666;1.749
46015;55761;1.570
46015;55720;1.741
38322;45960;1.703
17666;9534;2.104
38322;56286;1.546
24218;38199;2.127
55761;9534;1.833
133499;38182;1.842
10204;38322;1.693
24218;46015;1.852
132196;9930;1.509
133499;9534;1.885
133444;38278;1.763
17971;45960;1.578
38182;4788;2.735
132197;18206;1.242
133499;24090;1.375
24090;24218;2.076
18206;24514;1.431
23678;9655;1.663
23678;56286;1.607
45960;4818;1.716
38182;56169;1.863
133084;4788;2.715
131310;17971;1.636
55720;56169;1.688
132196;17971;1.385
55720;9534;2.047
131310;24218;2.098
132196;24218;2.055
133084;56169;0.909
131310;17666;1.921
24090;55720;1.684
132196;17666;1.741
24028;9655;1.546
24090;55761;1.475
38278;38322;1.912
133444;133499;1.127
55799;56286;2.277
38199;9930;1.540
17971;56169;0.909
45668;9930;1.216
133084;38322;1.471
18206;55799;2.270
38278;9534;2.088
131310;55761;1.853
131310;55720;1.905
18206;55405;1.254
132196;55761;1.621
132196;55720;1.675
24028;38322;1.739
10204;4818;1.701
4818;55799;2.305
18206;45352;1.690
4818;55405;1.519
18206;45668;1.301
17666;9655;1.796
18206;23678;1.597
24218;38278;2.254
132196;4788;2.683
55761;9655;1.584
55405;55761;1.466
55405;55720;1.682
24090;38199;1.588
18206;38182;1.843
132022;24218;2.089
133499;45352;1.559
133499;45668;1.305
133499;9655;1.252
133499;23678;1.609
38182;45960;1.996
10204;56169;1.615
38182;56286;1.720
131310;38199;1.806
18206;24090;1.431
132196;38199;1.593
45668;55761;1.444
45668;55720;1.697
55720;56286;1.669
132022;133499;1.263
132197;133444;1.321
38199;4788;2.735
132022;55761;1.413
132022;55720;1.693
133084;45960;1.578
55720;9655;1.753
131310;9534;2.166
45668;4788;2.688
133084;56286;1.267
131310;46015;1.500
23678;24514;1.673
132196;46015;1.453
17971;9534;1.951
131310;24028;1.816
45960;9930;1.649
17971;56286;1.267
132196;24028;1.633
9534;9930;1.881
55405;9534;1.898
38278;56169;1.718
132196;133084;1.385
38278;9655;1.639
4788;9534;2.741
24028;56169;1.529
45352;56169;1.645
23678;55799;2.363
132022;38199;1.456
23678;55405;1.615
23678;4818;1.748
10204;9930;1.635
45668;46015;1.324
24090;38278;1.785
4788;55761;2.702
4788;55720;2.744
132022;46015;1.283
23678;45352;1.942
10204;45960;1.719
23678;45668;1.580
10204;56286;1.553
132022;24028;1.685
24028;4818;1.762
133499;17971;1.245
131310;38278;1.937
132196;38278;1.835
23678;38182;1.993
132022;18206;1.263
9655;9930;1.321
45960;4788;2.713
133499;24218;1.957
133499;17666;1.627
56169;9930;1.462
131310;9655;1.515
17666;38322;1.632
23678;24090;1.672
24090;46015;1.478
17971;9655;1.309
38278;45960;1.898
55405;9655;1.271
38278;56286;1.592
133499;55720;1.540
133499;55761;1.426
17666;4818;1.703
17971;24514;1.399
56286;9930;1.250
38199;38322;1.604
133444;9534;1.866
24028;45960;1.879
45352;45960;1.843
4788;9655;2.696
24028;56286;1.591
10204;4788;2.736
45352;56286;1.691
10204;133444;1.495
133499;4818;1.353
38322;55799;2.272
38182;55799;2.459
132022;38278;1.654
38322;55405;1.560
38182;55405;1.733
17971;4818;1.541
131310;18206;1.673
132196;18206;1.402
55720;55799;2.344
38322;45352;1.572
38322;45668;1.598
4818;9534;1.937
133499;38199;1.335
17971;55799;2.237
17666;45960;1.837
23678;9930;1.568
17971;55405;1.271
38322;9534;1.995
131310;133444;1.660
10204;24514;1.696
17971;45352;1.645
17971;45668;1.442
133499;24028;1.580
18206;24218;2.028
17971;23678;1.693
38278;4818;1.879
38199;45960;1.576
24028;9930;1.664
24514;38322;1.555
132197;38322;1.546
17971;38182;1.863
17666;56169;1.693
18206;55761;1.529
18206;55720;1.660
55799;9534;2.464
17971;24090;1.399
133444;9655;1.377
10204;55799;2.331
38199;56169;1.494
4818;55761;1.573
4818;55720;1.566
10204;55405;1.568
17666;9930;1.782
133084;24514;1.399
55761;9930;1.431
45960;56169;1.578
23678;4788;2.713
24028;24514;1.675
133499;9930;1.335
132022;132196;1.471
132022;132197;1.188
133499;38278;1.655
131310;4818;1.809
133444;38322;1.411
4818;9655;1.593
10204;38182;2.078
38278;55799;2.393
18206;38199;1.279
24514;45960;1.689
38278;55405;1.607
24028;4788;2.753
38322;9655;1.592
55720;9930;1.721
133084;55799;2.237
10204;24090;1.696
132022;9534;1.873
18206;46015;1.279
38182;45352;2.067
38182;45668;1.746
133084;55405;1.271
18206;24028;1.652
132197;133499;1.174
24028;55799;2.314
45352;55799;2.330
24028;55405;1.603
4788;4818;2.727
45352;55405;1.705
17666;56286;1.726
133084;45352;1.645
133084;45668;1.442
23678;24218;2.176
24514;56169;1.399
133499;46015;1.233
133084;23678;1.693
10204;132022;1.531
132197;56169;1.267
38278;9930;1.749
17666;4788;2.738
55799;9655;2.203
133084;38182;1.863
38199;56286;1.440
133499;18206;1.175
24028;38182;2.033
133444;45960;1.533
23678;55761;1.726
23678;55720;1.853
133499;4788;2.693
45960;56286;1.486
24218;38322;2.094
133084;24090;1.399
17971;4788;2.715
24028;24090;1.675
24090;9534;1.859
131310;132022;1.661
45352;9655;1.756
18206;38278;1.693
133444;56169;1.375
10204;45352;1.822
10204;45668;1.570
10204;23678;1.880
131310;9930;1.702
132022;9655;1.300
23678;38199;1.754
