37282;37637;1.897
30988;37209;1.227
29465;37125;1.184
16284;37521;1.521
16284;36923;1.607
37148;37521;1.756
36873;37637;1.768
37018;37521;1.582
30998;36873;1.900
30998;37018;1.422
29091;37521;1.627
37088;37521;1.701
37209;37347;1.239
30998;37248;1.450
30988;36873;1.841
25163;37209;1.302
37125;37248;1.195
30988;37018;1.470
29465;37148;1.792
16284;30988;1.206
37076;37521;1.549
36932;37209;1.354
36923;37521;1.561
36887;37521;1.561
36887;36923;1.593
30988;37248;1.309
37280;37637;1.190
30998;37280;1.602
37125;37280;1.346
30988;30998;1.589
29091;30988;1.510
16284;37088;1.480
30998;37282;1.955
37125;37282;2.009
30998;36932;1.695
25163;36873;1.821
37018;37088;1.548
30988;37280;1.353
25163;37018;1.427
29091;36887;1.755
16284;37125;1.174
25163;29465;1.288
36932;37018;1.608
30988;37282;2.113
30988;36932;1.460
29091;37088;1.644
25163;37248;1.346
37018;37125;1.309
30998;37308;1.483
29091;36923;1.748
37125;37308;1.428
36932;37248;1.564
37282;37521;2.105
30998;37076;1.530
29465;37209;1.233
25163;30998;1.563
37209;37637;1.239
37076;37088;1.347
36923;37088;1.604
36887;37088;1.685
36873;36887;1.753
29091;37125;1.480
37088;37125;1.365
30988;37308;1.463
25163;37280;1.459
36873;37521;1.778
36873;36923;1.876
30988;37076;1.294
37076;37125;1.159
36932;37280;1.557
36923;37125;1.583
36887;37125;1.462
25163;37282;2.071
16284;37148;1.749
16284;29091;1.425
25163;36932;1.387
36932;37282;2.174
37018;37148;1.790
29465;36873;1.755
37347;37637;0.924
29465;37018;1.438
30998;37347;1.450
29091;37148;1.934
25163;37308;1.538
37125;37347;1.195
37088;37148;1.894
36932;37308;1.563
29465;37248;1.238
25163;37076;1.354
37280;37521;1.486
37076;37148;1.731
36932;37076;1.571
36923;37148;1.801
36887;37148;1.811
30988;37347;1.309
29465;30998;1.579
36873;37088;1.836
29465;37280;1.363
16284;37209;1.224
37148;37209;1.588
29465;37282;2.026
29465;36932;1.555
37018;37209;1.367
36873;37125;1.787
25163;37347;1.346
36932;37347;1.564
29091;37209;1.500
37209;37521;1.285
37088;37209;1.423
29465;37308;1.505
30998;37637;1.450
37125;37637;1.195
29465;37076;1.225
16284;25163;1.183
16284;36873;1.744
37076;37209;1.215
36923;37209;1.376
36887;37209;1.308
16284;37018;1.329
30988;37637;1.309
36873;37148;1.984
16284;37248;1.242
37248;37280;1.190
37148;37248;1.751
37521;37637;1.487
37347;37521;1.487
37248;37282;1.897
37018;37248;1.329
29091;37018;1.573
29091;37248;1.470
16284;37280;1.377
37148;37280;1.761
37088;37248;1.190
36923;37018;1.660
36887;37018;1.632
29465;37347;1.238
25163;37637;1.346
16284;37282;1.995
37248;37308;1.392
37148;37282;2.279
37018;37280;1.478
16284;36932;1.405
37076;37248;1.105
36932;37637;1.564
36923;37248;1.404
36887;37248;1.531
37018;37282;1.937
29091;37280;1.585
37088;37280;1.433
29091;37282;2.064
16284;29465;1.239
16284;37308;1.436
37148;37308;1.756
37088;37282;2.046
36873;37209;1.760
37308;37347;1.392
37076;37280;1.196
36923;37280;1.454
36887;37280;1.481
16284;37076;1.252
37018;37308;1.354
37076;37282;1.970
36923;37282;2.080
36887;37282;2.154
30998;36887;1.722
29091;36873;1.881
37018;37076;1.397
36887;36932;1.597
16284;30998;1.448
29091;37308;1.566
29091;29465;1.390
37088;37308;1.621
30998;37521;1.541
30998;36923;1.741
37248;37347;0.924
37125;37521;1.565
30988;36887;1.534
29091;37076;1.442
37076;37308;1.461
36923;37308;1.594
36887;37308;1.599
29465;37637;1.238
36873;37018;1.898
30988;37521;1.552
30988;36923;1.600
29091;30998;1.579
36923;37076;1.522
36887;37076;1.539
16284;37347;1.242
25163;30988;1.326
37148;37347;1.751
36873;37248;1.768
37018;37347;1.329
29091;36932;1.738
25163;36887;1.593
37308;37637;1.392
29091;37347;1.470
37088;37347;1.190
36873;37280;1.825
25163;37521;1.590
25163;36923;1.675
36923;36932;1.659
36932;37521;1.601
36873;37282;2.247
30998;37088;1.661
37076;37347;1.105
36923;37347;1.404
36887;37347;1.531
36873;36932;1.879
37282;37308;2.026
37248;37637;0.924
30998;37125;1.518
30988;37088;1.517
36873;37308;1.901
29465;30988;1.293
36873;37076;1.798
30988;37125;1.278
16284;37637;1.242
37148;37637;1.751
37280;37282;2.077
37018;37637;1.329
29465;36887;1.562
25163;29091;1.566
25163;37088;1.483
30998;37148;1.905
29465;37521;1.572
29465;36923;1.607
29091;37637;1.470
37282;37347;1.897
37209;37248;1.239
37125;37148;1.610
37088;37637;1.190
36932;37088;1.761
37280;37308;1.456
25163;37125;1.282
37076;37637;1.105
36923;37637;1.404
36887;37637;1.531
30988;37148;1.765
36932;37125;1.507
36873;37347;1.768
37209;37280;1.164
37308;37521;1.424
37209;37282;2.058
25163;37148;1.800
37248;37521;1.487
37209;37308;1.348
36932;37148;1.741
30998;37209;1.532
29465;37088;1.303
37280;37347;1.190
37125;37209;1.083
16284;36887;1.502
