29695;35132;1.839
39197;44654;2.396
39197;44381;1.377
16175;50989;2.075
13069;197212;1.715
60717;8896;1.733
13069;44654;2.495
13069;44381;1.676
60717;8542;1.373
15659;44654;2.406
15659;44381;1.742
44654;48708;2.385
224;35132;1.494
29607;39197;1.555
197212;35132;1.318
31283;35132;1.272
35132;39832;2.162
31726;50304;2.367
48708;50304;2.369
15932;35132;1.481
35132;50989;1.290
44381;44764;1.237
29695;5381;2.081
50304;5377;2.495
41164;8896;2.139
25148;8896;2.342
224;30950;1.921
41164;8542;1.896
25148;8542;2.191
29695;44654;2.553
29695;44381;2.081
39783;39787;1.829
15659;5381;1.709
15659;39832;2.241
35132;5377;1.590
197212;44654;2.434
15659;50989;1.688
50562;8896;1.787
31283;44654;2.377
30950;39832;2.504
2116;60717;1.689
197212;44381;1.585
15659;2116;1.895
39783;44764;1.640
31283;44381;1.488
13069;16186;1.935
2603;60717;2.327
50562;8542;1.371
29492;48708;1.390
15659;2119;2.518
15932;44654;2.342
15932;44381;1.661
30950;50989;2.060
16175;31726;1.929
16186;197212;1.875
2603;8896;2.602
2603;8542;2.389
29607;56538;1.579
2119;39197;2.413
5377;56538;1.630
39197;8896;1.749
39197;8542;1.384
29492;49788;1.221
44381;60717;1.387
224;39832;2.179
39787;50304;2.464
16186;39783;1.991
41572;8896;2.090
41572;8542;1.753
31283;39832;2.093
224;50989;1.441
16186;39787;1.869
13069;30950;2.044
44764;60717;1.239
48708;5377;1.798
39832;44654;2.564
29607;50304;2.436
15659;30950;2.000
39832;44381;2.169
2116;44764;1.606
29492;5377;1.639
2603;44764;2.345
25148;31726;2.195
25148;50562;2.166
50304;56538;2.384
15932;16186;1.830
16186;29695;2.208
39783;60717;1.634
2116;41572;1.974
2603;41572;2.396
41572;44654;2.345
29607;5377;1.752
41572;44381;1.840
39783;5381;2.005
30950;31726;1.979
2119;56538;2.382
39832;5381;2.333
29695;30950;2.042
41164;50562;1.969
39832;50989;2.168
197212;30950;1.961
39197;39832;2.130
31726;60717;1.243
15932;30950;2.090
13069;39832;2.217
39197;50989;1.173
224;31726;1.534
13069;50989;1.650
39787;5381;1.997
41572;50989;1.803
25148;41164;2.409
16186;60717;1.697
50562;50989;1.244
39783;41572;1.971
29695;8896;2.184
29695;8542;1.897
16175;50562;1.979
2119;25148;2.603
15659;8896;2.005
31726;39783;1.581
15659;8542;1.645
29695;39832;2.406
16186;31283;1.696
31726;39787;1.580
29695;50989;1.993
2119;29607;2.396
29492;39197;1.306
16175;48708;2.054
13069;15659;1.927
44654;56538;2.318
35132;50562;1.270
197212;39832;2.249
44381;44654;2.407
31726;44764;1.149
29492;29607;1.548
15932;39832;2.181
197212;50989;1.520
31283;50989;1.300
16175;5381;2.056
15932;50989;1.501
39787;60717;1.454
16186;44764;1.707
35132;48708;1.358
13069;31726;1.412
16175;49788;1.979
15932;5381;1.898
197212;5381;1.860
16175;2116;2.107
5381;60717;1.816
16186;41572;1.992
15659;31726;1.721
15659;50562;1.587
44764;8896;1.742
16175;2119;2.513
16175;41164;1.959
44764;8542;1.428
39783;44654;2.461
49788;56538;1.237
44654;50304;2.660
39783;44381;1.685
5377;60717;1.703
30950;50562;1.876
25148;48708;2.199
56538;60717;1.232
2116;35132;1.774
29492;56538;1.212
50989;5377;1.770
35132;49788;1.271
2603;35132;2.384
29607;31283;1.533
15659;224;1.677
35132;41164;1.889
29695;31726;1.987
48708;60717;1.233
49788;50304;2.359
29607;39783;1.740
2119;50304;2.780
25148;49788;2.166
56538;8896;1.749
56538;8542;1.268
29607;39787;1.705
224;50562;1.235
39787;44764;1.554
197212;31726;1.563
31283;31726;1.265
2119;29492;2.450
41164;48708;2.087
15932;31726;1.507
29492;50304;2.471
15659;41164;2.035
2116;44654;2.454
2116;44381;1.705
2603;44654;2.723
29607;44764;1.452
2603;44381;2.387
29607;29695;2.016
50304;5381;2.449
30950;41164;1.966
41164;49788;1.969
2116;5377;2.035
35132;5381;1.785
2119;39783;2.486
31726;41572;1.813
44654;5377;2.483
39832;50562;2.096
224;41164;2.029
2119;39787;2.487
2116;39832;2.249
2116;2603;2.446
2603;39832;2.681
16175;197212;1.954
2116;50989;1.759
2603;50989;2.344
39197;50562;1.096
13069;50562;1.630
41572;50562;1.699
31726;5377;1.699
15659;15932;1.687
29607;60717;1.495
31726;35132;1.306
197212;2116;1.883
15932;2116;1.874
197212;2119;2.423
15932;2119;2.372
16186;224;1.857
16175;8896;2.127
16175;8542;1.913
48708;5381;1.894
15659;48708;1.672
44381;50989;1.541
16186;35132;1.721
29492;5381;1.801
30950;48708;2.065
29695;50562;1.942
31283;5377;1.614
29607;5381;2.005
39783;8896;2.017
44764;50989;1.380
39783;8542;1.833
39832;41164;2.439
39197;49788;1.096
25148;39197;2.194
2116;30950;2.211
2603;30950;2.708
31726;44654;2.371
13069;49788;1.630
50304;60717;2.351
39832;8896;2.329
39783;39832;2.180
31726;44381;1.319
39832;8542;2.227
197212;50562;1.502
39197;41164;2.039
31283;50562;1.318
15659;49788;1.587
13069;41164;1.979
39783;50989;1.757
39787;41572;1.877
15932;50562;1.493
30950;49788;1.876
2116;31726;1.569
2603;31726;2.392
13069;5377;1.846
2119;60717;2.413
16186;44654;2.521
16186;44381;1.842
29607;41572;1.978
224;48708;1.389
31283;48708;1.375
29695;49788;1.942
2119;31283;2.377
39787;8896;1.922
44654;44764;2.361
13069;2603;2.531
39787;8542;1.539
29695;41164;2.044
49788;5377;1.733
29607;35132;1.484
16186;2603;2.540
29492;31283;1.311
224;49788;1.235
50304;8896;2.504
197212;49788;1.494
50304;8542;2.440
44381;5377;1.856
31283;49788;1.318
25148;56538;2.141
15932;49788;1.493
197212;41164;1.989
31283;41164;2.008
16186;39832;2.287
29492;39783;1.752
15932;41164;2.106
16186;50989;1.534
29492;39787;1.498
16175;39197;2.031
13069;15932;1.778
39787;44654;2.485
35132;8896;1.757
2119;29695;2.543
2119;44764;2.383
39787;44381;1.576
35132;8542;1.044
39832;48708;2.088
16175;29607;1.954
5377;5381;1.831
29607;44654;2.469
29607;44381;1.593
29492;44764;1.358
29492;29695;1.888
39197;48708;1.140
25148;50304;2.620
13069;48708;1.670
41572;48708;1.778
41164;56538;1.944
35132;39197;1.285
44654;60717;2.374
2119;224;2.463
197212;8896;1.880
15932;8896;1.912
39832;49788;2.096
15932;8542;1.577
197212;8542;1.387
39787;39832;2.259
41572;49788;1.699
16186;30950;2.187
15659;39197;1.633
29695;48708;2.020
16175;56538;1.953
48708;8896;1.779
41164;50304;2.597
25148;29607;2.307
48708;8542;1.455
50989;5381;1.904
2116;50562;1.720
49788;60717;1.159
30950;39197;1.990
2603;50562;2.295
2119;2603;2.823
15659;29607;1.891
197212;48708;1.546
16186;5377;1.972
30950;5377;1.999
29492;60717;1.299
15932;48708;1.537
35132;56538;1.184
224;2603;2.343
31726;39832;2.081
16175;50304;2.563
44381;50562;1.418
15659;197212;1.723
31726;50989;1.368
48708;50989;1.204
224;39197;1.340
16175;29492;1.923
31283;39197;1.324
44764;50562;1.321
15659;56538;1.518
224;29607;1.698
16175;25148;2.379
35132;50304;2.427
29607;30950;2.030
2116;41164;2.166
30950;56538;1.892
2603;41164;2.704
2116;5381;2.027
39783;50562;1.600
2119;41572;2.504
25148;5377;2.257
44654;5381;2.439
29492;41572;1.747
15659;50304;2.389
25148;29492;2.235
30950;50304;2.684
2119;35132;2.389
25148;2603;2.619
15659;29492;1.629
31726;5381;1.848
224;56538;1.453
2119;5377;2.478
31283;56538;1.219
15659;25148;2.196
13069;39197;1.646
39787;50989;1.421
29607;39832;2.171
39783;41164;2.130
13069;29607;1.408
39197;5377;1.751
29492;8896;1.819
29607;50989;1.546
29492;8542;1.120
16186;31726;1.698
16186;50562;1.732
224;5377;1.928
29607;8896;1.859
224;50304;2.409
31283;5381;1.798
2119;44654;2.686
29607;8542;1.579
2119;44381;2.448
25148;39783;2.296
25148;39787;2.309
224;29492;1.448
2116;48708;1.765
29695;39197;1.973
2603;48708;2.286
2116;224;1.827
29492;44654;2.454
39832;56538;2.119
224;25148;2.237
50989;8896;1.588
50989;8542;1.395
13069;5381;2.041
197212;39197;1.430
39197;56538;1.250
50304;50989;2.427
13069;56538;1.651
41572;56538;1.563
15932;39197;1.478
16175;60717;1.986
2116;49788;1.720
2603;49788;2.295
2119;39832;2.612
197212;29607;1.645
44381;48708;1.514
50562;56538;1.237
15932;29607;1.690
16186;41164;2.166
49788;5381;1.807
39832;50304;2.541
16175;31283;1.988
41164;5377;2.019
44764;48708;1.393
29607;31726;1.311
44381;5381;1.912
39197;50304;2.371
35132;60717;1.271
2116;2119;2.484
13069;50304;2.464
29695;56538;1.947
41572;50304;2.478
50989;56538;1.282
44381;49788;1.418
39783;48708;1.718
16175;39783;2.100
16175;39787;2.132
13069;29492;1.615
50562;5377;1.733
2116;8896;1.960
2116;8542;1.793
25148;60717;2.172
44764;49788;1.322
197212;56538;1.444
13069;25148;2.343
31726;50562;1.300
48708;50562;1.161
15932;56538;1.340
29492;35132;1.026
5377;8896;1.968
16175;44764;1.977
16175;29695;2.109
2603;5377;2.548
5377;8542;1.615
39783;49788;1.601
35132;39783;1.758
44654;8896;2.507
2119;30950;2.638
29695;50304;2.597
25148;31283;2.139
44654;8542;2.417
35132;39787;1.468
197212;224;1.673
15659;16175;2.032
29492;30950;1.830
31726;8896;1.701
30950;31283;1.972
31726;8542;1.409
15932;224;1.680
41572;5377;1.996
197212;50304;2.452
35132;44764;1.337
31283;50304;2.405
15659;2603;2.354
41164;60717;1.992
15932;50304;2.458
15659;39783;1.890
44654;50989;2.461
197212;29492;1.267
15659;39787;1.791
29492;44381;1.498
16186;48708;1.726
30950;39783;2.160
15932;29492;1.538
30950;39787;2.081
25148;29695;2.335
25148;44764;2.198
31726;49788;1.301
197212;25148;2.223
25148;41572;2.250
44764;5377;1.744
31726;41164;1.929
15932;25148;2.201
15659;29695;2.066
16186;5381;2.039
224;31283;1.566
30950;5381;2.017
30950;44764;2.026
2116;39197;1.741
2603;39197;2.283
13069;2116;1.768
16186;49788;1.732
13069;2119;2.433
49788;50989;1.245
39787;50562;1.358
2119;50989;2.453
2116;29607;1.734
16186;2116;1.931
2603;29607;2.498
224;39783;1.722
16186;2119;2.555
29492;39832;2.197
224;39787;1.550
31283;39783;1.742
29607;50562;1.544
41164;44764;2.004
29492;50989;1.342
31283;39787;1.289
41164;41572;2.099
39787;48708;1.400
224;44764;1.539
224;29695;2.017
29695;5377;2.035
15659;60717;1.640
25148;5381;2.200
39787;49788;1.358
2116;56538;1.732
2603;56538;2.307
44381;8896;1.875
30950;60717;1.980
15659;5377;1.853
16175;41572;2.089
50304;50562;2.359
44381;8542;1.573
39787;41164;2.132
13069;31283;1.643
13069;16175;1.956
29607;49788;1.544
15659;31283;1.608
31726;48708;1.399
29607;41164;1.968
2119;31726;2.368
39197;39783;1.674
13069;39783;1.804
2119;5381;2.536
50989;60717;1.243
39197;39787;1.241
16175;35132;1.903
35132;41572;1.741
13069;39787;1.795
44381;56538;1.456
29492;31726;1.329
2116;50304;2.417
2603;50304;2.724
224;60717;1.420
2116;29492;1.814
29695;31283;1.966
2603;29492;2.428
48708;49788;1.161
39197;44764;1.338
31283;60717;1.249
39197;5381;1.859
44764;56538;1.299
13069;29695;2.021
13069;44764;1.548
224;5381;1.894
15659;44764;1.694
13069;224;1.739
31283;8896;1.768
2116;25148;2.295
31283;8542;1.377
15659;41572;1.649
29695;39783;2.163
39783;56538;1.719
197212;31283;1.512
30950;41572;2.070
29695;39787;2.095
16186;39197;1.691
44381;50304;2.378
16175;44654;2.522
15932;31283;1.360
16175;44381;2.025
15932;16175;2.091
25148;35132;2.180
16186;29607;1.868
197212;39783;1.859
44764;50304;2.360
13069;8896;1.947
29695;44764;2.018
197212;39787;1.584
13069;8542;1.645
15932;39783;1.848
39783;5377;2.035
16175;2603;2.672
15932;39787;1.636
16186;8896;1.679
35132;44654;2.406
16186;8542;1.742
39783;50304;2.411
35132;44381;1.500
39832;60717;2.083
39832;5377;2.329
44654;50562;2.370
197212;44764;1.573
197212;29695;1.919
31283;44764;1.313
224;41572;1.789
29607;48708;1.582
39197;60717;1.205
15932;44764;1.523
15932;29695;2.044
13069;60717;1.591
49788;8896;1.788
41572;60717;1.752
49788;8542;1.371
25148;44654;2.511
41164;5381;2.044
25148;44381;2.245
5381;8896;2.037
50562;60717;1.158
5381;8542;1.800
16186;56538;1.672
16175;16186;2.159
30950;44654;2.600
30950;44381;2.079
39787;5377;1.862
49788;50562;0.909
50562;5381;1.806
2119;50562;2.415
29695;60717;1.969
44654;49788;2.370
29492;50562;1.221
2603;5381;2.504
16175;224;2.038
41164;44654;2.565
41164;44381;2.048
39832;44764;2.084
25148;39832;2.431
16186;50304;2.457
39832;41572;2.298
2119;48708;2.414
197212;60717;1.508
25148;50989;2.233
31726;39197;1.363
16186;29492;1.773
224;44654;2.435
8542;8896;1.779
41572;44764;1.783
224;44381;1.596
15932;60717;1.488
39197;41572;1.738
16175;30950;2.025
13069;41572;2.013
39787;56538;1.444
41572;5381;1.878
15659;16186;1.866
2119;8896;2.544
16186;25148;2.361
2119;8542;2.453
5381;56538;1.740
16175;5377;2.012
2119;49788;2.415
2116;31283;1.775
2603;31283;2.280
2119;41164;2.587
13069;35132;1.553
197212;5377;1.746
15932;5377;1.821
41164;50989;2.099
15659;35132;1.630
224;8896;1.915
44764;5381;1.867
224;8542;1.582
29695;41572;2.122
2116;39783;1.817
29492;41164;1.907
2603;39783;2.495
30950;35132;1.845
2116;39787;1.893
30950;8896;2.167
2603;39787;2.335
15932;197212;1.636
30950;8542;1.847
25148;30950;2.427
31726;56538;1.324
15932;2603;2.352
197212;2603;2.430
48708;56538;1.325
197212;41572;1.829
31283;41572;1.701
16175;39832;2.395
2116;29695;2.179
2603;29695;2.599
15932;41572;1.657
