29695;35132;1.432
39197;44654;1.517
39197;44381;1.364
16175;50989;1.522
13069;197212;1.457
60717;8896;1.437
13069;44654;1.523
13069;44381;1.395
60717;8542;1.314
15659;44654;1.513
15659;44381;1.447
44654;48708;1.516
224;35132;1.395
29607;39197;1.418
197212;35132;1.279
31283;35132;1.272
35132;39832;1.501
31726;50304;1.518
48708;50304;1.516
15932;35132;1.354
35132;50989;1.290
44381;44764;1.216
29695;5381;1.497
50304;5377;1.524
41164;8896;1.533
25148;8896;1.546
224;30950;1.496
41164;8542;1.462
25148;8542;1.501
29695;44654;1.526
29695;44381;1.493
39783;39787;1.468
15659;5381;1.427
15659;39832;1.529
35132;5377;1.396
197212;44654;1.512
15659;50989;1.471
50562;8896;1.456
31283;44654;1.502
30950;39832;1.540
2116;60717;1.358
197212;44381;1.421
15659;2116;1.470
39783;44764;1.418
31283;44381;1.362
13069;16186;1.504
2603;60717;1.483
50562;8542;1.310
29492;48708;1.342
15659;2119;1.526
15932;44654;1.498
15932;44381;1.420
30950;50989;1.518
16175;31726;1.482
16186;197212;1.499
2603;8896;1.545
2603;8542;1.492
29607;56538;1.418
2119;39197;1.520
5377;56538;1.391
39197;8896;1.444
39197;8542;1.314
29492;49788;1.214
44381;60717;1.294
224;39832;1.508
39787;50304;1.522
16186;39783;1.512
41572;8896;1.522
41572;8542;1.438
31283;39832;1.503
224;50989;1.382
16186;39787;1.472
13069;30950;1.505
44764;60717;1.190
48708;5377;1.460
39832;44654;1.542
29607;50304;1.526
15659;30950;1.498
39832;44381;1.513
2116;44764;1.323
29492;5377;1.403
2603;44764;1.485
25148;31726;1.503
25148;50562;1.506
50304;56538;1.515
15932;16186;1.476
16186;29695;1.528
39783;60717;1.427
2116;41572;1.474
2603;41572;1.482
41572;44654;1.501
29607;5377;1.454
41572;44381;1.462
39783;5381;1.498
30950;31726;1.491
2119;56538;1.503
39832;5381;1.535
29695;30950;1.471
41164;50562;1.492
39832;50989;1.525
197212;30950;1.482
39197;39832;1.506
31726;60717;1.230
15932;30950;1.494
13069;39832;1.516
39197;50989;1.170
224;31726;1.384
13069;50989;1.447
39787;5381;1.499
41572;50989;1.483
25148;41164;1.530
16186;60717;1.423
50562;50989;1.244
39783;41572;1.497
29695;8896;1.533
29695;8542;1.441
16175;50562;1.496
2119;25148;1.526
15659;8896;1.521
31726;39783;1.418
15659;8542;1.429
29695;39832;1.533
16186;31283;1.433
31726;39787;1.411
29695;50989;1.504
2119;29607;1.518
29492;39197;1.294
16175;48708;1.507
13069;15659;1.481
44654;56538;1.491
35132;50562;1.270
197212;39832;1.523
44381;44654;1.514
31726;44764;1.112
29492;29607;1.408
15932;39832;1.512
197212;50989;1.433
31283;50989;1.300
16175;5381;1.502
15932;50989;1.419
39787;60717;1.344
16186;44764;1.435
35132;48708;1.315
13069;31726;1.320
16175;49788;1.496
15932;5381;1.468
197212;5381;1.460
16175;2116;1.502
5381;60717;1.468
16186;41572;1.515
15659;31726;1.442
15659;50562;1.433
44764;8896;1.446
16175;2119;1.523
16175;41164;1.482
44764;8542;1.334
39783;44654;1.521
49788;56538;1.237
44654;50304;1.533
39783;44381;1.439
5377;60717;1.427
30950;50562;1.479
25148;48708;1.511
56538;60717;1.232
2116;35132;1.427
29492;56538;1.206
50989;5377;1.468
35132;49788;1.270
2603;35132;1.491
29607;31283;1.391
15659;224;1.457
35132;41164;1.460
29695;31726;1.476
48708;60717;1.206
49788;50304;1.514
29607;39783;1.458
2119;50304;1.536
25148;49788;1.506
56538;8896;1.447
56538;8542;1.245
29607;39787;1.447
224;50562;1.235
39787;44764;1.387
197212;31726;1.413
31283;31726;1.253
2119;29492;1.510
41164;48708;1.510
15932;31726;1.346
29492;50304;1.518
15659;41164;1.501
2116;44654;1.518
2116;44381;1.365
2603;44654;1.531
29607;44764;1.332
2603;44381;1.493
29607;29695;1.490
50304;5381;1.527
30950;41164;1.473
41164;49788;1.492
2116;5377;1.486
35132;5381;1.452
2119;39783;1.523
31726;41572;1.449
44654;5377;1.521
39832;50562;1.494
224;41164;1.509
2119;39787;1.523
2116;39832;1.520
2116;2603;1.498
2603;39832;1.547
16175;197212;1.469
2116;50989;1.447
2603;50989;1.514
39197;50562;1.091
13069;50562;1.404
41572;50562;1.441
31726;5377;1.433
15659;15932;1.407
29607;60717;1.375
31726;35132;1.305
197212;2116;1.458
15932;2116;1.430
197212;2119;1.518
15932;2119;1.507
16186;224;1.489
16175;8896;1.538
16175;8542;1.464
48708;5381;1.493
15659;48708;1.447
44381;50989;1.419
16186;35132;1.441
29492;5381;1.460
30950;48708;1.507
29695;50562;1.471
31283;5377;1.394
29607;5381;1.499
39783;8896;1.515
44764;50989;1.333
39783;8542;1.470
39832;41164;1.538
39197;49788;1.091
25148;39197;1.512
2116;30950;1.513
2603;30950;1.528
31726;44654;1.508
13069;49788;1.404
50304;60717;1.505
39832;8896;1.541
39783;39832;1.511
31726;44381;1.245
39832;8542;1.513
197212;50562;1.415
39197;41164;1.502
31283;50562;1.318
15659;49788;1.434
13069;41164;1.503
39783;50989;1.480
39787;41572;1.469
15932;50562;1.375
30950;49788;1.479
2116;31726;1.309
2603;31726;1.487
13069;5377;1.462
2119;60717;1.511
16186;44654;1.541
16186;44381;1.489
29607;41572;1.486
224;48708;1.300
31283;48708;1.334
29695;49788;1.471
2119;31283;1.504
39787;8896;1.481
44654;44764;1.504
13069;2603;1.512
39787;8542;1.377
29695;41164;1.470
49788;5377;1.447
29607;35132;1.401
16186;2603;1.540
29492;31283;1.305
224;49788;1.235
50304;8896;1.543
197212;49788;1.408
50304;8542;1.520
44381;5377;1.466
31283;49788;1.318
25148;56538;1.492
15932;49788;1.375
197212;41164;1.482
31283;41164;1.487
16186;39832;1.537
29492;39783;1.461
15932;41164;1.496
16186;50989;1.362
29492;39787;1.369
16175;39197;1.505
13069;15932;1.431
39787;44654;1.520
35132;8896;1.453
2119;29695;1.526
2119;44764;1.509
39787;44381;1.425
35132;8542;1.044
39832;48708;1.496
16175;29607;1.498
5377;5381;1.462
29607;44654;1.521
29607;44381;1.388
29492;44764;1.300
29492;29695;1.444
39197;48708;1.115
25148;50304;1.539
13069;48708;1.430
41572;48708;1.455
41164;56538;1.475
35132;39197;1.273
44654;60717;1.506
2119;224;1.524
197212;8896;1.506
15932;8896;1.491
39832;49788;1.494
15932;8542;1.380
197212;8542;1.315
39787;39832;1.517
41572;49788;1.441
16186;30950;1.527
15659;39197;1.439
29695;48708;1.492
16175;56538;1.472
48708;8896;1.452
41164;50304;1.538
25148;29607;1.519
48708;8542;1.347
50989;5381;1.510
2116;50562;1.400
49788;60717;1.158
30950;39197;1.491
2603;50562;1.476
2119;2603;1.538
15659;29607;1.479
197212;48708;1.434
16186;5377;1.502
30950;5377;1.498
29492;60717;1.291
15932;48708;1.413
35132;56538;1.184
224;2603;1.484
31726;39832;1.493
16175;50304;1.537
44381;50562;1.347
15659;197212;1.434
31726;50989;1.355
48708;50989;1.183
224;39197;1.278
16175;29492;1.466
31283;39197;1.313
44764;50562;1.274
15659;56538;1.364
224;29607;1.437
16175;25148;1.526
35132;50304;1.515
29607;30950;1.503
2116;41164;1.509
30950;56538;1.468
2603;41164;1.532
2116;5381;1.500
39783;50562;1.428
2119;41572;1.522
25148;5377;1.512
44654;5381;1.519
29492;41572;1.445
15659;50304;1.522
25148;29492;1.505
30950;50304;1.538
2119;35132;1.507
25148;2603;1.526
15659;29492;1.425
31726;5381;1.475
224;56538;1.377
2119;5377;1.520
31283;56538;1.219
15659;25148;1.507
13069;39197;1.425
39787;50989;1.332
29607;39832;1.514
39783;41164;1.516
13069;29607;1.316
39197;5377;1.453
29492;8896;1.471
29607;50989;1.439
29492;8542;1.119
16186;31726;1.439
16186;50562;1.441
224;5377;1.487
29607;8896;1.501
224;50304;1.522
31283;5381;1.456
2119;44654;1.529
29607;8542;1.421
2119;44381;1.523
25148;39783;1.513
25148;39787;1.518
224;29492;1.369
2116;48708;1.423
29695;39197;1.480
2603;48708;1.482
2116;224;1.441
29492;44654;1.507
39832;56538;1.499
224;25148;1.517
50989;8896;1.381
50989;8542;1.331
13069;5381;1.502
197212;39197;1.419
39197;56538;1.241
50304;50989;1.538
13069;56538;1.425
41572;56538;1.350
15932;39197;1.399
16175;60717;1.489
2116;49788;1.400
2603;49788;1.476
2119;39832;1.540
197212;29607;1.454
44381;48708;1.375
50562;56538;1.237
15932;29607;1.425
16186;41164;1.528
49788;5381;1.481
39832;50304;1.541
16175;31283;1.473
41164;5377;1.501
44764;48708;1.311
29607;31726;1.298
44381;5381;1.480
39197;50304;1.516
35132;60717;1.271
2116;2119;1.520
13069;50304;1.527
29695;56538;1.457
41572;50304;1.527
50989;56538;1.282
44381;49788;1.347
39783;48708;1.454
16175;39783;1.514
16175;39787;1.513
13069;29492;1.415
50562;5377;1.446
2116;8896;1.499
2116;8542;1.433
25148;60717;1.501
44764;49788;1.274
197212;56538;1.370
13069;25148;1.520
31726;50562;1.291
48708;50562;1.132
15932;56538;1.254
29492;35132;1.025
5377;8896;1.509
16175;44764;1.482
16175;29695;1.491
2603;5377;1.516
5377;8542;1.417
39783;49788;1.428
35132;39783;1.459
44654;8896;1.544
2119;30950;1.533
29695;50304;1.534
25148;31283;1.492
44654;8542;1.506
35132;39787;1.361
197212;224;1.451
15659;16175;1.494
29492;30950;1.452
31726;8896;1.450
30950;31283;1.482
31726;8542;1.338
15932;224;1.432
41572;5377;1.486
197212;50304;1.523
35132;44764;1.292
31283;50304;1.516
15659;2603;1.486
41164;60717;1.489
15932;50304;1.523
15659;39783;1.492
44654;50989;1.535
197212;29492;1.263
15659;39787;1.466
29492;44381;1.384
16186;48708;1.437
30950;39783;1.522
15932;29492;1.371
30950;39787;1.498
25148;29695;1.522
25148;44764;1.503
31726;49788;1.291
197212;25148;1.506
25148;41572;1.510
44764;5377;1.424
31726;41164;1.487
15932;25148;1.498
15659;29695;1.488
16186;5381;1.527
224;31283;1.424
30950;5381;1.507
30950;44764;1.492
2116;39197;1.425
2603;39197;1.482
13069;2116;1.398
16186;49788;1.441
13069;2119;1.519
49788;50989;1.244
39787;50562;1.285
2119;50989;1.541
2116;29607;1.397
16186;2116;1.492
2603;29607;1.512
224;39783;1.455
16186;2119;1.549
29492;39832;1.502
224;39787;1.363
31283;39783;1.459
29607;50562;1.396
41164;44764;1.491
29492;50989;1.334
31283;39787;1.287
41164;41572;1.503
39787;48708;1.297
224;44764;1.378
224;29695;1.492
29695;5377;1.487
15659;60717;1.429
25148;5381;1.506
39787;49788;1.285
2116;56538;1.421
2603;56538;1.473
44381;8896;1.497
30950;60717;1.488
15659;5377;1.459
16175;41572;1.493
50304;50562;1.514
44381;8542;1.405
39787;41164;1.509
13069;31283;1.407
13069;16175;1.500
29607;49788;1.396
15659;31283;1.405
31726;48708;1.343
29607;41164;1.501
2119;31726;1.510
39197;39783;1.449
13069;39783;1.460
2119;5381;1.529
50989;60717;1.243
39197;39787;1.230
16175;35132;1.463
35132;41572;1.435
13069;39787;1.452
44381;56538;1.366
29492;31726;1.321
2116;50304;1.527
2603;50304;1.534
224;60717;1.341
2116;29492;1.434
29695;31283;1.466
2603;29492;1.498
48708;49788;1.132
39197;44764;1.297
31283;60717;1.248
39197;5381;1.487
44764;56538;1.260
13069;29695;1.493
13069;44764;1.347
224;5381;1.498
15659;44764;1.430
13069;224;1.441
31283;8896;1.447
2116;25148;1.515
31283;8542;1.314
15659;41572;1.398
29695;39783;1.507
39783;56538;1.457
197212;31283;1.392
30950;41572;1.500
29695;39787;1.494
16186;39197;1.427
44381;50304;1.518
16175;44654;1.525
15932;31283;1.281
16175;44381;1.497
15932;16175;1.489
25148;35132;1.498
16186;29607;1.499
197212;39783;1.478
44764;50304;1.512
13069;8896;1.506
29695;44764;1.476
197212;39787;1.442
13069;8542;1.426
15932;39783;1.475
39783;5377;1.497
16175;2603;1.531
15932;39787;1.441
16186;8896;1.385
35132;44654;1.504
16186;8542;1.448
39783;50304;1.526
35132;44381;1.384
39832;60717;1.492
39832;5377;1.525
44654;50562;1.511
197212;44764;1.409
197212;29695;1.457
31283;44764;1.261
224;41572;1.463
29607;48708;1.424
39197;60717;1.199
15932;44764;1.356
15932;29695;1.478
13069;60717;1.387
49788;8896;1.456
41572;60717;1.447
49788;8542;1.311
25148;44654;1.521
41164;5381;1.509
25148;44381;1.512
5381;8896;1.530
50562;60717;1.158
5381;8542;1.463
16186;56538;1.432
16175;16186;1.533
30950;44654;1.528
30950;44381;1.506
39787;5377;1.468
49788;50562;0.909
50562;5381;1.481
2119;50562;1.515
29695;60717;1.472
44654;49788;1.511
29492;50562;1.214
2603;5381;1.517
16175;224;1.509
41164;44654;1.530
41164;44381;1.502
39832;44764;1.489
25148;39832;1.540
16186;50304;1.540
39832;41572;1.532
2119;48708;1.519
197212;60717;1.406
25148;50989;1.532
31726;39197;1.341
16186;29492;1.461
224;44654;1.523
8542;8896;1.459
41572;44764;1.445
224;44381;1.417
15932;60717;1.371
39197;41572;1.447
16175;30950;1.493
13069;41572;1.489
39787;56538;1.343
41572;5381;1.463
15659;16186;1.510
2119;8896;1.552
16186;25148;1.545
2119;8542;1.513
5381;56538;1.440
16175;5377;1.495
2119;49788;1.515
2116;31283;1.400
2603;31283;1.459
2119;41164;1.531
13069;35132;1.409
197212;5377;1.458
15932;5377;1.444
41164;50989;1.522
15659;35132;1.418
224;8896;1.500
44764;5381;1.467
224;8542;1.413
29695;41572;1.490
2116;39783;1.448
29492;41164;1.465
2603;39783;1.522
30950;35132;1.455
2116;39787;1.457
30950;8896;1.532
2603;39787;1.488
15932;197212;1.412
30950;8542;1.455
25148;30950;1.530
31726;56538;1.323
15932;2603;1.483
197212;2603;1.505
48708;56538;1.285
197212;41572;1.449
31283;41572;1.411
16175;39832;1.538
2116;29695;1.503
2603;29695;1.514
15932;41572;1.383
