24550;45650;1.387
17501;59370;1.288
24550;59370;1.440
45170;45494;1.429
45845;55915;1.185
45157;45451;1.381
4007;45650;0.924
4007;59370;1.376
133185;24550;1.313
133185;45494;1.322
45494;45845;1.389
45451;4613;1.250
45650;45845;1.185
4007;55427;0.924
45274;45845;1.362
133185;55915;0.924
45494;45650;1.359
45170;4613;1.243
4613;55427;1.243
45494;59370;1.449
45650;59370;1.376
45274;45650;1.278
45157;45494;1.455
45274;59370;1.261
17501;55427;1.278
24550;55427;1.387
45494;55427;1.360
23752;24550;1.450
23752;45451;1.379
17501;45274;0.924
24550;45274;1.407
45157;55915;1.388
45274;55427;1.278
133185;4613;0.924
45494;4613;1.366
4007;45274;1.278
17501;23752;1.414
23752;55915;1.391
45170;45845;1.365
45274;4613;1.238
45451;55915;1.098
23752;4613;1.402
45170;45650;1.280
133185;45170;0.935
133185;45845;1.185
133185;45157;1.304
23752;45494;1.470
45650;55427;0.924
45170;59370;1.291
45650;4613;1.243
133185;45650;0.924
45451;45494;1.384
45170;55427;1.280
133185;59370;1.280
133185;4007;0.924
45157;45845;1.420
45157;45170;1.399
45845;59370;1.382
45157;45650;1.388
45845;55427;1.185
45157;59370;1.447
23752;4007;1.391
55427;55915;0.924
45170;45274;0.935
133185;55427;0.924
17501;45451;1.234
24550;45451;1.386
133185;45274;0.924
23752;45157;1.459
23752;45170;1.419
23752;45845;1.425
4007;45451;1.098
133185;23752;1.321
23752;45650;1.391
45451;45845;1.266
23752;59370;1.462
45157;55427;1.388
4007;55915;0.924
45157;45274;1.395
55915;59370;1.376
45451;45650;1.098
17501;24550;1.415
4007;4613;1.243
23752;55427;1.392
17501;45494;1.428
45451;59370;1.373
45157;4613;1.360
24550;45494;1.400
4613;55915;1.243
45274;45451;1.234
4007;45494;1.359
24550;4613;1.313
17501;55915;1.278
45451;55427;1.099
24550;55915;1.387
45494;55915;1.359
55427;59370;1.376
17501;4613;1.238
45274;55915;1.278
45845;4613;1.317
23752;45274;1.414
45274;45494;1.428
45170;45451;1.240
45650;55915;0.924
24550;4007;1.387
133185;45451;0.924
45170;55915;1.280
17501;45157;1.395
17501;45170;0.935
17501;45845;1.362
24550;45845;1.397
24550;45170;1.416
24550;45157;1.424
17501;4007;1.278
133185;17501;0.924
4613;59370;1.349
4007;45845;1.185
4007;45170;1.280
4007;45157;1.388
17501;45650;1.278
