38477;9876;1.424
131583;45177;1.466
18119;7714;1.413
10022;24183;1.274
132918;18015;1.301
131583;45179;1.245
45267;56030;1.394
132918;9733;1.383
45177;45267;1.470
132074;9325;1.168
45177;4610;1.471
132692;23934;1.409
4770;9733;1.331
4648;9733;1.507
58666;9439;1.160
24183;4768;1.276
18015;23655;1.398
17746;45177;1.496
4610;9901;1.307
58443;9790;0.931
17746;45179;0.937
18400;9303;1.371
131583;4770;1.153
38022;9500;1.459
131583;4771;0.956
10022;4768;1.004
55561;58666;1.399
4610;9325;1.081
18015;38477;1.324
131583;24183;1.230
45179;9790;0.953
18400;55561;1.423
4771;9439;0.929
132687;56030;1.373
131583;58610;1.146
24466;4770;0.947
132074;7714;1.155
24466;4771;1.250
132074;132918;1.020
132347;7714;1.151
23655;24324;1.430
9303;9733;1.424
132074;132687;1.166
17746;24183;0.927
10200;9901;1.283
56030;9439;1.373
23838;9500;1.467
7657;9303;1.341
132692;45267;1.405
45177;9303;1.480
10022;132918;1.274
132918;56030;1.379
10200;56186;1.269
10022;132687;1.001
131583;18015;1.356
4610;7714;1.080
45267;58610;1.207
18119;9790;1.415
10200;9325;1.074
45179;45280;1.139
132692;17492;1.411
131583;9733;1.379
24192;4648;1.492
9790;9901;1.232
24192;24324;1.409
4768;58443;1.276
45280;4768;1.278
45230;58443;1.231
45230;55561;1.425
23838;24324;1.434
18119;45177;1.444
4770;58666;0.932
23934;9790;0.934
132074;24466;1.032
132074;24192;1.155
18119;45179;1.451
132687;18400;0.940
56186;58666;1.211
38022;45177;1.498
132347;9834;1.164
132347;9560;0.947
24466;9733;1.385
132347;9876;1.417
38022;45179;0.937
18400;4770;1.166
18400;4771;0.941
45280;58666;1.116
45177;55785;1.495
38477;4648;1.503
23655;55561;1.437
132074;58666;0.977
24183;45230;1.230
10022;56030;1.382
18015;55850;1.378
17746;9439;1.249
45230;4768;1.016
4610;55785;1.268
58443;7714;1.229
10200;7714;1.061
45267;9500;1.465
132692;9439;1.390
23934;56186;1.314
18015;18400;1.360
132918;18400;1.244
132074;9790;0.981
132347;56186;1.212
18119;24183;1.444
23934;45280;1.122
18119;58610;1.414
132040;7657;1.076
10022;45177;1.467
24466;45230;1.240
24192;55561;1.425
24183;38022;0.941
23655;9439;1.081
9439;9901;1.266
23838;55561;1.453
10022;45179;1.287
9834;9901;1.267
45179;7714;1.243
24324;56186;1.419
45177;4770;1.468
45177;4771;1.466
132918;9500;1.454
55850;9439;1.037
18400;9733;1.378
17492;45280;1.350
4770;9500;1.449
4648;9500;1.523
17492;23838;1.383
4610;9790;1.241
24324;9901;1.426
17705;9439;1.037
132687;23655;1.081
58443;9834;1.244
58443;9560;0.932
17746;56030;1.381
132347;17705;1.207
132347;17746;0.944
58443;9876;1.442
24466;38022;0.945
132040;45230;1.239
132040;4610;1.322
9325;9733;1.378
58610;58666;0.926
24183;58443;0.910
24324;9325;1.412
10022;58610;1.191
132687;38477;1.179
7657;9733;1.370
45179;9834;1.256
45179;9560;0.942
23934;7714;1.228
132074;45267;1.216
45179;9876;1.447
17492;9901;1.379
9303;9500;1.469
17705;45230;1.047
132918;23655;1.316
45177;9733;1.513
10200;9790;1.034
131583;18400;0.965
132040;38022;0.937
10200;45177;1.464
132347;4648;1.503
56186;9439;1.251
10200;45179;1.115
18015;24466;1.306
18015;24192;1.356
55850;56186;1.278
18400;56186;1.254
18015;9439;1.358
55785;9303;1.419
17492;9325;1.372
10022;18015;1.374
4768;9303;1.379
18400;45280;1.260
4648;56030;1.510
132918;38477;1.144
55561;55785;1.482
45267;55850;1.034
24324;7714;1.408
24192;4768;1.016
18400;23838;1.374
18015;58666;1.239
17705;38022;1.299
131583;9500;1.458
18119;9834;1.414
18119;9560;1.449
18119;9876;1.485
132040;9303;1.381
23934;9834;1.243
23934;9560;0.931
38477;4768;1.212
24466;9500;1.455
23934;9876;1.441
18119;56030;1.423
17746;58610;0.943
132687;9901;1.267
10200;24183;1.110
38022;56030;1.384
10200;58610;1.030
45179;56186;1.325
17492;7714;1.369
10022;38477;1.211
9500;9733;1.479
132347;45177;1.468
38477;45230;1.173
132347;45179;0.952
132687;55850;1.036
45230;45280;1.252
17705;58443;1.286
132687;9325;0.926
4768;55561;1.427
24324;45177;1.497
23655;56186;1.297
131583;23655;1.079
58666;9901;1.232
55785;56186;1.423
4770;55785;1.313
24324;45179;1.397
17746;18015;1.306
132074;9834;1.170
132074;9560;1.035
10022;7657;1.219
132074;9876;1.418
23655;45280;1.310
131583;132040;1.239
23655;23838;1.402
10200;18015;1.307
9439;9790;1.163
45280;55785;1.352
17746;23655;1.322
132074;55785;1.372
24183;4610;1.316
17705;18119;1.419
18119;18400;1.414
132918;55850;1.286
23934;24183;0.913
58666;9325;1.162
4648;58610;1.503
18400;9500;1.460
131583;38477;1.173
4768;4770;1.194
4768;4771;1.006
132347;24183;0.929
55785;7657;1.392
45179;4648;1.509
24324;9790;1.381
58610;7657;1.063
4771;9901;1.268
132347;58610;0.930
4768;7657;1.220
24183;24324;1.392
4610;9834;1.083
4610;9560;1.323
18015;45267;1.378
132040;4770;0.945
4610;9876;1.427
132040;4771;1.250
10022;4610;1.079
55561;7657;1.408
17746;38477;1.147
24192;45280;1.252
132074;23934;1.020
9325;9500;1.459
23838;45280;1.332
56030;9901;1.313
56030;58443;1.379
38022;58610;0.957
17492;56186;1.370
4771;9325;0.928
38477;58443;1.145
38477;55561;1.411
10022;55850;1.036
45280;7657;1.199
132692;38022;1.416
38022;9439;1.256
7657;9500;1.430
17492;9790;1.309
132347;18015;1.241
18119;4648;1.520
56030;9325;1.373
45177;9500;1.511
10022;18400;1.010
55785;9733;1.448
132347;4768;1.194
4768;9733;1.392
24183;9303;1.379
23934;4648;1.507
10200;9560;1.123
10200;9834;1.078
10200;9876;1.412
45230;7657;1.180
10200;56030;1.356
24183;55561;1.437
132687;24466;1.250
132687;24192;0.952
23838;9439;1.373
132040;9733;1.385
18119;23655;1.414
17492;17746;1.326
17492;17705;1.392
45280;4610;1.309
132040;24324;1.394
131583;55850;1.047
10022;9303;1.378
17746;9901;1.327
132687;58666;1.160
9790;9834;1.164
9790;9876;1.417
56030;7714;1.372
132692;9901;1.423
132074;4648;1.502
17746;55850;1.292
132687;9790;1.162
18119;38477;1.404
10200;132918;1.110
24466;58443;0.928
24466;55561;1.440
132918;24466;0.929
132918;24192;1.230
132074;17492;1.303
45230;4610;1.079
17705;24324;1.425
10200;132687;1.073
17746;9325;1.250
38022;38477;1.148
58610;9303;1.337
58443;58610;0.927
23655;9901;1.307
17746;18400;1.252
23934;56030;1.379
132918;58666;0.925
132692;9325;1.390
132692;132918;1.409
18015;55785;1.410
10200;18400;1.079
55561;9303;1.452
55850;9901;1.289
132347;56030;1.298
10022;23655;1.079
132040;132918;0.927
58666;9790;0.930
132040;132687;1.250
4610;4648;1.500
132040;58443;0.928
132040;55561;1.440
23655;9325;1.081
45280;9303;1.323
45267;9439;1.037
45177;45230;1.466
24324;56030;1.434
17705;9901;1.289
10022;24466;1.281
10022;24192;1.013
45179;58610;0.953
24183;4770;0.932
24183;4771;1.243
55850;9325;1.036
9439;9834;0.938
9439;9560;1.252
23934;45177;1.493
18015;23934;1.302
17746;7714;1.238
9439;9876;1.399
9834;9876;1.399
45230;56186;1.255
24183;7657;1.063
23934;45179;0.938
4648;55850;1.494
45179;4768;1.287
23838;9901;1.312
17705;55561;1.429
132692;7714;1.389
4771;9790;1.164
17705;9325;1.036
132040;18119;1.448
10022;4770;1.194
45230;9303;1.372
132918;9439;1.240
10022;4771;1.005
24324;9834;1.412
24324;9560;1.395
17492;45177;1.503
24324;9876;1.443
4770;9439;1.165
4648;9439;1.490
17492;45179;1.326
10200;4648;1.497
4771;58443;1.243
4771;55561;1.424
18119;55850;1.419
132687;45267;1.036
132347;18400;1.164
56030;9790;1.298
7714;9733;1.376
24192;7657;1.180
131583;24466;1.240
131583;24192;0.924
56186;9901;1.016
38022;55850;1.299
132074;132692;1.380
55850;7714;1.036
18015;9901;1.335
18119;4768;1.414
132687;17492;1.371
10200;23655;1.167
24183;9733;1.383
23934;58610;0.929
131583;58666;1.147
132692;45230;1.384
38477;7657;1.106
17746;24466;0.932
17746;24192;1.239
17492;9834;1.372
17492;9560;1.328
17492;9876;1.465
132687;7714;0.938
56186;9325;1.253
55785;9500;1.465
24192;56186;1.255
23934;4768;1.275
132074;132347;0.980
55850;56030;1.394
23838;56186;1.297
18400;56030;1.374
132918;45267;1.286
45177;58443;1.493
4768;9500;1.464
18015;9325;1.359
17492;24183;1.323
10022;132692;1.398
9303;9439;1.371
132692;24324;1.442
24324;58610;1.379
24192;4610;1.079
17492;58610;1.309
10022;9733;1.391
45280;4770;1.123
10200;38477;1.105
45280;4771;1.259
132347;132918;0.929
132040;9500;1.456
4610;58443;1.317
132347;132687;1.163
7714;9303;1.370
17746;9790;0.946
10022;132347;1.194
45267;58666;1.206
10022;132074;1.199
58666;7714;1.147
45267;55785;1.266
38477;4610;1.259
18400;45177;1.466
18400;45179;1.257
132074;4768;1.202
132692;9790;1.357
131583;9439;0.953
58610;9733;1.355
45230;4770;1.153
45230;4771;0.956
17492;18015;1.352
132347;23655;1.241
45179;56030;1.382
18015;7714;1.354
24183;45280;1.117
132687;9834;0.937
132687;9560;1.252
132687;9876;1.398
55561;9733;1.480
23655;9790;1.241
24466;9439;1.250
4771;7714;0.941
23934;38477;1.143
23655;56030;1.402
132692;58443;1.409
132692;55561;1.475
9560;9901;1.328
55850;9790;1.207
55785;56030;1.422
45280;9733;1.370
132347;38477;1.060
4610;4768;1.080
24192;9303;1.372
18119;24466;1.449
18119;24192;1.411
132687;55785;1.229
24324;4648;1.517
18400;24183;1.244
58666;9834;1.163
58666;9560;0.947
55850;58610;1.207
24466;45280;1.134
18400;58610;1.164
131583;45267;1.047
58666;9876;1.416
17705;9790;1.207
24324;38477;1.396
18119;58666;1.415
10200;55850;1.129
38477;9303;1.284
132692;18119;1.460
23655;45177;1.471
45230;9733;1.379
23838;9790;1.298
23655;45179;1.328
131583;17492;1.369
17746;45267;1.292
132687;23934;1.240
132918;55785;1.413
38022;9901;1.332
17492;4648;1.510
4771;9834;0.938
4771;9560;1.252
132040;45280;1.133
4771;9876;1.399
18400;9439;0.940
10200;4768;1.109
132040;23838;1.381
17492;56030;1.383
7714;9500;1.458
56186;9790;1.212
132074;45230;1.155
56030;9834;1.373
56030;9560;1.383
55561;58443;1.437
56030;9876;1.469
17705;56186;1.278
38022;9325;1.257
18015;9790;1.241
132918;23934;0.913
24192;45177;1.466
4768;56186;1.262
23838;45177;1.484
9325;9439;0.928
24192;45179;1.245
23838;45179;1.382
23655;24183;1.316
17705;45280;1.289
132347;4610;1.241
10022;58666;1.191
23934;55850;1.285
10022;55785;1.248
24183;9500;1.454
17705;23838;1.394
23655;58610;1.241
132347;55850;1.207
55785;58610;1.364
24192;4770;1.153
7657;9439;1.181
24192;4771;0.956
132074;38022;1.041
24324;55850;1.425
45177;9439;1.465
23838;9325;1.373
23655;7714;1.080
132687;4648;1.490
10022;9500;1.464
17705;17746;1.292
38022;7714;1.246
17492;18400;1.372
38477;4770;1.063
38477;4771;1.179
18119;45267;1.419
23838;24183;1.379
4770;58443;0.932
24192;58610;1.146
17746;9834;1.251
17746;9560;0.931
131583;55785;1.372
38022;45267;1.299
23838;58610;1.339
17746;9876;1.445
56186;58443;1.310
17705;7714;1.036
10200;24466;1.122
10200;24192;1.069
58610;9500;1.447
45177;55561;1.503
45280;58443;1.117
132692;9834;1.390
132692;9560;1.411
38477;56186;1.132
132692;9876;1.479
132074;58443;1.021
17746;58666;0.944
132347;9303;1.281
17746;55785;1.416
55561;9500;1.499
45267;9901;1.289
23838;7714;1.372
38477;45280;1.200
10200;58666;1.030
4610;55561;1.437
24192;9733;1.379
132918;17492;1.323
131583;23934;1.229
23655;9834;1.083
23655;9560;1.323
23655;9876;1.427
9560;9790;0.948
45280;9500;1.456
24324;4768;1.420
55850;9834;1.040
55850;9560;1.293
55850;9876;1.419
45267;9325;1.036
132074;18119;1.410
10022;45267;1.036
38477;9733;1.350
24183;56186;1.310
17746;23934;0.927
56186;7714;1.251
132918;9901;1.322
4770;9901;1.233
4648;9901;1.507
45230;56030;1.375
45179;4610;1.328
17705;9834;1.040
17705;9560;1.293
18119;7657;1.403
17705;9876;1.419
23934;24466;0.929
23934;24192;1.229
10022;17492;1.385
45230;9500;1.458
17492;23655;1.406
132347;24466;0.944
132347;24192;1.151
18015;45230;1.356
132692;23838;1.412
4648;58666;1.503
23838;9834;1.373
132918;9325;1.242
4648;55785;1.508
23838;9876;1.469
17492;4768;1.386
38022;9790;0.957
4770;9325;1.165
4648;9325;1.490
24466;56186;1.321
24324;24466;1.395
10022;131583;1.013
132347;58666;0.929
45267;7714;1.036
17492;38477;1.317
58443;9303;1.379
45179;55850;1.298
18119;4610;1.414
18119;55785;1.467
9303;9901;1.239
18015;38022;1.315
56186;9834;1.253
56186;9560;1.317
132347;4770;0.932
56186;9876;1.431
38022;58666;0.955
132347;4771;1.164
38022;55785;1.418
18015;9834;1.359
18015;9560;1.309
23934;4610;1.316
18015;9876;1.464
132074;7657;1.063
132347;7657;1.067
24192;56030;1.375
132040;56186;1.321
23838;56030;1.274
55785;55850;1.266
17746;4648;1.508
132918;7714;1.228
10200;45267;1.129
45179;9303;1.383
4648;7714;1.491
9303;9325;1.371
18119;23934;1.444
132687;4768;1.005
132692;4648;1.513
131583;9901;1.269
10200;17492;1.333
55785;9439;1.379
4768;58610;1.193
45230;58610;1.146
18400;23655;1.084
4768;9439;1.005
18015;58443;1.301
4610;7657;1.263
23655;4648;1.500
132074;4610;1.248
24466;9901;1.327
132074;24324;1.378
132040;17746;0.924
132040;17705;1.292
132040;9439;1.249
4771;56186;1.254
131583;9325;0.955
132347;9733;1.330
10200;132692;1.364
18119;9303;1.420
18400;38477;1.181
17492;55850;1.392
23934;9303;1.379
45267;9790;1.207
24466;9325;1.250
17705;4648;1.494
132347;45267;1.207
10200;132347;1.032
10200;132074;1.073
10022;23934;1.273
24192;9500;1.458
58443;58666;0.925
24183;45177;1.493
132040;132692;1.410
58443;7657;1.065
24324;45267;1.425
24183;45179;0.937
10200;7657;1.113
45177;56186;1.473
23838;4648;1.510
9560;9834;1.253
4770;55561;1.401
9560;9876;1.446
56030;56186;1.297
45177;45280;1.469
131583;7714;0.941
38477;9500;1.452
132918;9790;0.930
45179;4770;0.955
132040;132347;0.944
4610;56186;1.297
45280;55561;1.420
45179;4771;1.254
132040;132074;1.031
4770;9790;0.933
4648;9790;1.503
18400;9901;1.267
132074;9303;1.314
132074;55561;1.399
45179;7657;1.082
45179;58666;0.952
24466;7714;1.238
24466;45177;1.496
24466;45179;0.942
10200;55785;1.355
18015;4648;1.510
10200;4610;1.167
23655;38477;1.259
132687;45230;0.952
9325;9901;1.267
18400;9325;0.940
58443;9733;1.383
24183;58610;0.926
38022;9834;1.258
38022;9560;0.945
38022;9876;1.448
18400;55850;1.041
18119;4770;1.415
4610;9303;1.397
18119;4771;1.415
17705;56030;1.394
10200;23934;1.105
132040;45177;1.496
7657;9901;1.251
4768;56030;1.383
9303;9790;1.281
132692;56186;1.415
132040;45179;0.936
45177;9901;1.476
23934;4770;0.936
23934;4771;1.242
45179;9733;1.384
132918;45230;1.230
132687;38022;1.257
132692;45280;1.380
23934;7657;1.063
17746;4768;1.281
23838;9560;1.383
24192;38477;1.173
23934;58666;0.930
23838;38477;1.280
23934;55785;1.414
7657;9325;1.183
18400;7714;0.951
17492;24466;1.325
17492;24192;1.369
17705;45177;1.470
18015;24324;1.420
132347;55785;1.313
132692;4768;1.398
45177;9325;1.466
17705;45179;1.298
24183;9439;1.241
132347;132692;1.357
131583;9790;1.151
10200;9303;1.356
45230;55850;1.047
24324;58666;1.380
17492;58666;1.309
24324;55785;1.442
132918;38022;0.941
132692;17746;1.410
132692;17705;1.405
10022;132040;1.281
132074;4770;0.983
132040;24183;0.927
23655;4768;1.080
132074;4771;1.169
24324;7657;1.384
18119;9733;1.486
24466;9790;0.945
132687;58443;1.241
10022;9439;1.002
45179;45267;1.298
23655;55850;1.107
132347;23934;0.933
23934;9733;1.382
132347;9500;1.447
38477;56030;1.280
4770;7714;1.153
7657;7714;1.183
55561;56186;1.413
9500;9901;1.469
17705;24183;1.286
45177;7714;1.466
17705;4768;1.037
17705;58610;1.207
4610;4770;1.241
4610;4771;1.082
132687;18119;1.413
10022;38022;1.288
58610;9439;1.159
45267;9834;1.040
45267;9560;1.293
17492;7657;1.330
9733;9901;1.313
45267;9876;1.419
24324;4610;1.430
18015;55561;1.470
132918;58443;0.910
23838;4768;1.383
131583;45230;0.924
55561;9439;1.422
38477;45177;1.477
24192;55850;1.047
18400;24466;1.251
18400;24192;0.965
38477;45179;1.145
24183;56030;1.379
23838;55850;1.394
132074;9733;1.353
38022;4648;1.509
45280;9439;1.257
18400;9790;1.165
17705;18015;1.378
55850;58666;1.206
23934;45267;1.285
18400;58666;1.164
17746;45230;1.239
132918;9834;1.243
132918;9560;0.931
18015;18119;1.470
132918;9876;1.441
132918;18119;1.444
4770;9834;1.166
4770;9560;0.947
4648;9834;1.490
4648;9560;1.508
4770;9876;1.419
4648;9876;1.509
17492;4610;1.406
18015;4768;1.375
10200;4770;1.035
10200;4771;1.074
131583;38022;1.247
24466;56030;1.380
17492;45267;1.392
9325;9790;1.163
56030;58610;1.339
4610;9733;1.410
132347;17492;1.309
58443;9500;1.454
45230;9439;0.953
38477;58610;1.060
17746;38022;0.938
24324;9303;1.429
132074;45280;1.146
132074;23838;1.316
7657;9790;1.067
45177;9790;1.468
45179;55785;1.417
23655;24466;1.322
23655;24192;1.079
9303;9834;1.371
9303;9560;1.383
132040;56030;1.381
9303;9876;1.470
55785;9901;1.429
45179;9500;1.457
131583;58443;1.231
4768;9901;1.274
10200;131583;1.069
132687;4610;1.081
23655;58666;1.241
10200;9733;1.340
55785;58666;1.312
132040;9901;1.327
17492;9303;1.379
132692;24183;1.409
55785;9325;1.230
132687;24324;1.411
18119;45230;1.411
4768;9325;1.005
131583;18119;1.411
131583;9834;0.963
131583;9560;1.242
131583;9876;1.393
38022;45230;1.247
45267;4648;1.494
24192;24466;1.240
23838;24466;1.380
23838;24192;1.375
45267;58443;1.286
45267;55561;1.429
18400;45267;1.041
18119;9500;1.494
4771;56030;1.373
132040;9325;1.250
7714;9439;0.938
24466;58610;0.945
24466;9834;1.251
24466;9560;0.932
24466;9876;1.444
24192;58666;1.147
23934;9500;1.454
56030;7657;1.343
23838;58666;1.298
132918;24324;1.392
9500;9790;1.447
18119;38022;1.451
132918;4648;1.507
24324;4770;1.381
4768;55850;1.037
24324;4771;1.413
17492;55785;1.411
9733;9790;1.330
132687;9303;1.371
45177;56030;1.484
17705;18400;1.041
10022;45230;1.013
132040;58610;0.943
131583;132918;1.230
132687;55561;1.422
132040;7714;1.238
131583;132687;0.952
45230;45267;1.047
38022;4768;1.288
24192;9439;0.953
24183;38477;1.143
132074;9500;1.448
10022;24324;1.419
18119;58443;1.444
17492;23934;1.323
9439;9733;1.377
23655;45267;1.107
17492;4770;1.311
58666;9303;1.281
18400;9834;0.940
18400;9560;1.253
17492;4771;1.372
18400;9876;1.400
45177;45179;1.498
18015;45280;1.297
17746;7657;1.076
38477;9439;1.178
18015;23838;1.411
132040;18015;1.306
132918;55561;1.437
4771;58610;1.161
24466;38477;1.147
132692;7657;1.387
24324;9733;1.444
4610;9500;1.468
7714;9901;1.267
132040;23655;1.322
9325;9834;0.937
9325;9560;1.252
9325;9876;1.399
38477;55850;1.229
4771;9303;1.371
131583;24324;1.409
132692;56030;1.412
132687;132918;1.241
24192;45267;1.047
18400;55785;1.231
24183;9901;1.323
23838;45267;1.394
17746;4610;1.322
131583;4648;1.492
7657;9834;1.184
7657;9560;1.079
10200;45230;1.069
7657;9876;1.425
55850;7657;1.234
55785;9790;1.313
4770;56186;1.213
10022;55561;1.425
10022;58443;1.274
56030;9303;1.278
45177;9834;1.466
45177;9560;1.496
17705;23655;1.107
132040;38477;1.146
45177;9876;1.514
45177;58610;1.468
4768;9790;1.194
17746;24324;1.394
132687;4770;1.165
17492;9733;1.383
132692;4610;1.402
132687;4771;0.928
45280;56186;1.267
24466;4648;1.508
24183;55850;1.286
132687;7657;1.181
10022;9901;1.273
24183;9325;1.242
10200;9500;1.444
132692;45177;1.489
132074;56186;1.171
9876;9901;1.434
132040;9790;0.946
4610;58610;1.241
18400;23934;1.244
132692;45179;1.415
23655;4610;1.079
17705;38477;1.229
10200;38022;1.130
10022;18119;1.413
45267;4768;1.037
4768;58666;1.193
45230;58666;1.147
10022;9325;1.004
45230;55785;1.372
131583;55561;1.425
58610;9901;1.232
58666;7657;1.064
24466;55850;1.292
55561;56030;1.453
17705;4610;1.107
132347;45230;1.151
55561;9901;1.421
23655;55785;1.268
17746;9303;1.381
132074;17746;1.031
132074;17705;1.216
132918;4768;1.275
132687;9733;1.378
17746;58443;0.928
17746;55561;1.440
18015;7657;1.318
10200;132040;1.118
9500;9834;1.459
9500;9560;1.457
4648;4768;1.491
132692;58610;1.378
9500;9876;1.496
58610;9325;1.160
24324;45230;1.409
23838;4610;1.402
132347;9439;1.163
18400;4648;1.490
132692;9303;1.413
10200;58443;1.111
45280;9901;1.285
55561;9325;1.423
4771;7657;1.183
132040;55850;1.292
9733;9834;1.378
23934;38022;0.941
10022;7714;1.001
9733;9876;1.438
23655;23934;1.316
18119;24324;1.472
132347;38022;0.956
23655;9303;1.397
17746;18119;1.448
58666;9733;1.330
132040;18400;1.252
45280;9325;1.258
24192;55785;1.372
23838;55785;1.422
55850;9303;1.391
10200;18119;1.406
45230;9901;1.269
24324;38022;1.397
132692;18015;1.415
18015;4610;1.398
9439;9500;1.459
17705;55850;1.034
55785;7714;1.376
58610;7714;1.146
4768;7714;1.003
17705;9303;1.391
132692;23655;1.402
4648;58443;1.508
4648;55561;1.525
45177;4648;1.526
24183;24466;0.927
24183;24192;1.230
132687;45280;1.256
55561;7714;1.423
4771;55850;1.036
132687;23838;1.373
45230;9325;0.955
4771;9733;1.378
24324;9500;1.479
23838;23934;1.379
7714;9790;1.151
132347;58443;0.930
55561;58610;1.400
4610;56030;1.402
24183;58666;0.924
45280;7714;1.251
56030;9733;1.422
18119;55561;1.469
18015;56186;1.378
17746;4770;0.945
132692;38477;1.396
17746;4771;1.250
131583;4768;1.016
58443;9439;1.241
24183;9790;0.930
38022;58443;0.942
38022;55561;1.443
132918;45280;1.116
132687;17746;1.250
132687;17705;1.036
132074;45177;1.471
132918;23838;1.379
132692;4770;1.358
132347;18119;1.415
132692;4771;1.390
132074;45179;1.036
56186;9303;1.296
55785;9834;1.230
55785;9560;1.417
55785;9876;1.473
24466;4768;1.282
17492;9500;1.469
4768;9834;1.009
4768;9560;1.282
18015;9303;1.412
4768;9876;1.416
45230;7714;0.941
10022;9790;1.193
45179;9439;1.254
23655;4770;1.241
23655;4771;1.082
132040;9834;1.251
132040;9560;0.931
132040;9876;1.445
23655;7657;1.263
132040;24466;0.931
132040;24192;1.239
4770;58610;0.933
45179;45230;1.245
7714;9325;0.940
56186;58610;1.216
58610;9790;0.930
17746;9733;1.385
132074;24183;1.020
45280;58610;1.118
17705;4770;1.208
17705;4771;1.036
132074;58610;0.974
10200;24324;1.392
55561;9790;1.400
17705;7657;1.234
18119;9439;1.413
17705;24466;1.292
17705;24192;1.047
132692;9733;1.452
24192;9901;1.269
23838;4770;1.300
132687;9500;1.459
23838;4771;1.373
18400;4768;1.011
132692;55850;1.405
23934;9439;1.240
131583;56186;1.255
45280;9790;1.121
23838;7657;1.343
24183;45267;1.286
17705;58666;1.206
23655;9733;1.410
38022;4610;1.329
131583;45280;1.252
4768;55785;1.249
132692;18400;1.390
131583;23838;1.375
38477;9901;1.157
132074;18015;1.272
55850;9733;1.396
24192;9325;0.955
23934;45230;1.229
58666;9500;1.447
18015;4770;1.243
18015;4771;1.359
17746;45280;1.133
56186;7657;1.243
45230;9790;1.151
24183;7714;1.229
17746;23838;1.381
17705;9733;1.396
24466;45267;1.292
23934;24324;1.391
45267;56186;1.278
45179;58443;0.938
38477;9325;1.179
132074;9439;1.166
17492;45230;1.369
10200;55561;1.418
131583;17746;1.239
131583;17705;1.047
132347;24324;1.381
45177;4768;1.467
45267;45280;1.289
18015;45177;1.498
4771;9500;1.459
24192;7714;0.941
18015;45179;1.312
56030;58666;1.298
7714;9834;0.949
7714;9560;1.240
7714;9876;1.396
45267;7657;1.234
132040;45267;1.292
38477;58666;1.059
38022;9303;1.383
17492;38022;1.328
132040;4648;1.508
56030;9500;1.467
4610;9439;1.081
38477;55785;1.397
56186;9733;1.387
4770;56030;1.300
38477;7714;1.168
132687;56186;1.252
24183;9834;1.244
24183;9560;0.932
18015;9733;1.413
24183;9876;1.441
45280;56030;1.332
23934;58443;0.914
23934;55561;1.437
132074;56030;1.316
17705;45267;1.034
132918;7657;1.064
132347;55561;1.400
18015;24183;1.301
132692;24466;1.411
132692;24192;1.384
4648;7657;1.502
23838;9303;1.278
10022;9834;1.009
10022;9560;1.282
45267;4610;1.107
18015;58610;1.277
10022;9876;1.415
24183;55785;1.414
18119;45280;1.429
18400;45230;0.965
18119;23838;1.423
24324;58443;1.392
24324;55561;1.482
17492;58443;1.324
132918;56186;1.315
38022;45280;1.143
10200;9439;1.073
132347;9901;1.232
45177;55850;1.470
17746;9500;1.456
58610;9834;1.162
58610;9560;0.948
132918;4610;1.316
58610;9876;1.417
24466;58666;0.944
24466;55785;1.417
17492;18119;1.476
132692;9500;1.466
4610;55850;1.107
18400;38022;1.260
55561;9834;1.423
55561;9560;1.440
24192;9790;1.151
55561;9876;1.492
132074;18400;1.171
132347;9325;1.163
10022;56186;1.259
132918;17746;0.927
132918;17705;1.286
38022;4770;0.957
38022;4771;1.257
131583;132692;1.384
23655;9500;1.468
10022;45280;1.277
45280;9834;1.259
45280;9560;1.137
45280;9876;1.432
38477;45267;1.229
10022;23838;1.382
38022;7657;1.086
38477;9790;1.061
9560;9733;1.386
45267;9303;1.391
55850;9500;1.465
132040;58666;0.943
132040;55785;1.416
23655;45230;1.079
131583;132347;1.151
131583;7657;1.180
131583;132074;1.155
55850;58443;1.286
18400;58443;1.245
17705;9500;1.465
45230;9834;0.963
45230;9560;1.242
45230;9876;1.393
10022;17746;1.281
10022;17705;1.036
24466;7657;1.076
132918;9303;1.379
24183;4648;1.507
17705;55785;1.266
58443;9901;1.323
132040;23934;0.927
4770;9303;1.281
4648;9303;1.509
10022;10200;1.107
23655;38022;1.329
38022;9733;1.388
4771;58666;1.162
17746;56186;1.321
4771;55785;1.230
24192;45230;0.924
23838;45230;1.375
132687;45177;1.466
131583;4610;1.079
132687;132692;1.390
18015;56030;1.411
132687;45179;1.254
132040;4768;1.281
10022;4648;1.492
132074;23655;1.248
58443;9325;1.243
45179;9901;1.331
24324;9439;1.411
17705;23934;1.285
10200;45280;1.189
56186;9500;1.467
45179;55561;1.442
10200;23838;1.356
24466;4610;1.322
18015;9500;1.449
23838;9733;1.422
45177;58666;1.468
24192;38022;1.247
45179;9325;1.254
23838;38022;1.384
23655;58443;1.317
17492;24324;1.410
132918;45177;1.493
132074;38477;1.010
55785;58443;1.414
45267;4770;1.208
132918;45179;0.938
55561;55850;1.429
45267;4771;1.036
18400;7657;1.185
17492;9439;1.372
10200;17746;1.121
10200;17705;1.129
132687;24183;1.241
4610;58666;1.241
18119;9901;1.408
132687;58610;1.158
4648;56186;1.505
132347;9790;0.930
45280;4648;1.507
23934;9901;1.322
131583;9303;1.372
132040;17492;1.326
132918;4770;0.932
132918;4771;1.242
4648;4770;1.503
132347;45280;1.121
4770;4771;1.166
4648;4771;1.491
24192;58443;1.231
18119;9325;1.414
23838;58443;1.379
132347;23838;1.298
18400;4610;1.084
18119;56186;1.401
132918;24183;0.909
4770;7657;1.069
24466;9303;1.382
38022;56186;1.326
132918;58610;0.926
131583;56030;1.375
24324;45280;1.399
23934;9325;1.242
132687;18015;1.358
45177;7657;1.466
24192;9834;0.963
24192;9560;1.242
45230;4648;1.492
24192;9876;1.393
17492;55561;1.465
45267;9733;1.396
4770;55850;1.208
132692;58666;1.357
132692;55785;1.389
132687;9439;0.925
132074;9901;1.192
18400;24324;1.412
45280;55850;1.289
38477;9834;1.180
38477;9560;1.149
132074;55850;1.216
