38477;9876;1.537
131583;45177;2.037
18119;7714;1.755
10022;24183;1.274
132918;18015;1.302
131583;45179;1.252
45267;56030;1.530
132918;9733;1.451
45177;45267;2.063
132074;9325;1.169
45177;4610;2.074
132692;23934;1.415
4770;9733;1.377
4648;9733;2.288
58666;9439;1.161
24183;4768;1.278
18015;23655;1.557
17746;45177;2.032
4610;9901;1.427
58443;9790;0.933
17746;45179;0.937
18400;9303;1.467
131583;4770;1.155
38022;9500;1.891
131583;4771;0.956
10022;4768;1.005
55561;58666;1.568
4610;9325;1.103
18015;38477;1.337
131583;24183;1.230
45179;9790;0.954
18400;55561;1.681
4771;9439;0.929
132687;56030;1.473
131583;58610;1.146
24466;4770;0.948
132074;7714;1.155
24466;4771;1.258
132074;132918;1.021
132347;7714;1.152
23655;24324;1.629
9303;9733;1.452
132074;132687;1.166
17746;24183;0.928
10200;9901;1.316
56030;9439;1.473
23838;9500;1.966
7657;9303;1.379
132692;45267;1.530
45177;9303;2.107
10022;132918;1.274
132918;56030;1.387
10200;56186;1.272
10022;132687;1.002
131583;18015;1.447
4610;7714;1.103
45267;58610;1.219
18119;9790;1.734
10200;9325;1.074
45179;45280;1.143
132692;17492;1.545
131583;9733;1.447
24192;4648;2.182
9790;9901;1.264
24192;24324;1.523
4768;58443;1.280
45280;4768;1.362
45230;58443;1.232
45230;55561;1.676
23838;24324;1.597
18119;45177;2.047
4770;58666;0.933
23934;9790;0.935
132074;24466;1.038
132074;24192;1.155
18119;45179;1.754
132687;18400;0.940
56186;58666;1.211
38022;45177;2.039
132347;9834;1.175
132347;9560;0.948
24466;9733;1.462
132347;9876;1.523
38022;45179;0.937
18400;4770;1.178
18400;4771;0.941
45280;58666;1.117
45177;55785;2.121
38477;4648;2.224
23655;55561;1.751
132074;58666;0.978
24183;45230;1.230
10022;56030;1.500
18015;55850;1.500
17746;9439;1.254
45230;4768;1.020
4610;55785;1.319
58443;7714;1.231
10200;7714;1.061
45267;9500;1.975
132692;9439;1.490
23934;56186;1.314
18015;18400;1.458
132918;18400;1.255
132074;9790;0.982
132347;56186;1.214
18119;24183;1.736
23934;45280;1.123
18119;58610;1.732
132040;7657;1.079
10022;45177;2.051
24466;45230;1.247
24192;55561;1.676
24183;38022;0.942
23655;9439;1.105
9439;9901;1.321
23838;55561;1.714
10022;45179;1.296
9834;9901;1.323
45179;7714;1.251
24324;56186;1.556
45177;4770;2.013
45177;4771;2.042
132918;9500;1.872
55850;9439;1.038
18400;9733;1.452
17492;45280;1.430
4770;9500;1.876
4648;9500;2.406
17492;23838;1.393
4610;9790;1.285
24324;9901;1.592
17705;9439;1.038
132687;23655;1.104
58443;9834;1.256
58443;9560;0.934
17746;56030;1.393
132347;17705;1.221
132347;17746;0.945
58443;9876;1.584
24466;38022;0.946
132040;45230;1.244
132040;4610;1.374
9325;9733;1.451
58610;58666;0.927
24183;58443;0.911
24324;9325;1.535
10022;58610;1.191
132687;38477;1.184
7657;9733;1.448
45179;9834;1.273
45179;9560;0.943
23934;7714;1.228
132074;45267;1.233
45179;9876;1.600
17492;9901;1.416
9303;9500;1.964
17705;45230;1.051
132918;23655;1.363
45177;9733;2.171
10200;9790;1.035
131583;18400;0.967
132040;38022;0.937
10200;45177;2.008
132347;4648;2.220
56186;9439;1.277
10200;45179;1.116
18015;24466;1.317
18015;24192;1.447
55850;56186;1.341
18400;56186;1.283
18015;9439;1.453
55785;9303;1.597
17492;9325;1.485
10022;18015;1.484
4768;9303;1.494
18400;45280;1.351
4648;56030;2.279
132918;38477;1.152
55561;55785;1.797
45267;55850;1.034
24324;7714;1.522
24192;4768;1.020
18400;23838;1.476
18015;58666;1.239
17705;38022;1.328
131583;9500;1.943
18119;9834;1.762
18119;9560;1.751
18119;9876;1.951
132040;9303;1.389
23934;9834;1.252
23934;9560;0.932
38477;4768;1.225
24466;9500;1.882
23934;9876;1.581
18119;56030;1.817
17746;58610;0.943
132687;9901;1.322
10200;24183;1.110
38022;56030;1.402
10200;58610;1.030
45179;56186;1.337
17492;7714;1.475
10022;38477;1.224
9500;9733;2.013
132347;45177;2.013
38477;45230;1.178
132347;45179;0.952
132687;55850;1.036
45230;45280;1.325
17705;58443;1.308
132687;9325;0.926
4768;55561;1.693
24324;45177;2.144
23655;56186;1.399
131583;23655;1.102
58666;9901;1.262
55785;56186;1.585
4770;55785;1.317
24324;45179;1.411
17746;18015;1.316
132074;9834;1.173
132074;9560;1.041
10022;7657;1.243
132074;9876;1.518
23655;45280;1.454
131583;132040;1.244
23655;23838;1.580
10200;18015;1.348
9439;9790;1.164
45280;55785;1.464
17746;23655;1.374
132074;55785;1.398
24183;4610;1.362
17705;18119;1.778
18119;18400;1.762
132918;55850;1.306
23934;24183;0.913
58666;9325;1.162
4648;58610;2.219
18400;9500;1.957
131583;38477;1.178
4768;4770;1.198
4768;4771;1.007
132347;24183;0.929
55785;7657;1.448
45179;4648;2.231
24324;9790;1.386
58610;7657;1.063
4771;9901;1.324
132347;58610;0.930
4768;7657;1.246
24183;24324;1.394
4610;9834;1.114
4610;9560;1.378
18015;45267;1.500
132040;4770;0.946
4610;9876;1.542
132040;4771;1.256
10022;4610;1.102
55561;7657;1.639
17746;38477;1.156
24192;45280;1.325
132074;23934;1.020
9325;9500;1.951
23838;45280;1.422
56030;9901;1.347
56030;58443;1.388
38022;58610;0.958
17492;56186;1.374
4771;9325;0.928
38477;58443;1.154
38477;55561;1.612
10022;55850;1.038
45280;7657;1.239
132692;38022;1.432
38022;9439;1.265
7657;9500;1.848
17492;9790;1.313
132347;18015;1.243
18119;4648;2.393
56030;9325;1.474
45177;9500;2.299
10022;18400;1.017
55785;9733;1.654
132347;4768;1.197
4768;9733;1.485
24183;9303;1.382
23934;4648;2.223
10200;9560;1.128
10200;9834;1.085
10200;9876;1.484
45230;7657;1.180
10200;56030;1.388
24183;55561;1.623
132687;24466;1.258
132687;24192;0.952
23838;9439;1.474
132040;9733;1.456
18119;23655;1.765
17492;17746;1.338
17492;17705;1.528
45280;4610;1.447
132040;24324;1.404
131583;55850;1.051
10022;9303;1.493
17746;9901;1.371
132687;58666;1.160
9790;9834;1.174
9790;9876;1.523
56030;7714;1.464
132692;9901;1.597
132074;4648;2.220
17746;55850;1.317
132687;9790;1.163
18119;38477;1.721
10200;132918;1.110
24466;58443;0.929
24466;55561;1.633
132918;24466;0.929
132918;24192;1.230
132074;17492;1.308
45230;4610;1.101
17705;24324;1.582
10200;132687;1.073
17746;9325;1.255
38022;38477;1.158
58610;9303;1.339
58443;58610;0.928
23655;9901;1.427
17746;18400;1.267
23934;56030;1.385
132918;58666;0.925
132692;9325;1.491
132692;132918;1.417
18015;55785;1.540
10200;18400;1.086
55561;9303;1.744
55850;9901;1.380
132347;56030;1.304
10022;23655;1.102
132040;132918;0.927
58666;9790;0.931
132040;132687;1.255
4610;4648;2.248
132040;58443;0.929
132040;55561;1.632
23655;9325;1.104
45280;9303;1.407
45267;9439;1.038
45177;45230;2.037
24324;56030;1.594
17705;9901;1.380
10022;24466;1.290
10022;24192;1.016
45179;58610;0.953
24183;4770;0.933
24183;4771;1.245
55850;9325;1.037
9439;9834;0.938
9439;9560;1.260
23934;45177;2.022
18015;23934;1.306
17746;7714;1.243
9439;9876;1.416
9834;9876;1.427
45230;56186;1.275
24183;7657;1.064
23934;45179;0.939
4648;55850;2.217
45179;4768;1.297
23838;9901;1.346
17705;55561;1.706
132692;7714;1.481
4771;9790;1.165
17705;9325;1.037
132040;18119;1.748
10022;4770;1.197
45230;9303;1.461
132918;9439;1.241
10022;4771;1.006
24324;9834;1.545
24324;9560;1.408
17492;45177;2.168
24324;9876;1.567
4770;9439;1.167
4648;9439;2.178
17492;45179;1.342
10200;4648;2.194
4771;58443;1.247
4771;55561;1.682
18119;55850;1.778
132687;45267;1.036
132347;18400;1.175
56030;9790;1.305
7714;9733;1.440
24192;7657;1.180
131583;24466;1.247
131583;24192;0.924
56186;9901;1.026
38022;55850;1.327
132074;132692;1.400
55850;7714;1.037
18015;9901;1.370
18119;4768;1.765
132687;17492;1.484
10200;23655;1.206
24183;9733;1.451
23934;58610;0.930
131583;58666;1.148
132692;45230;1.470
38477;7657;1.113
17746;24466;0.932
17746;24192;1.244
17492;9834;1.485
17492;9560;1.341
17492;9876;1.725
132687;7714;0.938
56186;9325;1.281
55785;9500;1.964
24192;56186;1.275
23934;4768;1.277
132074;132347;0.981
55850;56030;1.530
23838;56186;1.304
18400;56030;1.475
132918;45267;1.306
45177;58443;2.025
4768;9500;1.964
18015;9325;1.456
17492;24183;1.328
10022;132692;1.516
9303;9439;1.465
132692;24324;1.611
24324;58610;1.383
24192;4610;1.101
17492;58610;1.313
10022;9733;1.483
45280;4770;1.125
10200;38477;1.106
45280;4771;1.340
132347;132918;0.929
132040;9500;1.882
4610;58443;1.364
132347;132687;1.164
7714;9303;1.456
17746;9790;0.947
10022;132347;1.195
45267;58666;1.219
10022;132074;1.205
58666;7714;1.147
45267;55785;1.299
38477;4610;1.315
18400;45177;2.050
18400;45179;1.274
132074;4768;1.209
132692;9790;1.366
131583;9439;0.953
58610;9733;1.397
45230;4770;1.155
45230;4771;0.956
17492;18015;1.357
132347;23655;1.286
45179;56030;1.399
18015;7714;1.443
24183;45280;1.117
132687;9834;0.938
132687;9560;1.261
132687;9876;1.415
55561;9733;1.814
23655;9790;1.285
24466;9439;1.257
4771;7714;0.942
23934;38477;1.149
23655;56030;1.580
132692;58443;1.419
132692;55561;1.774
9560;9901;1.376
55850;9790;1.220
55785;56030;1.606
45280;9733;1.490
132347;38477;1.062
4610;4768;1.103
24192;9303;1.461
18119;24466;1.749
18119;24192;1.751
132687;55785;1.242
24324;4648;2.275
18400;24183;1.255
58666;9834;1.174
58666;9560;0.948
55850;58610;1.219
24466;45280;1.137
18400;58610;1.173
131583;45267;1.051
58666;9876;1.520
17705;9790;1.220
24324;38477;1.460
18119;58666;1.732
10200;55850;1.130
38477;9303;1.294
132692;18119;1.848
23655;45177;2.074
45230;9733;1.447
23838;9790;1.306
23655;45179;1.382
131583;17492;1.475
17746;45267;1.317
132687;23934;1.240
132918;55785;1.416
38022;9901;1.381
17492;4648;2.292
4771;9834;0.939
4771;9560;1.261
132040;45280;1.137
4771;9876;1.418
18400;9439;0.940
10200;4768;1.111
132040;23838;1.393
17492;56030;1.393
7714;9500;1.946
56186;9790;1.216
132074;45230;1.155
56030;9834;1.474
56030;9560;1.396
55561;58443;1.624
56030;9876;1.701
17705;56186;1.341
38022;9325;1.266
18015;9790;1.244
132918;23934;0.913
24192;45177;2.037
4768;56186;1.310
23838;45177;2.116
9325;9439;0.928
24192;45179;1.252
23838;45179;1.399
23655;24183;1.363
17705;45280;1.393
132347;4610;1.286
10022;58666;1.192
23934;55850;1.303
10022;55785;1.266
24183;9500;1.873
17705;23838;1.531
23655;58610;1.284
132347;55850;1.221
55785;58610;1.367
24192;4770;1.155
7657;9439;1.181
24192;4771;0.956
132074;38022;1.049
24324;55850;1.572
45177;9439;2.040
23838;9325;1.474
23655;7714;1.103
132687;4648;2.178
10022;9500;1.963
17705;17746;1.317
38022;7714;1.254
17492;18400;1.486
38477;4770;1.066
38477;4771;1.184
18119;45267;1.778
23838;24183;1.387
4770;58443;0.934
24192;58610;1.146
17746;9834;1.266
17746;9560;0.934
131583;55785;1.375
38022;45267;1.327
23838;58610;1.347
17746;9876;1.593
56186;58443;1.312
17705;7714;1.037
10200;24466;1.125
10200;24192;1.069
58610;9500;1.874
45177;55561;2.242
45280;58443;1.119
132692;9834;1.492
132692;9560;1.425
38477;56186;1.135
132692;9876;1.761
132074;58443;1.022
17746;58666;0.945
132347;9303;1.285
17746;55785;1.427
55561;9500;2.072
45267;9901;1.380
23838;7714;1.465
38477;45280;1.225
10200;58666;1.030
4610;55561;1.751
24192;9733;1.447
132918;17492;1.328
131583;23934;1.229
23655;9834;1.114
23655;9560;1.378
23655;9876;1.542
9560;9790;0.950
45280;9500;1.944
24324;4768;1.550
55850;9834;1.047
55850;9560;1.322
55850;9876;1.487
45267;9325;1.037
132074;18119;1.725
10022;45267;1.038
38477;9733;1.355
24183;56186;1.310
17746;23934;0.928
56186;7714;1.251
132918;9901;1.358
4770;9901;1.266
4648;9901;2.283
45230;56030;1.469
45179;4610;1.382
17705;9834;1.048
17705;9560;1.322
18119;7657;1.713
17705;9876;1.488
23934;24466;0.930
23934;24192;1.229
10022;17492;1.513
45230;9500;1.943
17492;23655;1.578
132347;24466;0.944
132347;24192;1.152
18015;45230;1.447
132692;23838;1.575
4648;58666;2.219
23838;9834;1.475
132918;9325;1.243
4648;55785;2.239
23838;9876;1.702
17492;4768;1.505
38022;9790;0.959
4770;9325;1.167
4648;9325;2.178
24466;56186;1.331
24324;24466;1.406
10022;131583;1.016
132347;58666;0.929
45267;7714;1.037
17492;38477;1.331
58443;9303;1.384
45179;55850;1.323
18119;4610;1.765
18119;55785;1.887
9303;9901;1.268
18015;38022;1.329
56186;9834;1.282
56186;9560;1.329
132347;4770;0.933
56186;9876;1.564
38022;58666;0.956
132347;4771;1.166
38022;55785;1.436
18015;9834;1.457
18015;9560;1.320
23934;4610;1.361
18015;9876;1.722
132074;7657;1.063
132347;7657;1.068
24192;56030;1.469
132040;56186;1.329
23838;56030;1.282
55785;55850;1.299
17746;4648;2.228
132918;7714;1.228
10200;45267;1.130
45179;9303;1.397
4648;7714;2.179
9303;9325;1.466
18119;23934;1.736
132687;4768;1.005
132692;4648;2.281
131583;9901;1.313
10200;17492;1.383
55785;9439;1.392
4768;58610;1.195
45230;58610;1.146
18400;23655;1.115
4768;9439;1.006
18015;58443;1.304
4610;7657;1.328
23655;4648;2.249
132074;4610;1.295
24466;9901;1.373
132074;24324;1.408
132040;17746;0.924
132040;17705;1.317
132040;9439;1.254
4771;56186;1.282
131583;9325;0.955
132347;9733;1.374
10200;132692;1.395
18119;9303;1.810
18400;38477;1.189
17492;55850;1.527
23934;9303;1.381
45267;9790;1.220
24466;9325;1.258
17705;4648;2.217
132347;45267;1.221
10200;132347;1.033
10200;132074;1.073
10022;23934;1.274
24192;9500;1.943
58443;58666;0.926
24183;45177;2.023
132040;132692;1.421
58443;7657;1.066
24324;45267;1.572
24183;45179;0.937
10200;7657;1.113
45177;56186;2.074
23838;4648;2.278
9560;9834;1.272
4770;55561;1.573
9560;9876;1.598
56030;56186;1.304
45177;45280;2.028
131583;7714;0.941
38477;9500;1.907
132918;9790;0.931
45179;4770;0.956
132040;132347;0.945
4610;56186;1.398
45280;55561;1.684
45179;4771;1.263
132040;132074;1.036
4770;9790;0.934
4648;9790;2.220
18400;9901;1.324
132074;9303;1.316
132074;55561;1.572
45179;7657;1.087
45179;58666;0.952
24466;7714;1.246
24466;45177;2.034
24466;45179;0.942
10200;55785;1.362
18015;4648;2.267
10200;4610;1.206
23655;38477;1.316
132687;45230;0.952
9325;9901;1.323
18400;9325;0.940
58443;9733;1.453
24183;58610;0.926
38022;9834;1.277
38022;9560;0.947
38022;9876;1.602
18400;55850;1.048
18119;4770;1.735
4610;9303;1.572
18119;4771;1.763
17705;56030;1.530
10200;23934;1.106
132040;45177;2.032
7657;9901;1.280
4768;56030;1.502
9303;9790;1.286
132692;56186;1.565
132040;45179;0.936
45177;9901;2.093
23934;4770;0.937
23934;4771;1.242
45179;9733;1.455
132918;45230;1.230
132687;38022;1.266
132692;45280;1.489
23934;7657;1.064
17746;4768;1.289
23838;9560;1.396
24192;38477;1.178
23934;58666;0.930
23838;38477;1.292
23934;55785;1.419
7657;9325;1.183
18400;7714;0.953
17492;24466;1.338
17492;24192;1.475
17705;45177;2.063
18015;24324;1.558
132347;55785;1.317
132692;4768;1.506
45177;9325;2.041
17705;45179;1.323
24183;9439;1.241
132347;132692;1.365
131583;9790;1.152
10200;9303;1.383
45230;55850;1.051
24324;58666;1.383
17492;58666;1.313
24324;55785;1.600
132918;38022;0.941
132692;17746;1.422
132692;17705;1.530
10022;132040;1.288
132074;4770;0.984
132040;24183;0.927
23655;4768;1.104
132074;4771;1.170
24324;7657;1.440
18119;9733;1.909
24466;9790;0.946
132687;58443;1.243
10022;9439;1.003
45179;45267;1.323
23655;55850;1.136
132347;23934;0.933
23934;9733;1.447
132347;9500;1.874
38477;56030;1.291
4770;7714;1.154
7657;7714;1.183
55561;56186;1.662
9500;9901;1.959
17705;24183;1.306
45177;7714;2.039
17705;4768;1.040
17705;58610;1.219
4610;4770;1.288
4610;4771;1.105
132687;18119;1.760
10022;38022;1.299
58610;9439;1.159
45267;9834;1.047
45267;9560;1.322
17492;7657;1.393
9733;9901;1.348
45267;9876;1.487
24324;4610;1.618
18015;55561;1.751
132918;58443;0.911
23838;4768;1.491
131583;45230;0.924
55561;9439;1.678
38477;45177;2.035
24192;55850;1.051
18400;24466;1.268
18400;24192;0.967
38477;45179;1.155
24183;56030;1.387
23838;55850;1.519
132074;9733;1.385
38022;4648;2.233
45280;9439;1.337
18400;9790;1.175
17705;18015;1.510
55850;58666;1.219
23934;45267;1.303
18400;58666;1.175
17746;45230;1.244
132918;9834;1.254
132918;9560;0.932
18015;18119;1.873
132918;9876;1.582
132918;18119;1.736
4770;9834;1.177
4770;9560;0.949
4648;9834;2.186
4648;9560;2.230
4770;9876;1.526
4648;9876;2.254
17492;4610;1.578
18015;4768;1.477
10200;4770;1.037
10200;4771;1.075
131583;38022;1.255
24466;56030;1.393
17492;45267;1.527
9325;9790;1.164
56030;58610;1.346
4610;9733;1.561
132347;17492;1.313
58443;9500;1.874
45230;9439;0.953
38477;58610;1.062
17746;38022;0.938
24324;9303;1.583
132074;45280;1.157
132074;23838;1.324
7657;9790;1.069
45177;9790;2.014
45179;55785;1.434
23655;24466;1.376
23655;24192;1.102
9303;9834;1.467
9303;9560;1.397
132040;56030;1.392
9303;9876;1.697
55785;9901;1.621
45179;9500;1.887
131583;58443;1.232
4768;9901;1.348
10200;131583;1.069
132687;4610;1.103
23655;58666;1.285
10200;9733;1.340
55785;58666;1.314
132040;9901;1.371
17492;9303;1.385
132692;24183;1.417
55785;9325;1.244
132687;24324;1.533
18119;45230;1.751
4768;9325;1.006
131583;18119;1.751
131583;9834;0.966
131583;9560;1.250
131583;9876;1.393
38022;45230;1.255
45267;4648;2.217
24192;24466;1.247
23838;24466;1.394
23838;24192;1.470
45267;58443;1.307
45267;55561;1.706
18400;45267;1.048
18119;9500;2.111
4771;56030;1.474
132040;9325;1.255
7714;9439;0.938
24466;58610;0.946
24466;9834;1.269
24466;9560;0.933
24466;9876;1.594
24192;58666;1.148
23934;9500;1.874
56030;7657;1.386
23838;58666;1.304
132918;24324;1.394
9500;9790;1.875
18119;38022;1.756
132918;4648;2.224
24324;4770;1.385
4768;55850;1.039
24324;4771;1.537
17492;55785;1.571
9733;9790;1.375
132687;9303;1.465
45177;56030;2.115
17705;18400;1.049
10022;45230;1.016
132040;58610;0.944
131583;132918;1.230
132687;55561;1.679
132040;7714;1.243
131583;132687;0.952
45230;45267;1.051
38022;4768;1.300
24192;9439;0.953
24183;38477;1.152
132074;9500;1.884
10022;24324;1.558
18119;58443;1.737
17492;23934;1.328
9439;9733;1.450
23655;45267;1.136
17492;4770;1.316
58666;9303;1.284
18400;9834;0.940
18400;9560;1.272
17492;4771;1.486
18400;9876;1.428
45177;45179;2.038
18015;45280;1.376
17746;7657;1.079
38477;9439;1.183
18015;23838;1.421
132040;18015;1.316
132918;55561;1.622
4771;58610;1.162
24466;38477;1.158
132692;7657;1.443
24324;9733;1.643
4610;9500;1.987
7714;9901;1.315
132040;23655;1.375
9325;9834;0.938
9325;9560;1.261
9325;9876;1.417
38477;55850;1.254
4771;9303;1.467
131583;24324;1.523
132692;56030;1.575
132687;132918;1.241
24192;45267;1.051
18400;55785;1.254
24183;9901;1.359
23838;45267;1.519
17746;4610;1.374
131583;4648;2.182
7657;9834;1.194
7657;9560;1.084
10200;45230;1.069
7657;9876;1.539
55850;7657;1.273
55785;9790;1.316
4770;56186;1.217
10022;55561;1.689
10022;58443;1.276
56030;9303;1.286
45177;9834;2.051
45177;9560;2.036
17705;23655;1.136
132040;38477;1.156
45177;9876;2.191
45177;58610;2.012
4768;9790;1.196
17746;24324;1.405
132687;4770;1.167
17492;9733;1.445
132692;4610;1.523
132687;4771;0.928
45280;56186;1.339
24466;4648;2.228
24183;55850;1.305
132687;7657;1.181
10022;9901;1.348
24183;9325;1.243
10200;9500;1.885
132692;45177;2.111
132074;56186;1.171
9876;9901;1.591
132040;9790;0.947
4610;58610;1.284
18400;23934;1.254
132692;45179;1.429
23655;4610;1.102
17705;38477;1.254
10200;38022;1.134
10022;18119;1.762
45267;4768;1.039
4768;58666;1.195
45230;58666;1.148
10022;9325;1.005
45230;55785;1.375
131583;55561;1.676
58610;9901;1.262
58666;7657;1.064
24466;55850;1.319
55561;56030;1.747
17705;4610;1.136
132347;45230;1.152
55561;9901;1.701
23655;55785;1.319
17746;9303;1.390
132074;17746;1.036
132074;17705;1.233
132918;4768;1.277
132687;9733;1.450
17746;58443;0.930
17746;55561;1.633
18015;7657;1.373
10200;132040;1.118
9500;9834;1.956
9500;9560;1.885
4648;4768;2.199
132692;58610;1.386
9500;9876;2.072
58610;9325;1.161
24324;45230;1.523
23838;4610;1.569
132347;9439;1.164
18400;4648;2.186
132692;9303;1.577
10200;58443;1.112
45280;9901;1.387
55561;9325;1.681
4771;7657;1.184
132040;55850;1.316
9733;9834;1.451
23934;38022;0.941
10022;7714;1.002
9733;9876;1.626
23655;23934;1.361
18119;24324;1.909
132347;38022;0.957
23655;9303;1.572
17746;18119;1.748
58666;9733;1.372
132040;18400;1.267
45280;9325;1.338
24192;55785;1.375
23838;55785;1.606
55850;9303;1.524
10200;18119;1.709
45230;9901;1.313
24324;38022;1.412
132692;18015;1.543
18015;4610;1.557
9439;9500;1.951
17705;55850;1.035
55785;7714;1.388
58610;7714;1.146
4768;7714;1.005
17705;9303;1.524
132692;23655;1.523
4648;58443;2.224
4648;55561;2.335
45177;4648;2.537
24183;24466;0.927
24183;24192;1.230
132687;45280;1.336
55561;7714;1.671
4771;55850;1.037
132687;23838;1.474
45230;9325;0.955
4771;9733;1.452
24324;9500;1.987
23838;23934;1.386
7714;9790;1.152
132347;58443;0.931
55561;58610;1.570
4610;56030;1.580
24183;58666;0.924
45280;7714;1.324
56030;9733;1.456
18119;55561;2.023
18015;56186;1.380
17746;4770;0.946
132692;38477;1.455
17746;4771;1.256
131583;4768;1.020
58443;9439;1.243
24183;9790;0.931
38022;58443;0.943
38022;55561;1.640
132918;45280;1.116
132687;17746;1.255
132687;17705;1.037
132074;45177;2.021
132918;23838;1.387
132692;4770;1.367
132347;18119;1.734
132692;4771;1.491
132074;45179;1.043
56186;9303;1.298
55785;9834;1.254
55785;9560;1.431
55785;9876;1.689
24466;4768;1.292
17492;9500;1.976
4768;9834;1.016
4768;9560;1.294
18015;9303;1.416
4768;9876;1.476
45230;7714;0.941
10022;9790;1.194
45179;9439;1.262
23655;4770;1.288
23655;4771;1.105
132040;9834;1.266
132040;9560;0.933
132040;9876;1.593
23655;7657;1.328
132040;24466;0.932
132040;24192;1.244
4770;58610;0.933
45179;45230;1.252
7714;9325;0.941
56186;58610;1.217
58610;9790;0.931
17746;9733;1.460
132074;24183;1.020
45280;58610;1.119
17705;4770;1.223
17705;4771;1.037
132074;58610;0.974
10200;24324;1.446
55561;9790;1.572
17705;7657;1.274
18119;9439;1.759
17705;24466;1.319
17705;24192;1.051
132692;9733;1.650
24192;9901;1.313
23838;4770;1.309
132687;9500;1.951
23838;4771;1.474
18400;4768;1.017
132692;55850;1.530
23934;9439;1.240
131583;56186;1.275
45280;9790;1.123
23838;7657;1.386
24183;45267;1.305
17705;58666;1.219
23655;9733;1.562
38022;4610;1.385
131583;45280;1.325
4768;55785;1.268
132692;18400;1.493
131583;23838;1.470
38477;9901;1.179
132074;18015;1.273
55850;9733;1.502
24192;9325;0.955
23934;45230;1.229
58666;9500;1.873
18015;4770;1.247
18015;4771;1.457
17746;45280;1.137
56186;7657;1.268
45230;9790;1.152
24183;7714;1.229
17746;23838;1.393
17705;9733;1.503
24466;45267;1.319
23934;24324;1.394
45267;56186;1.341
45179;58443;0.939
38477;9325;1.184
132074;9439;1.166
17492;45230;1.475
10200;55561;1.607
131583;17746;1.244
131583;17705;1.051
132347;24324;1.385
45177;4768;2.052
45267;45280;1.393
18015;45177;2.142
4771;9500;1.951
24192;7714;0.941
18015;45179;1.325
56030;58666;1.303
7714;9834;0.951
7714;9560;1.249
7714;9876;1.406
45267;7657;1.273
132040;45267;1.316
38477;58666;1.061
38022;9303;1.398
17492;38022;1.346
132040;4648;2.228
56030;9500;1.966
4610;9439;1.104
38477;55785;1.469
56186;9733;1.391
4770;56030;1.308
38477;7714;1.172
132687;56186;1.279
24183;9834;1.254
24183;9560;0.932
18015;9733;1.489
24183;9876;1.581
45280;56030;1.419
23934;58443;0.915
23934;55561;1.624
132074;56030;1.323
17705;45267;1.035
132918;7657;1.064
132347;55561;1.571
18015;24183;1.302
132692;24466;1.423
132692;24192;1.470
4648;7657;2.210
23838;9303;1.286
10022;9834;1.015
10022;9560;1.293
45267;4610;1.136
18015;58610;1.279
10022;9876;1.474
24183;55785;1.417
18119;45280;1.809
18400;45230;0.967
18119;23838;1.818
24324;58443;1.396
24324;55561;1.772
17492;58443;1.329
132918;56186;1.315
38022;45280;1.148
10200;9439;1.073
132347;9901;1.263
45177;55850;2.063
17746;9500;1.882
58610;9834;1.172
58610;9560;0.949
132918;4610;1.363
58610;9876;1.520
24466;58666;0.944
24466;55785;1.430
17492;18119;1.909
132692;9500;1.958
4610;55850;1.136
18400;38022;1.278
55561;9834;1.681
55561;9560;1.635
24192;9790;1.152
55561;9876;1.873
132074;18400;1.175
132347;9325;1.164
10022;56186;1.307
132918;17746;0.928
132918;17705;1.306
38022;4770;0.958
38022;4771;1.266
131583;132692;1.470
23655;9500;1.987
10022;45280;1.366
45280;9834;1.349
45280;9560;1.140
45280;9876;1.626
38477;45267;1.254
10022;23838;1.501
38022;7657;1.091
38477;9790;1.064
9560;9733;1.464
45267;9303;1.524
55850;9500;1.975
132040;58666;0.944
132040;55785;1.427
23655;45230;1.102
131583;132347;1.152
131583;7657;1.180
131583;132074;1.155
55850;58443;1.307
18400;58443;1.257
17705;9500;1.975
45230;9834;0.966
45230;9560;1.250
45230;9876;1.393
10022;17746;1.288
10022;17705;1.038
24466;7657;1.080
132918;9303;1.382
24183;4648;2.223
17705;55785;1.300
58443;9901;1.361
132040;23934;0.927
4770;9303;1.286
4648;9303;2.277
10022;10200;1.109
23655;38022;1.385
38022;9733;1.470
4771;58666;1.164
17746;56186;1.330
4771;55785;1.245
24192;45230;0.924
23838;45230;1.470
132687;45177;2.041
131583;4610;1.101
132687;132692;1.491
18015;56030;1.420
132687;45179;1.263
132040;4768;1.289
10022;4648;2.200
132074;23655;1.296
58443;9325;1.245
45179;9901;1.379
24324;9439;1.533
17705;23934;1.304
10200;45280;1.216
56186;9500;1.955
45179;55561;1.637
10200;23838;1.389
24466;4610;1.375
18015;9500;1.933
23838;9733;1.456
45177;58666;2.012
24192;38022;1.255
45179;9325;1.263
23838;38022;1.402
23655;58443;1.364
17492;24324;1.559
132918;45177;2.024
132074;38477;1.011
55785;58443;1.418
45267;4770;1.223
132918;45179;0.938
55561;55850;1.705
45267;4771;1.037
18400;7657;1.195
17492;9439;1.485
10200;17746;1.123
10200;17705;1.130
132687;24183;1.241
4610;58666;1.284
18119;9901;1.785
132687;58610;1.158
4648;56186;2.263
132347;9790;0.931
45280;4648;2.289
23934;9901;1.358
131583;9303;1.461
132040;17492;1.338
132918;4770;0.933
132918;4771;1.245
4648;4770;2.221
132347;45280;1.122
4770;4771;1.168
4648;4771;2.180
24192;58443;1.232
18119;9325;1.761
23838;58443;1.389
132347;23838;1.305
18400;4610;1.115
18119;56186;1.762
132918;24183;0.909
4770;7657;1.071
24466;9303;1.395
38022;56186;1.340
132918;58610;0.926
131583;56030;1.469
24324;45280;1.492
23934;9325;1.242
132687;18015;1.454
45177;7657;2.004
24192;9834;0.966
24192;9560;1.250
45230;4648;2.182
24192;9876;1.393
17492;55561;1.761
45267;9733;1.502
4770;55850;1.223
132692;58666;1.364
132692;55785;1.499
132687;9439;0.925
132074;9901;1.217
18400;24324;1.546
45280;55850;1.387
38477;9834;1.188
38477;9560;1.161
132074;55850;1.233
