11556;262248;1.299
11556;26426;1.460
11556;52468;1.347
26105;52245;1.428
26426;52468;1.426
21599;27796;1.323
14709;262248;1.390
262218;52245;1.469
14709;28005;1.420
52302;52468;1.416
262248;52245;1.429
26105;52302;1.431
262218;52302;1.499
52245;52302;1.479
27796;28005;1.448
21599;26105;0.932
262248;52302;1.430
14709;26426;1.422
14709;52468;1.374
11556;27796;1.355
26426;27796;1.454
21599;52245;1.429
28005;52468;1.397
11556;26105;1.300
27796;52468;1.277
21599;52302;1.431
26105;262248;0.927
26105;28005;1.432
11556;262218;1.460
21599;262248;0.932
262218;28005;1.472
262248;28005;1.433
14709;262218;1.422
14709;27796;1.442
11556;52245;1.469
26426;52245;1.469
14709;26105;1.389
26105;26426;1.398
26105;52468;1.186
11556;52302;1.463
11556;21599;1.300
262218;26426;1.368
26426;52302;1.499
262218;52468;1.426
52245;52468;1.391
262248;26426;1.400
262248;52468;1.185
21599;28005;1.433
14709;52245;1.418
28005;52245;1.359
26105;262218;1.398
26105;27796;1.346
21599;52468;1.188
27796;52245;1.443
11556;14709;1.450
14709;52302;1.473
14709;21599;1.391
262218;262248;1.400
21599;262218;1.401
262218;27796;1.454
28005;52302;1.482
11556;28005;1.472
26426;28005;1.472
262248;27796;1.321
27796;52302;1.470
21599;26426;1.401
