6163;9299;2.419
17970;9658;2.224
23862;6163;1.245
132615;55821;1.615
132615;9821;1.706
132454;6163;1.493
132454;133064;1.758
4779;6163;1.228
132454;59322;1.601
132862;18187;1.552
23944;6648;2.540
132246;23944;1.930
132454;23862;1.686
132246;23988;1.719
23930;9670;1.730
132246;4775;2.336
132246;4779;1.499
17970;23944;1.865
17721;9299;2.406
132862;23930;1.801
23862;23930;1.981
17970;23988;1.542
24095;7629;0.924
131303;133064;1.688
18233;9497;1.467
17970;4775;2.375
132454;9821;1.805
17970;4779;1.307
18187;18233;1.455
132246;132615;1.499
132862;6163;0.973
55821;9927;1.662
131303;59322;1.497
55821;9658;2.268
131303;23862;1.677
133064;6163;1.441
132246;18233;1.575
17970;24095;1.209
133498;7629;1.253
18233;23930;1.841
132615;9670;1.234
23944;9497;1.929
132454;133498;1.602
131303;9497;1.684
17639;23930;1.854
132615;59322;0.909
24298;9299;2.405
17970;18233;1.304
131303;24095;1.476
131303;132454;1.652
6163;6648;2.432
18187;24298;1.552
132615;23862;1.533
17721;18187;1.553
132862;9821;1.626
132862;55821;1.493
7629;9927;1.233
6648;7629;2.428
23862;55821;1.636
132454;23944;1.652
7629;9658;2.109
132454;23988;1.738
133064;9821;1.772
132246;17970;1.578
17721;23930;1.804
131303;133498;1.522
132246;24298;1.398
4775;9821;2.400
132454;9670;1.464
17639;17721;1.698
133498;6163;1.249
59322;9299;2.461
17639;9299;2.492
17721;6648;2.429
23862;9821;1.695
18233;55821;1.678
24095;55821;1.493
132454;24095;1.487
6163;9497;1.291
18187;9299;2.484
17639;55821;1.924
131303;23944;1.883
131303;23988;1.743
132454;18233;1.266
4779;9821;1.537
23988;6648;2.437
17639;18187;1.748
23988;9299;2.467
132615;23944;1.792
9658;9821;2.301
132862;9670;1.206
132615;23988;1.561
17721;55821;1.497
17970;7629;1.209
24298;6648;2.428
132862;59322;1.308
23862;59322;1.533
17721;9497;1.255
133064;9670;1.516
18233;9927;1.350
24095;6163;0.973
23930;6648;2.576
132862;23862;1.209
18233;9658;2.095
23930;9299;2.580
131303;18233;1.469
4775;9670;2.303
4775;55821;2.429
133498;17639;1.744
132615;24095;1.308
23862;9670;1.429
9497;9821;1.817
132615;18233;1.352
133064;18187;1.724
18233;59322;1.353
59322;6648;2.451
23944;9927;1.848
131303;9927;1.505
132615;133064;1.501
17970;24298;1.209
17639;59322;1.680
17639;6648;2.498
23944;9658;2.160
17970;6163;1.207
131303;9658;2.217
18233;23862;1.458
24095;9821;1.626
4779;9670;1.141
24298;9497;1.252
131303;17970;1.539
17639;23862;1.886
18187;6648;2.496
131303;24298;1.477
131303;132615;1.496
133064;23930;1.849
132615;9299;2.461
18233;4775;2.311
23988;55821;1.852
18233;4779;1.175
9658;9670;2.100
17721;59322;1.311
132246;7629;1.398
133498;9821;1.721
17721;23862;1.208
132862;23944;1.791
23862;23944;1.915
132862;23988;1.463
23862;23988;1.651
23944;4775;2.388
59322;9497;1.564
131303;4775;2.340
133064;17721;1.314
23944;4779;1.674
17639;9497;1.792
131303;4779;1.488
4775;59322;2.305
132454;9299;2.451
132454;17970;1.571
6163;9927;1.231
18187;9497;1.738
9497;9670;1.421
6648;9821;2.535
6163;9658;2.107
4779;55821;1.688
132454;24298;1.487
132454;132615;1.601
132615;133498;1.224
133064;55821;1.728
23988;9497;1.649
18233;23944;1.626
132862;24095;0.924
24095;9670;1.206
23862;24095;1.209
18233;23988;1.541
17639;23944;2.011
17639;23988;1.896
132246;6163;1.440
132862;18233;1.206
9670;9927;0.925
24095;59322;1.308
9299;9821;2.544
23988;59322;1.561
23944;55821;2.088
17721;9927;1.236
132615;6648;2.451
132862;9299;2.405
17721;9658;2.111
133498;9670;0.944
23930;9497;1.979
55821;7629;1.493
18233;24095;1.206
17721;23944;1.794
17721;23988;1.466
17639;24095;1.695
132615;17970;1.350
132246;17639;1.839
133064;9299;2.463
132246;9821;1.774
132862;17970;1.209
132615;24298;1.308
4775;6648;2.615
4775;9299;2.647
17970;9821;1.700
6648;9670;2.433
23862;6648;2.504
23862;9299;2.500
24298;9927;1.233
132454;6648;2.497
17721;24095;0.927
24298;9658;2.109
133064;59322;1.502
17721;4775;2.301
132615;9497;1.564
17721;4779;1.237
133064;23862;1.521
17721;18233;1.209
55821;6163;1.495
4779;6648;2.439
4779;9299;2.446
9299;9670;2.444
131303;7629;1.476
23944;59322;1.792
132246;132862;1.398
59322;9927;1.204
17639;9927;1.726
59322;9658;2.091
17639;9658;2.164
132862;6648;2.428
24298;4775;2.300
132454;9497;1.665
17721;17970;1.212
132246;9670;1.515
24298;4779;1.234
55821;9821;1.957
18187;9927;1.568
18187;9658;2.192
17970;9670;1.309
23930;4775;2.455
23930;4779;1.766
133064;6648;2.473
23988;24095;1.463
23988;9927;1.463
23988;9658;2.231
133498;23930;1.822
17639;18233;1.712
132862;24298;0.924
23862;24298;1.209
23930;55821;2.056
133064;23944;1.931
18233;7629;1.206
4779;59322;1.234
133064;23988;1.717
24095;9299;2.405
6163;7629;0.973
131303;17639;1.810
7629;9821;1.626
17639;4775;2.339
9821;9927;1.712
17639;4779;1.646
132862;9497;1.252
133064;133498;1.578
23930;9927;1.806
18187;4775;2.370
18187;4779;1.339
23930;9658;2.250
133498;17721;1.256
17639;17970;1.772
18233;24298;1.206
24095;24298;0.924
17639;24298;1.696
133064;9497;1.532
23988;4775;2.323
23944;23988;1.937
133498;6648;2.450
23988;4779;1.530
23944;7629;1.791
133498;9299;2.447
133064;24095;1.400
4775;9497;2.351
55821;9670;1.612
133498;55821;1.674
17721;7629;0.927
133064;18233;1.572
18233;6163;1.215
23862;9497;1.449
24298;55821;1.493
132454;17639;1.885
133498;18187;1.583
6648;9299;2.720
55821;59322;1.615
17721;24298;0.927
132615;9927;1.204
23944;24095;1.791
132615;9658;2.091
4779;9497;1.484
23930;59322;1.729
7629;9670;1.206
23944;6163;1.794
131303;6163;1.460
18233;9821;1.657
24095;6648;2.428
132454;9927;1.588
18187;23930;1.856
132454;9658;2.133
132615;4775;2.305
132615;4779;1.234
132615;17639;1.680
132246;9299;2.462
132862;17639;1.695
23944;9821;1.980
23988;24298;1.463
131303;9821;1.840
17970;6648;2.386
59322;7629;1.308
17970;9299;2.527
133498;23862;1.461
24298;59322;1.308
131303;132862;1.476
17639;7629;1.695
24095;9497;1.252
131303;132246;1.687
23862;4775;2.372
23862;4779;1.461
132862;9927;1.233
132454;4775;2.360
23930;23944;2.132
132454;4779;1.418
23930;23988;1.983
132862;9658;2.109
23988;7629;1.463
18233;9670;1.222
18187;55821;1.907
133064;9927;1.563
132246;17721;1.400
133064;9658;2.177
133064;17970;1.579
4775;9927;2.307
133498;9497;1.505
4775;9658;2.443
133064;24298;1.311
24298;7629;0.924
6163;9821;1.626
17721;6163;0.976
23930;24095;1.801
23862;9927;1.456
132246;55821;1.771
132454;132862;1.487
23930;7629;1.801
23862;9658;2.200
23944;9670;1.734
55821;9299;2.497
131303;9670;1.479
6648;9497;2.460
132862;4775;2.300
132862;133064;1.311
132862;4779;1.234
132246;18187;1.724
133498;23944;1.859
133498;23988;1.478
23988;6163;1.474
23944;24298;1.792
4779;9927;1.297
132246;6648;2.472
4779;9658;2.113
9670;9821;1.656
133498;59322;1.224
17970;18187;1.599
133064;4775;2.336
133064;4779;1.496
9658;9927;2.168
132246;23930;1.849
17721;9821;1.627
4775;4779;2.308
9299;9497;2.424
24298;6163;0.973
18187;7629;1.552
17970;23930;1.879
7629;9299;2.405
133498;24095;1.253
23930;6163;1.795
18187;59322;1.523
18187;23862;1.725
6163;9670;1.212
132246;9497;1.591
9497;9927;1.490
9497;9658;2.213
24298;9821;1.626
17970;9497;1.511
132862;133498;1.253
59322;6163;1.280
17639;6163;1.696
132246;133064;1.369
132454;18187;1.590
24095;9927;1.233
131303;17721;1.479
24095;9658;2.109
18187;6163;1.551
55821;6648;2.584
17970;55821;1.720
132454;23930;2.012
17721;9670;1.209
131303;55821;1.793
132615;132862;1.308
59322;9821;1.706
133498;9927;0.928
17639;9821;1.953
133498;9658;2.179
131303;18187;1.751
18233;9299;2.425
132246;132454;1.757
18187;9821;1.781
18187;23944;1.776
132862;7629;0.924
18187;23988;1.738
132615;7629;1.308
24095;4775;2.300
23930;24298;1.801
24095;4779;1.234
132454;17721;1.489
55821;9497;1.600
23988;9821;1.861
131303;23930;1.913
6648;9927;2.442
132615;18187;1.523
133498;18233;1.369
6648;9658;2.621
24298;9670;1.206
133064;7629;1.311
132246;133498;1.578
4775;7629;2.300
131303;6648;2.520
23944;9299;2.514
131303;9299;2.527
132454;55821;1.862
132615;23930;1.729
18187;24095;1.552
132246;59322;1.500
133498;4775;2.316
23862;7629;1.209
133498;4779;1.311
9299;9927;2.440
132246;23862;1.593
132454;7629;1.487
9299;9658;2.610
17970;59322;1.350
23930;9821;2.059
7629;9497;1.252
133498;17970;1.325
132615;6163;1.280
17970;23862;1.444
133498;24298;1.253
59322;9670;1.235
4779;7629;1.234
132246;24095;1.398
17639;9670;1.634
132615;17721;1.311
18187;9670;1.453
132246;9927;1.564
4775;6163;2.300
132862;17721;0.927
133064;17639;1.840
132246;9658;2.176
18233;6648;2.436
17970;9927;1.306
23988;9670;1.505
