6163;9299;1.507
17970;9658;1.507
23862;6163;1.221
132615;55821;1.446
132615;9821;1.452
132454;6163;1.385
132454;133064;1.468
4779;6163;1.226
132454;59322;1.423
132862;18187;1.376
23944;6648;1.541
132246;23944;1.491
132454;23862;1.428
132246;23988;1.461
23930;9670;1.371
132246;4775;1.514
132246;4779;1.416
17970;23944;1.465
17721;9299;1.501
132862;23930;1.397
23862;23930;1.450
17970;23988;1.389
24095;7629;0.924
131303;133064;1.455
18233;9497;1.361
17970;4775;1.524
132454;9821;1.467
17970;4779;1.280
18187;18233;1.330
132246;132615;1.422
132862;6163;0.973
55821;9927;1.416
131303;59322;1.395
55821;9658;1.506
131303;23862;1.420
133064;6163;1.404
132246;18233;1.438
17970;24095;1.188
133498;7629;1.244
18233;23930;1.408
132615;9670;1.234
23944;9497;1.477
132454;133498;1.432
131303;9497;1.425
17639;23930;1.388
132615;59322;0.909
24298;9299;1.501
17970;18233;1.282
131303;24095;1.363
131303;132454;1.440
6163;6648;1.527
18187;24298;1.376
132615;23862;1.397
17721;18187;1.376
132862;9821;1.420
132862;55821;1.342
7629;9927;1.233
6648;7629;1.527
23862;55821;1.373
132454;23944;1.399
7629;9658;1.478
132454;23988;1.464
133064;9821;1.463
132246;17970;1.435
17721;23930;1.398
131303;133498;1.394
132246;24298;1.398
4775;9821;1.514
132454;9670;1.358
17639;17721;1.383
133498;6163;1.241
59322;9299;1.524
17639;9299;1.523
17721;6648;1.527
23862;9821;1.447
18233;55821;1.417
24095;55821;1.342
132454;24095;1.380
6163;9497;1.268
18187;9299;1.525
17639;55821;1.467
131303;23944;1.471
131303;23988;1.453
132454;18233;1.265
4779;9821;1.402
23988;6648;1.533
17639;18187;1.393
23988;9299;1.521
132615;23944;1.465
9658;9821;1.514
132862;9670;1.205
132615;23988;1.414
17721;55821;1.344
17970;7629;1.188
24298;6648;1.527
132862;59322;1.308
23862;59322;1.397
17721;9497;1.253
133064;9670;1.408
18233;9927;1.350
24095;6163;0.973
23930;6648;1.542
132862;23862;1.207
18233;9658;1.483
23930;9299;1.529
131303;18233;1.374
4775;9670;1.507
4775;55821;1.518
133498;17639;1.447
132615;24095;1.308
23862;9670;1.320
9497;9821;1.462
132615;18233;1.352
133064;18187;1.461
18233;59322;1.352
59322;6648;1.534
23944;9927;1.469
131303;9927;1.386
132615;133064;1.422
17970;24298;1.188
17639;59322;1.426
17639;6648;1.533
23944;9658;1.497
17970;6163;1.194
131303;9658;1.510
18233;23862;1.340
24095;9821;1.420
4779;9670;1.131
24298;9497;1.252
131303;17970;1.396
17639;23862;1.441
18187;6648;1.535
131303;24298;1.363
131303;132615;1.395
133064;23930;1.415
132615;9299;1.524
18233;4775;1.509
23988;55821;1.452
18233;4779;1.171
9658;9670;1.480
17721;59322;1.309
132246;7629;1.398
133498;9821;1.458
17721;23862;1.207
132862;23944;1.441
23862;23944;1.466
132862;23988;1.360
23862;23988;1.406
23944;4775;1.524
59322;9497;1.404
131303;4775;1.516
133064;17721;1.311
23944;4779;1.398
17639;9497;1.456
131303;4779;1.375
4775;59322;1.511
132454;9299;1.522
132454;17970;1.414
6163;9927;1.230
18187;9497;1.448
9497;9670;1.342
6648;9821;1.535
6163;9658;1.479
4779;55821;1.413
132454;24298;1.380
132454;132615;1.423
132615;133498;1.215
133064;55821;1.434
23988;9497;1.421
18233;23944;1.388
132862;24095;0.924
24095;9670;1.205
23862;24095;1.207
18233;23988;1.409
17639;23944;1.472
17639;23988;1.460
132246;6163;1.404
132862;18233;1.206
9670;9927;0.925
24095;59322;1.308
9299;9821;1.529
23988;59322;1.414
23944;55821;1.499
17721;9927;1.235
132615;6648;1.534
132862;9299;1.501
17721;9658;1.478
133498;9670;0.944
23930;9497;1.469
55821;7629;1.342
18233;24095;1.206
17721;23944;1.441
17721;23988;1.361
17639;24095;1.382
132615;17970;1.331
132246;17639;1.464
133064;9299;1.522
132246;9821;1.465
132862;17970;1.188
132615;24298;1.308
4775;6648;1.545
4775;9299;1.532
17970;9821;1.441
6648;9670;1.525
23862;6648;1.532
23862;9299;1.509
24298;9927;1.233
132454;6648;1.537
17721;24095;0.927
24298;9658;1.478
133064;59322;1.422
17721;4775;1.507
132615;9497;1.404
17721;4779;1.226
133064;23862;1.381
17721;18233;1.208
55821;6163;1.342
4779;6648;1.525
4779;9299;1.517
9299;9670;1.518
131303;7629;1.363
23944;59322;1.465
132246;132862;1.398
59322;9927;1.204
17639;9927;1.438
59322;9658;1.501
17639;9658;1.487
132862;6648;1.527
24298;4775;1.507
132454;9497;1.437
17721;17970;1.190
132246;9670;1.409
24298;4779;1.224
55821;9821;1.483
18187;9927;1.406
18187;9658;1.499
17970;9670;1.286
23930;4775;1.519
23930;4779;1.387
133064;6648;1.536
23988;24095;1.360
23988;9927;1.372
23988;9658;1.504
133498;23930;1.429
17639;18233;1.387
132862;24298;0.924
23862;24298;1.207
23930;55821;1.481
133064;23944;1.491
18233;7629;1.206
4779;59322;1.226
133064;23988;1.457
24095;9299;1.501
6163;7629;0.973
131303;17639;1.456
7629;9821;1.420
17639;4775;1.509
9821;9927;1.456
17639;4779;1.369
132862;9497;1.252
133064;133498;1.444
23930;9927;1.422
18187;4775;1.515
18187;4779;1.263
23930;9658;1.499
133498;17721;1.246
17639;17970;1.401
18233;24298;1.206
24095;24298;0.924
17639;24298;1.382
133064;9497;1.393
23988;4775;1.514
23944;23988;1.483
133498;6648;1.534
23988;4779;1.394
23944;7629;1.441
133498;9299;1.520
133064;24095;1.399
4775;9497;1.512
55821;9670;1.400
133498;55821;1.419
17721;7629;0.927
133064;18233;1.433
18233;6163;1.214
23862;9497;1.326
24298;55821;1.342
132454;17639;1.452
133498;18187;1.413
6648;9299;1.550
55821;59322;1.446
17721;24298;0.927
132615;9927;1.204
23944;24095;1.441
132615;9658;1.501
4779;9497;1.361
23930;59322;1.375
7629;9670;1.205
23944;6163;1.443
131303;6163;1.354
18233;9821;1.430
24095;6648;1.527
132454;9927;1.427
18187;23930;1.405
132454;9658;1.490
132615;4775;1.511
132615;4779;1.226
132615;17639;1.426
132246;9299;1.522
132862;17639;1.382
23944;9821;1.481
23988;24298;1.360
131303;9821;1.472
17970;6648;1.504
59322;7629;1.308
17970;9299;1.533
133498;23862;1.347
24298;59322;1.308
131303;132862;1.363
17639;7629;1.382
24095;9497;1.252
131303;132246;1.456
23862;4775;1.513
23862;4779;1.337
132862;9927;1.233
132454;4775;1.517
23930;23944;1.485
132454;4779;1.331
23930;23988;1.471
132862;9658;1.478
23988;7629;1.360
18233;9670;1.222
18187;55821;1.472
133064;9927;1.438
132246;17721;1.398
133064;9658;1.501
133064;17970;1.433
4775;9927;1.513
133498;9497;1.369
4775;9658;1.521
133064;24298;1.310
24298;7629;0.924
6163;9821;1.419
17721;6163;0.975
23930;24095;1.397
23862;9927;1.345
132246;55821;1.460
132454;132862;1.380
23930;7629;1.397
23862;9658;1.489
23944;9670;1.421
55821;9299;1.518
131303;9670;1.361
6648;9497;1.529
132862;4775;1.507
132862;133064;1.310
132862;4779;1.224
132246;18187;1.462
133498;23944;1.472
133498;23988;1.377
23988;6163;1.364
23944;24298;1.441
4779;9927;1.286
132246;6648;1.536
4779;9658;1.487
9670;9821;1.427
133498;59322;1.215
17970;18187;1.397
133064;4775;1.515
133064;4779;1.412
9658;9927;1.500
132246;23930;1.415
17721;9821;1.420
4775;4779;1.507
9299;9497;1.505
24298;6163;0.973
18187;7629;1.376
17970;23930;1.421
7629;9299;1.501
133498;24095;1.244
23930;6163;1.399
18187;59322;1.399
18187;23862;1.422
6163;9670;1.211
132246;9497;1.434
9497;9927;1.366
9497;9658;1.501
24298;9821;1.420
17970;9497;1.373
132862;133498;1.244
59322;6163;1.279
17639;6163;1.386
132246;133064;1.368
132454;18187;1.389
24095;9927;1.233
131303;17721;1.363
24095;9658;1.478
18187;6163;1.378
55821;6648;1.540
17970;55821;1.419
132454;23930;1.465
17721;9670;1.208
131303;55821;1.456
132615;132862;1.308
59322;9821;1.452
133498;9927;0.928
17639;9821;1.468
133498;9658;1.502
131303;18187;1.451
18233;9299;1.515
132246;132454;1.469
18187;9821;1.463
18187;23944;1.429
132862;7629;0.924
18187;23988;1.457
132615;7629;1.308
24095;4775;1.507
23930;24298;1.397
24095;4779;1.224
132454;17721;1.380
55821;9497;1.368
23988;9821;1.476
131303;23930;1.470
6648;9927;1.532
132615;18187;1.399
133498;18233;1.361
6648;9658;1.545
24298;9670;1.205
133064;7629;1.310
132246;133498;1.444
4775;7629;1.507
131303;6648;1.536
23944;9299;1.528
131303;9299;1.526
132454;55821;1.472
132615;23930;1.375
18187;24095;1.376
132246;59322;1.422
133498;4775;1.515
23862;7629;1.207
133498;4779;1.295
9299;9927;1.519
132246;23862;1.431
132454;7629;1.380
9299;9658;1.530
17970;59322;1.331
23930;9821;1.477
7629;9497;1.252
133498;17970;1.297
132615;6163;1.279
17970;23862;1.322
133498;24298;1.244
59322;9670;1.234
4779;7629;1.224
132246;24095;1.398
17639;9670;1.368
132615;17721;1.309
18187;9670;1.325
132246;9927;1.439
4775;6163;1.507
132862;17721;0.927
133064;17639;1.464
132246;9658;1.500
18233;6648;1.526
17970;9927;1.286
23988;9670;1.389
