10396;30526;1.668
10396;36423;1.655
11367;21559;1.316
11992;14979;1.437
14638;30526;1.300
10396;18895;1.679
11367;40414;1.468
10396;11992;1.634
14638;18895;1.458
11992;30526;1.309
11992;36423;1.199
10396;11367;1.514
10396;40414;1.679
11992;14638;1.131
18895;21559;1.562
11992;18895;1.366
14638;40414;1.458
10396;21559;1.504
21559;40414;1.562
18895;40414;1.341
14638;21559;1.316
14979;30526;1.357
14979;36423;1.302
11367;14979;1.425
14979;18895;1.692
11992;21559;1.462
36423;40414;1.524
11992;40414;1.366
30526;36423;1.118
11367;30526;1.300
10396;14979;1.797
11367;36423;1.177
11367;14638;0.924
14979;40414;1.692
14638;14979;1.425
11367;18895;1.468
11367;11992;1.131
14979;21559;1.650
10396;14638;1.514
30526;40414;1.546
14638;36423;1.177
21559;30526;1.507
18895;30526;1.545
21559;36423;1.493
18895;36423;1.524
