8657;9186;1.523
13156;9186;1.287
12926;49349;1.440
12305;1930;1.139
12353;2860;1.445
1930;49349;1.334
1930;2860;1.460
12305;15525;1.318
2860;9186;1.431
12305;13156;1.294
3243;8657;1.527
12926;2860;1.376
13156;1930;1.334
3243;41345;1.332
12542;8657;1.525
29003;8657;1.522
15525;2860;1.456
12353;13156;1.385
12542;29003;1.368
12542;49349;1.441
3243;49349;1.404
12305;2860;1.448
12542;41345;1.242
2860;29003;1.448
13156;2860;1.466
12353;15525;1.268
2860;41345;1.375
12353;8657;1.524
12542;3243;1.414
29003;41345;1.149
29003;3243;1.318
12305;12926;1.368
2860;49349;1.481
1930;8657;1.523
12926;15525;1.414
13156;29003;1.294
49349;8657;1.530
12926;13156;1.448
15525;29003;1.318
29003;49349;1.285
13156;41345;1.364
12926;8657;1.525
12353;12926;1.376
3243;9186;1.284
15525;41345;1.332
12305;29003;0.925
41345;8657;1.520
12305;12542;1.368
15525;8657;1.527
12926;3243;1.414
12542;9186;1.360
12353;3243;1.268
29003;9186;1.057
13156;49349;1.367
12305;41345;1.149
12542;1930;1.411
15525;49349;1.404
41345;49349;1.366
1930;3243;1.269
12305;8657;1.522
12353;12542;1.376
13156;8657;1.529
12305;12353;1.235
12305;49349;1.285
12542;13156;1.449
49349;9186;1.306
2860;8657;1.528
12926;9186;1.359
12353;9186;1.200
12353;29003;1.235
15525;3243;0.908
12353;49349;1.384
12353;1930;1.184
41345;9186;1.155
12542;15525;1.414
12353;41345;1.187
1930;9186;1.091
12305;3243;1.318
13156;3243;1.403
12542;2860;1.376
12926;29003;1.368
12926;1930;1.411
15525;9186;1.284
12926;41345;1.242
2860;3243;1.456
1930;29003;1.139
15525;1930;1.269
1930;41345;1.239
12542;12926;1.242
13156;15525;1.403
12305;9186;1.057
