8657;9186;2.665
13156;9186;1.288
12926;49349;1.596
12305;1930;1.142
12353;2860;1.886
1930;49349;1.429
1930;2860;1.873
12305;15525;1.319
2860;9186;1.787
12305;13156;1.294
3243;8657;2.689
12926;2860;1.722
13156;1930;1.419
3243;41345;1.332
12542;8657;2.696
29003;8657;2.648
15525;2860;1.887
12353;13156;1.516
12542;29003;1.369
12542;49349;1.596
3243;49349;1.572
12305;2860;1.830
12542;41345;1.243
2860;29003;1.830
13156;2860;1.854
12353;15525;1.268
2860;41345;1.720
12353;8657;2.711
12542;3243;1.569
29003;41345;1.150
29003;3243;1.319
12305;12926;1.369
2860;49349;1.961
1930;8657;2.676
12926;15525;1.569
13156;29003;1.294
49349;8657;2.676
12926;13156;1.587
15525;29003;1.319
29003;49349;1.286
13156;41345;1.428
12926;8657;2.696
12353;12926;1.473
3243;9186;1.284
15525;41345;1.332
12305;29003;0.926
41345;8657;2.677
12305;12542;1.369
15525;8657;2.689
12926;3243;1.569
12542;9186;1.400
12353;3243;1.268
29003;9186;1.058
13156;49349;1.509
12305;41345;1.150
12542;1930;1.507
15525;49349;1.572
41345;49349;1.463
1930;3243;1.273
12305;8657;2.648
12353;12542;1.474
13156;8657;2.705
12305;12353;1.236
12305;49349;1.286
12542;13156;1.587
49349;9186;1.372
2860;8657;2.718
12926;9186;1.400
12353;9186;1.200
12353;29003;1.236
15525;3243;0.908
12353;49349;1.518
12353;1930;1.187
41345;9186;1.155
12542;15525;1.569
12353;41345;1.187
1930;9186;1.094
12305;3243;1.319
13156;3243;1.540
12542;2860;1.722
12926;29003;1.369
12926;1930;1.506
15525;9186;1.284
12926;41345;1.242
2860;3243;1.887
1930;29003;1.142
15525;1930;1.273
1930;41345;1.242
12542;12926;1.243
13156;15525;1.540
12305;9186;1.058
