31042;44143;1.546
15982;41937;1.498
28964;42186;1.229
8400;8771;1.507
50091;57207;1.297
8771;9125;1.317
57427;8534;1.281
15982;29170;1.363
52116;8400;1.516
15958;44143;1.536
44143;60137;1.469
13091;8661;1.311
57427;6700;1.454
42186;57427;1.368
15982;21215;1.322
13092;8534;1.292
13091;41897;1.359
57207;8534;1.296
44143;8771;1.457
15958;31042;1.531
60137;8400;1.516
41937;8661;1.494
31042;50091;1.518
29170;52116;1.327
21215;60137;1.307
28964;9125;1.242
15982;52116;1.319
13092;6700;1.494
29170;33983;1.326
15958;6700;1.516
6700;9125;1.503
57207;6700;1.463
41897;8534;1.380
21215;8534;1.198
15958;8400;1.532
15982;9125;1.342
28964;8771;1.268
15958;50091;1.478
13091;41937;1.501
15958;28964;1.497
6700;8771;1.456
41897;6700;1.483
21215;6700;1.465
29170;57207;1.326
15982;8771;1.343
15982;57207;1.318
13091;29170;1.171
57427;60137;1.327
50091;9125;1.370
42186;9125;0.966
31042;8661;1.510
44143;57427;1.474
33983;60137;0.908
29170;9125;1.383
57427;8400;1.507
28964;41897;1.404
57207;60137;0.908
50091;8771;1.217
41897;41937;1.508
13091;21215;1.306
33983;8534;1.296
31042;60137;1.525
21215;57427;1.300
13092;60137;1.275
52116;60137;0.909
13092;8400;1.533
13091;52116;1.277
33983;6700;1.463
15982;33983;1.318
57207;8400;1.516
28964;41937;1.478
29170;50091;1.022
15958;60137;1.497
8400;8661;1.496
13091;8534;1.275
41897;8400;1.506
28964;29170;1.326
21215;8400;1.499
29170;44143;1.480
13092;15982;1.358
33983;42186;1.229
15982;44143;1.478
13091;57207;1.276
13091;6700;1.438
41937;8534;1.492
13091;15958;1.482
41937;52116;1.479
33983;57427;1.327
42186;8771;1.312
21215;42186;1.322
57207;57427;1.327
44143;8661;1.463
31042;42186;1.544
29170;31042;1.520
13092;42186;1.158
29170;8771;1.243
15982;31042;1.517
28964;52116;0.909
31042;57427;1.517
13092;57427;1.284
52116;9125;1.243
52116;57427;1.328
33983;8400;1.516
15958;42186;1.518
13091;33983;1.276
50091;60137;1.297
42186;52116;1.230
41937;57207;1.478
28964;8661;1.310
15982;50091;1.357
6700;8661;1.472
52116;8771;1.268
31042;8534;1.516
15982;28964;1.318
15958;57427;1.479
15982;8661;1.289
60137;9125;1.242
41897;52116;1.404
13091;44143;1.477
13091;8400;1.511
15958;9125;1.520
60137;8771;1.268
50091;8661;1.328
15958;15982;1.497
8534;9125;1.336
41937;6700;1.533
41937;8400;1.543
33983;41897;1.404
15958;8771;1.462
13091;31042;1.519
41937;50091;1.500
8661;9125;1.310
8534;8771;1.012
8400;8534;1.512
41897;57207;1.404
28964;33983;0.908
21215;41897;1.373
50091;57427;1.106
41937;44143;1.461
29170;60137;1.326
13092;41897;1.428
57427;9125;1.379
15982;60137;1.318
13091;50091;1.162
33983;41937;1.478
13091;28964;1.276
28964;57207;0.908
28964;44143;1.469
57427;8771;1.262
44143;8534;1.452
31042;6700;1.535
31042;8400;1.530
21215;41937;1.495
13092;9125;1.171
42186;57207;1.229
13092;41937;1.466
57207;9125;1.242
42186;8661;1.297
42186;44143;1.413
33983;9125;1.242
44143;6700;1.526
41897;50091;1.384
29170;8661;1.354
28964;31042;1.525
21215;29170;1.308
13092;8771;1.270
13091;13092;1.305
28964;8534;1.296
13092;29170;1.296
57207;8771;1.268
41897;9125;1.424
21215;9125;1.335
6700;8534;1.451
44143;52116;1.470
41897;44143;1.486
29170;42186;1.381
15982;8534;1.322
28964;6700;1.463
41897;8771;1.404
31042;41897;1.518
28964;50091;1.297
21215;8771;1.206
13092;21215;1.305
8661;8771;1.308
52116;8661;1.311
29170;57427;1.144
15982;57427;1.370
13091;60137;1.276
21215;52116;1.307
50091;8534;1.235
42186;50091;1.353
13092;52116;1.275
15958;41897;1.504
44143;57207;1.469
31042;41937;1.554
60137;8661;1.310
50091;6700;1.446
44143;8400;1.542
21215;57207;1.307
15958;8661;1.492
33983;8771;1.268
15958;41937;1.540
8534;8661;1.291
41937;60137;1.478
13092;15958;1.512
33983;52116;0.909
15982;42186;1.342
28964;8400;1.516
15958;29170;1.481
13091;9125;1.330
6700;8400;1.528
15982;6700;1.473
44143;50091;1.468
15982;8400;1.500
13091;57427;1.225
42186;8534;1.321
31042;52116;1.525
13091;8771;1.263
57427;8661;1.343
41937;9125;1.458
29170;41897;1.394
21215;33983;1.307
15958;21215;1.489
29170;8534;1.272
13092;33983;1.275
33983;57207;0.908
42186;6700;1.499
50091;8400;1.506
41937;8771;1.490
15958;52116;1.497
29170;6700;1.455
13092;8661;1.359
13091;15982;1.280
41937;42186;1.456
41897;60137;1.404
57207;8661;1.310
31042;57207;1.525
29170;41937;1.508
21215;44143;1.440
13092;57207;1.275
52116;8534;1.296
52116;57207;0.909
13092;44143;1.427
41937;57427;1.504
41897;8661;1.329
31042;9125;1.545
21215;8661;1.240
13091;42186;1.327
52116;6700;1.463
28964;60137;0.908
15958;57207;1.497
28964;57427;1.327
21215;31042;1.499
13092;31042;1.543
60137;8534;1.296
44143;9125;1.420
33983;50091;1.297
31042;8771;1.518
42186;60137;1.229
31042;33983;1.525
15982;41897;1.276
15958;8534;1.471
60137;6700;1.463
50091;52116;1.298
33983;44143;1.469
21215;50091;1.285
42186;8400;1.532
41897;42186;1.421
21215;28964;1.307
13092;50091;1.272
13092;28964;1.275
29170;8400;1.509
15958;33983;1.497
8400;9125;1.532
41897;57427;1.387
33983;8661;1.310
