35753;39228;1.413
28938;35753;1.410
34397;35819;1.455
17927;35819;1.467
25019;8895;1.506
31416;48695;1.039
39432;47794;1.459
25019;41176;1.404
17927;39386;1.513
25019;41426;1.411
39386;47794;1.520
25233;35819;1.456
25019;34397;1.389
34426;39432;1.418
39386;8895;1.527
25233;39386;1.497
17927;25019;1.423
35819;39386;1.520
31416;8895;1.481
41176;8895;1.486
31416;39432;1.434
34426;39228;0.940
28938;35819;1.455
39228;39386;1.497
34397;39386;1.497
28938;8895;1.481
17927;41176;1.234
48237;48695;1.445
25233;8895;1.482
28938;39386;1.497
17927;41426;1.273
31416;39228;1.260
17927;34397;1.217
48695;8895;1.477
25233;41176;0.974
35819;41176;1.461
29684;48237;1.466
29684;8895;1.481
25233;41426;1.102
35819;41426;1.469
35753;47794;1.412
31416;35753;1.335
29684;48695;1.223
25233;34397;0.941
41176;41426;1.133
31416;34426;1.258
34426;47794;1.419
39228;41176;0.974
34397;41176;0.974
25019;48237;1.478
39228;41426;1.107
34397;41426;1.104
28938;41176;0.974
34426;35753;1.412
31416;47794;1.376
25019;48695;1.318
35753;35819;1.497
28938;41426;1.099
28938;34397;0.937
47794;48237;1.452
35753;39386;1.523
29684;39432;1.418
25019;29684;1.389
25019;25233;1.389
47794;48695;1.356
39432;41176;1.425
41426;48237;1.474
35819;8895;1.512
31416;35819;1.460
29684;31416;1.258
39432;41426;1.428
39386;41176;1.502
34397;8895;1.481
47794;8895;1.495
41426;48695;1.286
25019;39432;1.449
39228;48237;1.466
34397;48237;1.466
29684;39228;0.941
17927;48237;1.472
39386;41426;1.500
39228;48695;1.225
34397;48695;1.223
17927;48695;1.254
34426;35819;1.455
25019;31416;1.336
25233;48237;1.465
35819;48237;1.513
29684;34426;0.937
17927;31416;1.188
41176;48237;1.472
34426;8895;1.481
34426;39386;1.497
25019;39228;1.390
25233;48695;1.219
17927;29684;1.217
35819;48695;1.449
17927;25233;1.214
41176;48695;1.244
35753;8895;1.499
31416;39386;1.510
29684;47794;1.419
17927;8895;1.485
39386;48237;1.525
25019;34426;1.389
17927;39432;1.462
28938;48237;1.465
39386;48695;1.505
35753;41176;1.420
29684;35753;1.412
28938;48695;1.217
25233;39432;1.419
35819;39432;1.496
25019;47794;1.457
35753;41426;1.433
34426;41176;0.974
25019;28938;1.388
39432;8895;1.505
17927;39228;1.218
39432;48237;1.474
34426;41426;1.104
28938;29684;0.937
25233;31416;1.255
17927;28938;1.213
25019;35753;1.449
25233;29684;0.941
39432;48695;1.416
31416;41176;1.278
39228;39432;1.419
34397;39432;1.418
25233;39228;0.941
35819;39228;1.456
34397;34426;0.937
31416;41426;1.310
17927;34426;1.217
28938;39432;1.418
31416;34397;1.258
41426;47794;1.441
35753;48237;1.461
25233;34426;0.941
29684;35819;1.455
28938;31416;1.253
34397;39228;0.940
17927;47794;1.413
35753;48695;1.366
29684;39386;1.497
28938;39228;0.941
25233;47794;1.418
39386;39432;1.520
35819;47794;1.501
34397;35753;1.412
17927;35753;1.380
25233;28938;0.928
25019;35819;1.480
41176;47794;1.429
28938;34426;0.937
25019;39386;1.511
25233;35753;1.411
48237;8895;1.499
39228;47794;1.420
35753;39432;1.463
34397;47794;1.419
34426;48237;1.466
39228;8895;1.482
41426;8895;1.490
28938;47794;1.417
29684;41176;0.974
34426;48695;1.223
29684;41426;1.104
31416;48237;1.448
29684;34397;0.937
