1653;20514;1.871
25473;42303;1.664
197617;31677;1.675
30880;49079;2.030
197116;51815;1.360
42695;8674;2.387
35706;50168;2.037
21250;33907;1.390
20861;42303;1.716
20514;44581;2.161
1880;50066;1.714
25473;50821;1.781
197617;57084;1.579
31677;50066;1.345
20514;25473;1.352
201456;48803;1.242
29602;31507;0.937
197595;49079;1.686
20861;50821;1.823
34610;51815;1.834
13214;33885;1.073
25146;44838;1.323
20861;61146;1.413
13189;41401;2.040
41340;8473;2.250
197617;50168;1.653
12597;44581;2.249
12381;44838;1.359
35742;50066;1.621
25466;42708;2.567
201456;41340;1.039
13214;34610;1.800
30880;42695;1.981
16117;35742;1.658
29518;49079;2.013
16150;31507;2.586
42708;44581;2.691
13189;41175;1.991
47698;50171;1.286
2839;42695;1.688
30880;42303;1.977
197595;42695;1.652
16117;35706;1.984
42303;50171;1.603
41175;44838;1.548
2874;50171;1.889
15782;41401;1.827
13214;34385;1.458
57084;8473;2.241
30880;50821;1.998
29217;48803;1.560
2839;42303;1.636
197595;42303;1.467
1299;44838;2.787
25473;47698;1.598
197595;197617;1.446
30880;61146;1.745
197617;198840;1.361
198840;44838;1.291
15782;41175;1.664
35706;48803;1.987
33885;34244;1.625
20861;47698;1.403
197595;50821;1.597
44581;51815;2.126
16253;198840;1.793
29468;35742;1.774
21195;44581;2.231
29217;29468;1.690
197595;61146;1.280
1257;41340;2.648
3301;44838;1.409
25466;50066;1.673
198840;25146;1.243
29468;35706;2.074
12552;3301;2.371
12552;13189;2.496
35706;41340;2.008
197617;48803;1.598
12597;16150;2.661
29602;43948;1.689
2874;29518;2.124
197116;34244;1.606
1880;41281;2.234
201456;42695;1.750
1880;197617;1.936
31677;41281;1.986
13214;39651;2.131
12552;197541;2.537
29518;61146;1.821
39651;41943;2.046
30880;47698;1.828
201456;42303;1.702
197617;41340;1.581
12597;16117;1.575
1257;49079;2.656
1880;201456;1.834
1653;44581;2.184
13214;39301;1.610
43948;44838;1.687
35742;41281;2.171
16150;43948;2.593
25473;8674;2.418
201456;50821;1.783
25146;35742;1.494
197595;47698;1.388
16150;29602;2.586
1257;1653;2.699
12552;57084;2.309
12381;35742;1.732
29468;8674;2.332
2874;44581;2.217
25146;35706;1.894
1880;2874;2.064
12597;42318;1.593
34385;49079;1.821
20514;20861;1.499
12381;35706;2.050
12381;197595;1.029
41281;44581;2.418
29217;42695;1.770
12552;50168;2.426
41943;50171;1.212
39301;8674;2.370
21250;31677;1.653
1880;2839;1.699
13189;197617;1.985
16253;44581;2.284
35706;42695;2.028
29217;42303;1.788
16117;197116;1.283
13214;21250;1.552
31507;42318;1.300
16253;25473;1.958
1299;35742;2.872
21250;57084;1.582
15782;31507;1.762
1257;25473;2.704
49079;50066;1.736
197617;6782;1.581
1880;43948;1.979
13189;201456;2.030
1257;50821;2.747
35706;42303;2.102
2839;50168;1.481
31677;43948;1.718
13189;44838;1.968
1299;35706;2.915
25466;41281;1.960
201456;47698;1.392
1257;61146;2.652
29602;41401;1.215
197617;42695;1.571
35706;50821;2.097
21250;50168;1.680
3301;35742;1.511
21195;42318;1.869
197617;42303;1.350
13189;25146;1.934
25466;34610;2.105
39301;57084;1.630
3301;35706;1.901
29602;41175;1.570
197595;20861;1.450
20514;50171;1.595
42303;8473;2.357
197617;50821;1.501
13214;50066;0.928
34385;61146;1.390
33907;44838;1.284
25146;51815;1.382
197116;25466;1.700
16150;41401;2.602
1299;197595;2.848
35742;39651;2.120
197116;8674;2.265
12381;51815;1.377
197116;29468;1.452
12552;48803;2.305
42318;44838;1.306
197116;21195;1.863
39301;50168;1.755
25466;34385;1.613
197541;44838;2.259
41340;44838;1.122
15782;25146;1.755
12597;33885;1.471
197595;20514;1.395
35742;39301;1.943
16253;8473;2.388
16150;41175;2.593
1257;47698;2.622
197116;33907;1.246
25473;49079;1.789
12552;41340;2.338
35706;47698;1.993
20514;3301;1.512
39651;8674;2.508
31507;33885;1.102
1299;51815;2.785
20514;29518;2.051
47698;8473;2.252
42303;42318;1.630
2874;42318;1.909
21250;48803;1.598
21195;2874;2.077
2874;8674;2.485
16253;197617;1.923
20514;30880;1.962
2839;41340;1.252
197617;47698;1.377
39651;43948;2.215
1880;29217;1.846
3301;51815;1.445
25466;39651;2.239
21195;2839;1.828
21250;41340;1.580
21250;29468;1.728
21195;33885;1.771
29217;50168;1.484
12597;30880;1.954
13189;35742;2.051
1257;3301;2.619
39301;48803;1.637
25466;39301;1.779
29518;50171;1.847
34244;44838;1.703
20861;44581;2.040
1257;198840;2.609
13189;35706;2.131
2839;49079;1.745
16253;20861;1.933
20861;25473;1.496
13214;41281;1.932
25473;61146;1.593
1880;41943;1.671
1257;20861;2.609
12552;42695;2.291
43948;51815;1.668
39301;41340;1.625
31677;41943;1.536
25146;34244;1.481
25146;31677;1.536
12381;34244;1.692
33907;35742;1.690
12381;16253;1.707
43948;6782;1.617
1653;50171;1.563
12552;42303;2.350
21195;29518;1.782
16253;20514;1.982
197541;35742;2.286
35742;41943;1.494
33907;35706;1.958
1257;20514;2.706
12552;50821;2.367
21195;30880;2.089
197617;8473;2.345
42303;6782;1.603
2874;33885;1.858
16117;21195;1.798
30880;44581;2.228
197541;35706;2.360
12552;61146;2.303
21250;42695;1.540
1880;197116;1.652
1299;34244;2.874
50066;57084;1.136
41281;50171;2.043
1299;16253;2.859
25466;29217;1.849
197595;44581;2.139
12597;42708;2.623
41943;42318;1.195
201456;49079;1.824
39651;41401;2.187
29602;8674;2.275
2839;50821;1.723
21250;42303;1.469
197595;25473;1.363
16253;6782;1.883
16117;197541;2.273
16253;50171;1.893
1299;6782;2.828
2839;61146;1.254
1653;29518;1.976
50066;50168;1.511
31677;8674;2.351
29217;41340;1.574
21250;50821;1.603
33885;57084;1.100
3301;34244;1.518
49079;6782;1.742
39651;41175;2.202
31507;42708;2.550
1653;30880;1.895
13214;43948;1.617
39301;42695;1.869
29518;44581;2.294
1880;31507;1.727
16150;198840;2.566
47698;6782;1.265
16150;25146;2.632
25466;41943;1.694
197116;31677;1.531
12552;47698;2.267
39301;42303;1.775
12381;13214;1.309
50168;8674;2.302
34385;50171;1.519
2874;30880;2.127
13214;1880;1.700
42695;43948;1.499
34610;8674;2.452
33907;51815;1.307
197116;57084;1.302
34244;35742;1.598
197541;201456;2.319
39301;50821;1.868
29217;49079;1.708
21195;42708;2.641
13189;197116;1.953
201456;44581;2.195
16253;29518;2.051
16117;51815;1.151
20514;42318;1.565
197541;51815;2.273
41340;51815;1.171
201456;25473;1.724
12597;50066;1.556
34244;35706;1.929
2839;47698;1.291
15782;6782;1.747
35706;49079;2.089
34610;57084;1.868
197116;50168;1.247
16253;30880;1.952
25146;25466;1.694
201456;61146;1.239
21250;47698;1.379
12381;25466;1.676
42708;50066;2.547
25473;2874;1.924
25146;29468;1.461
16150;8473;2.782
1299;13214;2.781
41401;44838;1.028
12381;21195;1.859
12381;1880;1.736
34610;50168;1.862
31507;50066;1.132
1880;25146;1.671
197617;49079;1.787
25473;2839;1.568
34385;8473;2.283
2839;3301;1.295
25146;33907;1.250
1653;42708;2.665
29468;51815;1.320
1653;6782;1.548
12381;33907;1.383
1257;44581;2.736
33885;48803;1.106
39301;47698;1.497
1299;25466;2.791
29217;50821;1.877
21195;50066;1.771
198840;35742;1.677
42303;42708;2.631
2874;42708;2.746
1299;29468;2.805
1880;29602;1.734
1299;21195;2.886
29217;61146;1.556
44581;57084;2.146
13214;29217;1.554
41340;8674;2.306
198840;35706;1.947
13214;15782;1.676
43948;8473;2.282
35706;61146;1.984
34385;44581;2.205
34244;51815;1.645
197116;48803;1.287
1299;33907;2.762
35742;43948;1.858
25473;50171;1.566
197541;198840;2.200
44581;50168;2.147
20514;33885;1.534
29518;42318;1.870
197617;25473;1.636
15782;44838;1.733
33907;34244;1.679
33885;33907;1.256
20861;50171;1.314
1257;201456;2.673
34610;48803;1.831
197617;61146;1.596
197116;41340;1.257
16253;197116;1.874
16117;34244;1.672
16117;31677;1.482
12597;41281;2.054
57084;8674;2.275
197541;34244;2.290
16117;16253;1.688
13214;41943;1.306
197116;2874;1.891
47698;50066;1.283
29217;47698;1.590
29518;3301;1.893
1299;8473;3.023
42303;50066;1.582
34610;41340;1.844
2874;50066;1.863
1653;42318;1.557
12597;34610;2.026
41175;51815;1.573
31507;41281;2.009
197116;2839;1.225
49079;8473;2.356
25473;29518;2.026
30880;50171;1.781
20861;29518;1.947
1880;197541;2.392
25466;43948;1.684
20861;8473;2.233
201456;20861;1.516
198840;51815;1.321
198840;201456;1.399
13189;13214;1.907
12597;34385;1.593
33885;42695;1.628
31507;34610;1.828
29468;34244;1.800
29468;31677;1.625
50066;50821;1.590
25466;29602;1.711
1880;41401;1.845
41281;42318;2.061
20861;30880;1.855
197595;50171;1.365
31677;41401;1.586
16150;6782;2.564
50066;61146;1.132
44581;48803;2.110
21250;3301;1.670
13214;198840;1.248
44838;51815;1.193
33885;42303;1.518
12552;49079;2.457
16253;42318;1.884
16150;197617;2.650
41943;42708;2.562
197595;6782;1.343
31507;34385;1.390
201456;20514;1.750
1880;41175;1.934
1257;42318;2.608
16117;6782;1.292
35742;41401;1.694
34385;6782;1.503
31677;41175;1.645
21195;34610;2.139
197116;42695;1.699
15782;8473;2.396
29518;33885;1.790
25473;44581;2.139
16150;201456;2.610
13214;31507;1.117
13189;21195;2.095
197116;42303;1.624
48803;51815;1.154
35742;41175;1.777
34610;42695;2.046
21195;34385;1.692
12597;39651;2.294
34385;42318;1.539
21250;49079;1.802
197595;29518;1.861
197116;50821;1.740
15782;35742;1.980
13189;197541;2.421
12381;31677;1.630
34610;42303;2.056
201456;50171;1.433
1653;33885;1.555
25146;57084;1.323
197595;30880;1.778
1653;8473;2.347
15782;35706;2.157
12381;57084;1.359
12552;44581;2.524
12597;39301;1.778
41281;8473;2.400
41401;51815;1.300
34610;50821;2.068
2874;41281;2.289
1653;34610;1.927
16117;25466;1.706
12552;25473;2.481
31507;39651;2.148
20514;42708;2.701
197541;25466;2.298
16117;29468;1.096
41943;50066;1.324
197541;29468;2.329
29602;44838;1.111
25146;50168;1.426
197617;20861;1.687
197541;21195;2.278
39301;49079;1.942
25466;41401;1.781
20514;21250;1.769
31507;39301;1.634
29518;30880;2.106
2874;34610;2.110
1299;31677;2.797
2839;44581;2.081
1653;34385;1.744
13214;25146;1.306
42695;44838;1.670
16117;33907;1.279
15782;197595;1.646
13214;1653;1.512
198840;34244;1.657
198840;31677;1.391
197541;33907;2.205
21195;39651;2.235
16253;33885;1.666
1299;57084;2.787
12597;198840;1.402
25466;41175;1.625
201456;29518;1.902
197617;20514;1.666
21250;25473;1.742
197116;47698;1.283
16150;44838;2.593
13189;51815;1.958
1257;50171;2.619
12597;21250;1.561
42303;8674;2.389
2874;34385;2.024
21195;39301;2.008
201456;30880;1.872
21250;61146;1.596
1299;50168;2.804
35706;50171;2.009
3301;57084;1.409
13214;29602;1.122
44581;50821;2.249
34610;47698;1.907
20861;6782;1.296
197541;197617;2.344
12597;29217;1.754
33885;50168;1.442
20514;50066;1.628
16253;8674;2.455
12381;1653;1.639
15782;51815;1.739
12597;15782;1.665
39301;44581;2.201
29468;33907;1.446
197617;50171;1.600
1653;39651;2.226
42303;43948;1.574
25473;42318;1.558
42318;51815;1.377
25146;48803;1.309
41401;6782;1.375
12381;48803;1.316
39301;61146;1.634
20861;42318;1.234
16253;197541;2.430
1257;29518;2.711
47698;8674;2.274
29518;42708;2.623
21195;21250;1.673
1880;44838;1.758
43948;57084;1.687
2874;39651;2.239
31677;44838;1.488
12597;41943;1.578
1257;30880;2.723
25146;41340;1.312
12381;29468;1.471
2874;39301;2.143
43948;50168;1.774
197595;8473;2.310
44581;47698;2.135
29602;35742;1.663
16117;8473;2.236
1299;48803;2.790
31507;41943;1.305
197617;29518;1.777
41281;6782;2.035
30880;42318;1.818
29217;44581;2.064
198840;3301;1.336
29602;35706;1.979
1653;21250;1.828
25466;31507;1.706
12552;20861;2.392
2839;42318;1.247
13214;41401;1.230
1299;41340;2.780
13189;34244;2.075
13189;31677;1.968
35706;44581;2.273
3301;48803;1.365
198840;25466;1.498
197595;42318;1.358
13189;16253;1.997
16150;35742;2.680
13214;201456;1.220
198840;29468;1.460
41281;42708;2.640
29518;50066;1.785
25466;8473;2.373
198840;21195;1.639
13189;6782;1.929
33885;41340;1.130
1257;197617;2.710
20514;41281;2.208
16150;35706;2.716
13214;41175;1.509
25473;33885;1.504
16253;42708;2.669
12552;20514;2.502
197617;44581;2.245
198840;33907;1.031
15782;34244;1.934
1257;42708;2.931
20861;33885;1.405
197617;8674;2.382
15782;16253;2.028
25146;42695;1.604
2874;29217;1.872
197541;6782;2.209
16253;21250;1.926
12381;42695;1.700
20514;34610;2.013
43948;48803;1.683
20861;34610;1.906
1653;50066;1.528
12552;197595;2.397
33907;57084;1.284
3301;33907;1.337
197541;31677;2.287
13214;3301;1.378
25146;42303;1.623
39651;44838;2.182
33885;49079;1.686
12381;42303;1.522
16117;57084;1.138
12597;8473;2.388
197541;57084;2.259
41340;57084;1.122
34385;42708;2.551
25146;50821;1.735
201456;42318;1.391
1880;35742;1.860
16150;197116;2.641
1257;16150;2.956
20514;34385;1.802
12552;50171;2.309
33907;50168;1.485
31677;35742;1.766
29602;51815;1.159
20861;34385;1.639
41281;50066;1.944
2874;41943;1.777
1880;35706;2.139
16117;50168;1.498
1299;42695;2.855
30880;33885;1.744
197541;50168;2.294
41340;50168;1.489
31677;35706;1.992
201456;3301;1.511
197116;49079;1.573
1257;16117;2.652
44581;6782;1.983
25473;30880;1.939
16253;50066;1.670
12597;197617;1.449
12381;3301;1.444
2839;33885;1.268
1299;42303;2.861
2839;50171;1.261
197595;33885;1.175
16150;51815;2.581
21195;41281;2.039
34610;49079;2.035
3301;42695;1.656
29468;57084;1.212
1299;50821;2.875
21250;50171;1.583
197595;34610;1.841
12597;201456;1.688
1880;3301;1.696
41401;8473;2.254
29518;41281;1.990
29217;42318;1.278
12552;29518;2.349
33885;50821;1.621
3301;42303;1.681
12381;13189;1.950
20514;39651;2.225
29468;50168;1.639
25146;47698;1.290
13189;25466;2.033
34385;50066;1.474
33885;61146;1.102
12597;43948;1.677
12381;47698;1.440
12552;30880;2.472
35706;42318;2.016
13189;29468;2.044
12597;29602;1.581
29518;34610;2.143
16150;8674;2.846
25146;3301;1.036
20514;39301;1.851
34244;57084;1.703
33907;48803;1.283
31507;3301;1.361
42708;43948;2.622
39301;50171;1.553
2839;29518;1.829
197116;25473;1.534
1653;41281;2.158
16117;48803;0.914
13189;33907;1.848
41943;6782;1.191
31507;43948;1.681
25466;6782;1.662
201456;33885;1.247
197617;42318;1.612
197541;48803;2.275
1880;51815;1.733
15782;25466;1.744
41340;48803;1.127
34385;8674;2.332
2839;30880;1.756
197116;61146;1.283
1299;13189;2.889
31677;51815;1.392
29518;34385;1.715
2874;31507;1.881
15782;29468;1.872
34244;50168;1.658
15782;21195;1.849
44581;49079;2.277
33907;41340;1.267
25473;42708;2.686
1299;47698;2.761
43948;50821;1.664
13214;44838;1.121
12552;6782;2.307
20861;42708;2.602
16117;41340;1.125
34610;61146;1.828
29602;34244;1.676
29602;31677;1.481
197541;41340;2.279
33885;47698;1.308
15782;33907;1.578
21195;43948;1.652
12381;50168;1.468
41175;57084;1.548
20861;21250;1.693
13189;8473;2.448
16253;41281;2.192
43948;8674;2.399
29468;48803;1.096
12597;6782;1.587
21250;44581;2.202
16150;34244;2.670
16150;31677;2.621
1257;33885;2.644
41175;50168;1.700
29217;50171;1.525
20514;29217;1.574
198840;57084;1.291
16150;16253;2.667
16253;34610;2.021
16117;49079;1.754
50821;6782;1.697
29518;39651;2.289
197541;8473;2.542
1257;34610;2.708
35706;6782;2.000
30880;42708;2.660
29468;41340;1.289
12597;41401;1.685
44838;57084;0.910
34385;41281;1.916
25473;50066;1.598
198840;50168;1.481
1653;43948;1.912
43948;47698;1.492
29518;39301;1.990
2839;42708;2.577
34244;48803;1.675
197595;42708;2.615
16253;34385;1.924
12552;16150;2.701
44581;61146;2.108
20861;50066;1.426
1299;8674;2.904
33907;42695;1.506
1257;34385;2.657
197617;33885;1.514
12597;41175;1.605
44838;50168;1.522
3301;50168;1.498
20514;41943;1.435
34385;34610;2.012
31507;41401;1.241
2874;43948;2.013
197595;21250;1.545
16117;42695;1.671
49079;8674;2.427
197541;42695;2.260
41340;42695;1.674
33907;42303;1.433
2874;29602;1.883
39651;51815;2.169
34244;41340;1.684
29468;49079;1.877
29217;29518;2.001
12552;16117;2.304
48803;57084;1.142
1880;34244;1.867
44581;8473;2.530
20861;8674;2.329
1653;39301;1.851
16117;42303;1.621
33907;50821;1.549
31677;34244;1.739
197541;42303;2.349
41340;42303;1.610
31507;41175;1.566
29217;30880;1.916
16150;197541;2.738
16117;50821;1.704
50821;51815;1.637
197541;50821;2.359
12381;41340;1.346
48803;50168;1.501
41340;50821;1.692
41175;48803;1.569
30880;50066;1.734
16117;61146;0.909
13214;35742;1.604
41401;57084;1.028
21195;29217;1.909
12552;42318;2.402
1257;197116;2.599
35742;44838;1.687
197116;20861;1.212
16253;39651;2.342
201456;42708;2.559
29468;42695;1.790
15782;8674;2.428
1257;39651;2.766
197595;50066;1.276
13214;35706;1.945
198840;48803;1.298
50066;50171;1.318
41175;41340;1.546
13214;197617;1.549
41401;50168;1.604
197617;30880;1.962
16253;39301;2.122
29468;42303;1.751
25146;49079;1.675
1257;39301;2.701
197116;20514;1.542
12381;49079;1.718
44838;48803;1.142
29217;3301;1.321
29468;50821;1.841
16117;197595;1.280
29602;33907;1.282
21195;41943;1.776
198840;41340;1.283
41943;8473;2.198
34385;39651;2.226
33907;47698;1.068
21250;42318;1.613
20514;31507;1.622
16150;25466;2.631
13189;57084;1.968
29468;61146;1.096
25473;41281;2.185
34244;42695;1.788
1653;8674;2.339
1653;29217;1.764
16150;29468;2.616
20514;6782;1.577
16150;21195;2.614
16117;47698;1.271
41281;8674;2.504
29518;41943;1.867
20861;41281;2.117
197541;47698;2.229
41340;47698;1.281
3301;41340;1.395
34385;39301;1.679
29217;42708;2.635
2874;41401;1.925
15782;31677;1.768
12552;8473;2.554
34244;42303;1.862
13189;50168;1.995
25473;34610;1.990
12597;31507;1.575
25466;44838;1.687
16150;33907;2.578
1299;49079;2.834
201456;50066;1.237
197116;50171;1.280
15782;57084;1.733
12597;197116;1.570
41943;43948;1.630
35706;42708;2.675
34244;50821;1.840
1257;21250;2.671
197617;2874;2.049
39301;42318;1.578
2874;41175;1.981
42318;57084;1.306
1653;41943;1.524
25473;34385;1.773
25146;25473;1.404
13214;51815;0.997
34610;50171;1.887
16253;29217;1.959
15782;50168;1.804
12381;25473;1.402
12552;33885;2.302
41401;48803;1.245
41175;42695;1.480
3301;49079;1.741
197617;2839;1.612
12381;50821;1.641
29468;47698;1.433
197617;42708;2.614
1880;25466;2.011
30880;41281;2.228
25146;61146;1.305
50821;8473;2.376
12381;61146;1.313
57084;61146;1.138
42318;50168;1.269
1880;21195;2.087
41175;42303;1.500
35706;8473;2.302
42695;51815;1.653
198840;42695;1.452
197595;41281;2.034
41281;41943;2.048
41175;50821;1.633
30880;34610;1.958
21195;31507;1.798
197116;29518;1.863
1257;50066;2.658
33907;6782;1.240
12597;25146;1.578
41175;61146;1.566
198840;42303;1.390
16253;41943;1.872
1299;25473;2.917
31507;44838;1.138
2839;34610;1.827
21250;33885;1.525
20514;43948;1.794
43948;49079;1.862
34244;47698;1.720
20861;43948;1.725
13189;48803;1.951
35706;50066;1.960
33885;44581;2.090
20514;29602;1.627
198840;50821;1.521
1299;61146;2.789
30880;34385;1.954
25473;39651;2.203
198840;61146;1.294
44581;50171;1.989
20861;39651;2.080
2839;34385;1.514
44838;50821;1.697
3301;50821;1.781
197595;34385;1.584
13189;41340;1.951
25473;39301;1.844
197617;50066;1.565
15782;48803;1.765
34385;41943;1.537
3301;61146;1.361
197116;44581;2.099
1653;31507;1.538
20861;39301;1.642
201456;41281;2.042
197595;8674;2.318
42318;48803;1.303
16150;2874;2.749
41175;47698;1.334
25466;35742;1.970
21195;25146;1.776
16117;8674;2.280
21250;29518;1.683
34610;44581;2.237
15782;41340;1.747
48803;50821;1.706
41401;42695;1.689
201456;34610;1.926
25466;35706;2.144
21250;30880;1.941
197595;43948;1.647
16150;2839;2.637
13214;34244;1.581
13189;49079;2.110
30880;39651;2.239
198840;47698;1.068
43948;61146;1.681
41401;42303;1.701
35742;51815;1.665
2839;39651;2.125
16253;31507;1.688
197595;39651;2.200
1257;197541;2.787
30880;39301;1.999
29602;57084;1.111
25466;8674;2.347
21195;29602;1.800
201456;34385;1.575
44838;47698;1.300
41401;50821;1.791
3301;47698;1.367
29518;43948;1.771
20514;8473;2.339
1257;41281;2.777
42303;44838;1.599
2839;39301;1.591
20514;41401;1.661
1653;25146;1.524
33907;49079;1.623
29518;29602;1.823
25473;29217;1.567
197595;39301;1.691
12552;42708;2.768
29217;33885;1.533
13189;42695;2.023
29602;50168;1.499
1880;197595;1.731
12381;20861;1.493
35706;41281;2.267
20861;29217;1.262
197541;49079;2.346
41340;49079;1.738
31507;35742;1.658
29217;34610;1.952
16150;57084;2.593
20514;41175;1.718
13189;42303;2.000
1653;198840;1.597
31507;35706;1.984
13189;50821;2.036
12597;8674;2.399
33885;42318;1.286
21195;3301;1.802
197617;41281;1.968
197116;201456;1.377
1653;29602;1.534
15782;42695;1.681
12381;20514;1.435
16150;50168;2.647
29217;34385;1.748
25473;41943;1.404
13189;61146;1.948
1257;8473;2.862
2839;6782;1.242
25466;51815;1.718
21250;42708;2.541
201456;39651;2.222
1299;20861;2.846
42318;42695;1.719
20861;41943;1.063
16253;2874;1.995
15782;42303;1.553
41401;47698;1.406
1299;2874;2.920
197617;34610;2.040
12597;197541;2.348
13214;197116;1.288
41281;43948;2.002
201456;39301;1.720
1880;31677;1.858
15782;50821;1.633
197116;42318;0.951
16253;2839;1.758
16117;44581;2.108
12552;50066;2.307
13189;197595;1.941
1299;2839;2.806
33907;8473;2.227
30880;3301;1.820
25146;50171;1.212
197595;29217;1.567
1880;57084;1.758
16253;43948;1.978
16117;25473;1.593
1299;20514;2.920
42318;50821;1.758
33907;61146;1.279
197541;25473;2.352
31677;57084;1.488
21195;41401;1.825
20861;2874;1.829
197617;34385;1.487
16253;29602;1.682
1257;43948;2.674
39301;42708;2.628
29602;48803;0.941
42318;61146;1.300
34610;42318;1.831
197541;61146;2.273
41401;8674;2.345
41340;61146;1.124
13214;25466;1.657
29518;41401;1.917
13189;47698;1.883
34244;49079;1.860
30880;41943;1.786
29217;39651;2.120
2839;50066;1.264
20861;2839;1.325
21195;41175;1.658
13214;21195;1.755
50171;6782;0.948
29602;41340;1.123
21250;50066;1.568
201456;21250;1.678
41943;44838;1.323
35706;39651;2.296
34385;43948;1.575
197595;41943;1.349
16150;48803;2.586
15782;2874;2.127
29518;41175;1.774
29468;44581;2.212
29217;39301;1.799
1299;50171;2.832
25146;29518;1.867
15782;47698;1.569
1653;41401;1.641
35706;39301;2.225
33885;50171;1.295
15782;2839;1.745
20861;31507;1.413
201456;29217;1.666
197116;198840;1.265
197617;39651;2.284
16150;41340;2.592
49079;51815;1.772
42318;47698;1.305
41175;49079;1.812
39301;50066;1.625
1653;41175;1.808
1653;2874;1.852
25466;34244;1.937
197617;39301;1.748
197116;33885;1.280
41281;41401;2.058
198840;49079;1.618
13189;8674;2.448
1299;29518;2.831
1880;48803;1.729
1653;2839;1.295
34244;61146;1.672
25146;44581;1.993
20514;44838;1.644
201456;41943;1.434
16253;41401;1.784
12552;41281;2.360
31677;48803;1.485
12381;44581;2.165
39651;57084;2.182
30880;31507;1.745
44838;49079;1.762
43948;50171;1.625
29602;42695;1.669
16253;197595;1.695
1257;6782;2.611
1257;29217;2.635
20514;25146;1.435
197541;8674;2.525
1880;29468;1.871
16253;41175;1.958
12552;34610;2.548
1257;15782;2.729
197595;31507;1.280
12597;44838;1.582
29602;42303;1.626
50821;57084;1.697
41175;44581;2.164
39651;50168;2.200
2839;41281;2.029
197617;21250;1.444
35742;6782;1.641
34385;41401;1.600
29602;50821;1.709
42708;44838;2.545
29217;50066;1.571
21250;41281;1.917
1880;33907;1.728
16150;42695;2.598
1299;44581;2.938
25473;43948;1.765
12552;34385;2.275
48803;49079;1.757
31677;33907;1.290
2839;8473;2.268
25473;29602;1.599
198840;44581;2.108
197116;30880;1.799
16117;20861;1.413
29518;31507;1.821
25473;3301;1.483
197617;29217;1.759
197541;20861;2.265
1257;41943;2.607
198840;25473;1.510
16150;42303;2.652
1257;12597;2.706
34385;41175;1.462
20861;29602;1.416
1653;197617;1.861
21250;34610;2.006
35706;41943;1.894
3301;44581;2.003
29468;3301;1.514
16150;50821;2.663
50168;51815;1.558
44581;8674;2.522
41401;49079;1.821
1653;201456;1.629
16117;20514;1.622
12381;16150;2.675
39301;41281;2.145
21195;44838;1.809
197541;20514;2.371
201456;31507;1.239
44838;61146;1.138
21250;34385;1.474
197617;41943;1.591
33885;42708;2.545
1880;42695;1.975
30880;43948;1.988
29602;47698;1.272
12381;16117;1.313
12552;39651;2.535
39651;48803;2.150
31677;42695;1.716
13214;197541;2.233
50171;8473;2.290
43948;44581;2.207
33907;50171;1.260
197595;2874;1.901
48803;6782;1.296
2839;43948;1.698
25466;29468;1.831
1880;42303;1.949
20514;35742;1.745
16117;2874;1.881
13214;31677;1.329
1299;16150;3.094
31677;42303;1.692
16117;50171;1.309
13214;16253;1.656
12552;39301;2.444
48803;61146;0.914
197595;29602;1.286
197541;50171;2.214
41340;50171;1.312
39651;41340;2.155
25146;42318;1.195
197595;2839;1.328
197116;42708;2.546
1653;44838;1.552
13214;57084;1.121
20514;35706;2.070
16150;47698;2.574
12381;42318;1.403
29518;8473;2.350
25466;33907;1.527
16117;2839;1.254
41943;8674;2.267
1257;31507;2.652
12597;35742;1.912
1299;16117;2.789
25473;41401;1.632
21250;39651;2.210
29217;41281;2.154
15782;49079;1.919
41401;61146;1.242
34610;42708;2.647
2874;44838;1.918
42695;57084;1.670
25466;2874;2.103
20861;41401;1.444
197116;3301;1.259
12597;35706;2.122
12552;8674;2.667
12597;1299;2.847
42318;49079;1.593
41281;44838;1.977
33885;6782;1.293
21250;39301;1.762
25473;41175;1.690
51815;8473;2.267
29468;50171;1.465
197116;197617;1.592
12552;21250;2.276
25466;2839;1.715
16117;29518;1.821
1299;42318;2.786
42695;50168;1.768
20861;41175;1.515
197541;29518;2.340
16253;44838;1.715
13189;44581;2.324
21250;8473;2.277
201456;43948;1.778
1299;201456;2.794
13189;25473;2.065
39301;39651;2.225
201456;29602;1.228
16117;30880;1.745
12552;29217;2.419
197116;50066;1.306
16253;25146;1.872
3301;42318;1.282
21195;35742;1.927
12597;2874;2.064
12552;15782;2.416
50821;8674;2.424
30880;41401;1.880
1257;25146;2.607
42708;8473;2.786
2874;3301;1.790
198840;6782;1.232
12381;198840;1.361
39651;42695;2.220
35706;8674;2.526
34244;50171;1.642
198840;20861;1.359
33907;44581;2.117
15782;25473;1.817
21195;35706;2.047
34610;50066;1.812
197595;41401;1.417
12597;2839;1.607
42318;44581;2.108
35742;8473;2.272
29468;29518;1.926
39651;42303;2.289
30880;41175;1.957
2839;29217;1.526
25146;33885;1.295
197541;44581;2.452
15782;61146;1.762
41340;44581;2.128
13214;48803;1.121
12381;33885;1.226
12381;50171;1.404
29468;30880;1.873
29217;43948;1.796
12552;41943;2.357
39651;50821;2.302
198840;20514;1.542
12597;51815;1.610
197595;41175;1.582
1257;29602;2.649
35706;43948;2.037
1880;50168;1.735
1653;35742;1.731
42695;48803;1.674
13214;29468;1.291
42708;51815;2.544
35742;57084;1.687
31677;50168;1.699
41175;50171;1.472
31507;51815;1.151
2839;41943;1.213
1653;35706;2.036
1299;33885;2.781
2874;35742;1.869
42318;6782;1.283
197617;43948;1.565
13214;33907;1.236
35742;50168;1.731
34244;6782;1.627
21250;41943;1.602
25473;31507;1.593
201456;41401;1.293
198840;50171;1.254
197617;29602;1.601
1299;198840;2.780
44581;50066;2.077
29518;6782;1.841
12381;29518;1.896
2874;35706;2.017
25146;30880;1.786
33885;34610;1.813
21195;51815;1.800
16253;35742;1.943
12381;30880;1.776
48803;8473;2.236
44838;50171;1.339
3301;50171;1.292
16117;16150;2.586
39651;47698;2.165
29602;49079;1.755
201456;41175;1.645
201456;6782;1.420
197116;41281;2.050
34244;44581;2.038
25466;31677;1.769
16253;35706;2.061
12381;6782;1.383
51815;6782;1.362
42695;49079;1.859
39301;41943;1.573
33885;34385;1.488
29602;3301;1.365
12552;31507;2.304
25466;57084;1.687
34610;41281;2.283
21250;6782;1.574
197116;34610;1.813
31677;3301;1.585
20861;44838;1.431
20514;8674;2.436
198840;29518;1.686
16150;49079;2.702
13214;42695;1.608
48803;50171;1.313
1299;30880;2.874
1257;41401;2.659
13189;20861;1.998
13189;2874;2.007
1653;197116;1.539
33907;42318;1.271
25466;50168;1.765
198840;30880;1.798
1653;51815;1.580
33885;8473;2.244
13214;42303;1.565
35706;41401;2.009
2839;31507;1.254
197116;34385;1.523
1880;41340;1.743
12597;34244;1.853
42708;6782;2.549
35742;48803;1.661
20861;25146;1.063
16117;42318;1.300
12597;16253;1.899
31677;41340;1.466
197541;42318;2.265
13189;2839;1.802
1257;41175;2.641
47698;51815;1.321
41340;42318;1.273
16150;197595;2.650
41401;50171;1.381
25146;6782;1.191
13189;20514;2.091
42303;51815;1.630
2874;51815;1.901
197541;2874;2.406
15782;20861;1.845
6782;8473;2.279
35706;41175;2.032
25146;42708;2.562
197617;41401;1.681
12381;42708;2.632
35742;41340;1.692
33885;39651;2.135
31507;34244;1.672
31507;31677;1.482
29602;61146;0.937
1257;8674;2.817
30880;44838;1.805
42695;50821;1.667
29217;41943;1.329
197541;2839;2.258
198840;8473;2.215
1880;49079;1.958
42695;61146;1.671
15782;20514;1.846
33885;39301;1.617
31677;49079;1.826
197617;41175;1.501
197595;44838;1.310
16150;25473;2.714
29468;42318;1.455
13189;50171;1.944
21195;34244;1.912
197116;39651;2.146
16150;61146;2.586
33907;8674;2.263
61146;8473;2.236
12552;43948;2.286
1299;42708;3.019
197595;25146;1.349
12381;197617;1.498
50171;51815;1.378
49079;57084;1.762
25466;48803;1.709
12552;29602;2.303
44838;8473;2.241
29518;44838;1.828
197116;39301;1.558
34610;39651;2.347
15782;50171;1.765
12381;201456;1.457
25146;50066;1.324
49079;50168;1.568
34244;42318;1.622
3301;42708;2.597
12597;13214;1.541
25466;41340;1.694
42695;47698;1.479
34610;39301;2.103
16117;33885;1.102
42318;50171;1.287
2839;29602;1.246
20861;35742;1.560
197541;33885;2.256
13214;8473;2.227
1880;25473;1.912
42318;8473;2.293
35742;42695;1.837
21250;43948;1.504
201456;44838;1.184
1880;50821;1.998
1653;34244;1.824
13189;29518;2.066
34244;8473;2.259
12552;1257;2.840
41401;44581;2.151
31677;50821;1.682
20514;21195;1.951
12552;1299;3.000
20861;35706;1.946
1880;61146;1.727
29217;31507;1.556
13189;30880;2.086
35742;42303;1.892
31677;61146;1.482
197116;21250;1.603
2874;34244;1.874
2874;31677;1.957
201456;25146;1.434
12597;25466;1.638
41943;51815;1.382
13214;50168;1.494
1299;50066;2.789
35742;50821;1.903
197541;197595;2.322
12597;29468;1.719
201456;8473;2.282
15782;29518;1.773
12597;21195;1.853
42303;57084;1.599
41175;42318;1.565
1299;197617;2.854
12381;8473;2.348
39301;43948;1.872
33885;50066;1.087
29468;33885;1.263
39651;49079;2.313
30880;35742;1.918
197116;29217;1.253
12552;2874;2.502
12597;33907;1.432
197617;31507;1.596
198840;42318;1.289
1257;44838;2.651
30880;35706;2.168
197595;35742;1.703
1880;8473;2.419
12552;41401;2.323
197541;30880;2.400
1880;47698;1.779
12552;2839;2.375
25466;42695;1.688
50168;57084;1.522
31677;47698;1.418
197595;35706;2.032
31507;33907;1.279
21195;25466;1.858
15782;44581;2.312
12552;41175;2.280
25466;42303;1.583
197116;41943;1.170
20514;51815;1.684
34385;44838;1.504
29518;35742;2.024
2839;41401;1.369
25146;8473;2.198
25146;41281;2.048
20861;51815;1.481
35742;47698;1.728
31507;8473;2.236
16150;20861;2.649
43948;50066;1.633
25466;50821;1.714
21250;41401;1.683
16253;1880;2.027
61146;6782;1.292
34610;41943;1.835
29518;35706;2.124
1299;1880;2.834
2839;8674;2.262
21195;33907;1.661
1653;197541;2.375
2839;41175;1.565
25146;34610;1.835
21250;29217;1.775
12552;12597;2.405
29217;29602;1.561
12381;34610;1.846
44838;6782;1.333
197617;25146;1.591
39651;61146;2.148
16150;20514;2.722
21250;41175;1.491
13214;41340;1.108
13189;16150;2.732
33907;42708;2.509
1653;25466;1.931
29602;50171;1.314
1299;41281;2.881
25146;34385;1.537
41401;42318;1.404
1653;21195;1.999
16117;42708;2.550
1257;197595;2.698
12381;34385;1.623
50821;61146;1.703
39301;41401;1.723
197541;42708;2.710
13214;6782;1.283
41340;42708;2.534
33885;41281;1.961
198840;33885;1.252
1880;20861;1.737
13189;16117;1.948
16117;21250;1.596
1299;34610;2.865
2874;29468;1.975
15782;16150;2.696
25466;47698;1.511
39301;41175;1.730
16150;50171;2.565
51815;57084;1.193
15782;1880;2.031
13214;49079;1.721
50171;8674;2.272
3301;33885;1.367
3301;6782;1.273
1257;35742;2.691
2874;33907;1.875
1880;20514;1.934
1299;34385;2.781
3301;34610;1.861
15782;16117;1.762
13189;42318;1.971
29518;51815;1.820
16253;21195;2.024
34244;8674;2.390
29468;42708;2.605
1257;35706;2.734
49079;50821;1.911
29518;8674;2.403
25146;39651;2.046
33907;50066;1.253
25473;44838;1.615
12381;39651;2.220
8473;8674;2.692
20514;34244;1.663
20514;31677;1.807
49079;61146;1.754
20861;34244;1.514
3301;34385;1.584
1880;6782;1.763
1653;1880;1.837
16117;50066;1.132
34385;35742;1.836
29217;41401;1.602
197541;50066;2.246
41340;50066;1.126
25146;39301;1.573
15782;42318;1.769
12597;197595;1.341
16150;29518;2.648
15782;201456;1.814
12381;39301;1.721
197116;197541;2.260
20514;2874;1.948
34385;35706;2.041
12597;31677;1.698
51815;8674;2.301
34244;42708;2.642
1257;1299;2.953
29217;41175;1.630
16253;3301;1.887
13214;25473;1.582
33885;43948;1.624
29602;44581;2.118
13214;50821;1.574
21250;8674;2.323
21250;31507;1.596
12597;57084;1.582
12552;44838;2.309
1299;39651;2.959
31507;6782;1.292
20514;2839;1.598
13214;61146;1.117
12381;197116;1.378
42695;44581;2.187
41281;51815;1.972
42708;57084;2.545
29468;50066;1.306
1299;39301;2.834
12597;50168;1.628
12552;25146;2.357
42708;8674;2.772
41175;8473;2.269
3301;39651;2.050
31507;57084;1.138
197116;43948;1.706
16253;51815;1.694
16150;44581;2.776
12381;21250;1.597
2839;44838;1.273
1257;2874;2.728
197116;29602;1.287
1257;51815;2.662
42708;50168;2.569
41175;42708;2.610
13189;33885;1.908
35742;8674;2.380
29217;8473;2.250
3301;39301;1.650
21195;31677;1.834
34610;43948;2.057
31507;50168;1.498
25146;29217;1.329
1257;2839;2.642
35742;49079;1.927
34244;50066;1.598
21195;57084;1.809
29518;34244;2.009
198840;42708;2.520
13214;47698;1.266
50168;50821;1.792
21250;25146;1.602
34385;51815;1.476
33907;41281;1.895
1299;21250;2.806
15782;33885;1.689
16117;41281;2.009
25473;35742;1.719
21195;50168;1.921
197541;41281;2.368
15782;198840;1.561
12381;50066;1.327
1299;197116;2.784
50066;6782;1.301
39301;44838;1.630
1880;44581;2.260
33907;34610;1.868
25146;41943;0.925
31677;44581;2.174
20514;25466;1.827
16150;1880;2.754
1299;29217;2.842
39651;50171;2.057
25473;35706;2.048
1653;31677;1.687
20514;29468;1.757
16117;34610;1.828
12597;48803;1.579
1299;15782;2.865
21250;29602;1.604
21195;6782;1.774
197541;34610;2.458
20861;21195;1.863
41175;50066;1.526
1653;57084;1.552
16117;1880;1.727
33907;34385;1.330
197617;3301;1.664
42708;48803;2.551
48803;8674;2.282
20514;33907;1.577
47698;57084;1.300
3301;8473;2.225
25466;49079;1.865
16117;34385;1.390
12597;41340;1.581
31507;48803;0.914
29468;41281;2.068
197541;34385;2.283
29602;42318;1.303
2874;57084;1.918
198840;50066;1.265
197116;41401;1.401
35742;61146;1.658
1299;41943;2.820
15782;30880;2.064
30880;6782;1.763
16253;34244;1.966
16253;31677;1.863
47698;50168;1.534
41401;42708;2.606
44838;50066;1.136
33885;41943;1.295
3301;50066;1.395
29468;34610;1.940
16253;1653;1.824
13214;20861;1.409
1257;34244;2.669
42303;50168;1.684
34610;41401;1.933
31507;41340;1.125
29217;44838;1.594
2874;50168;1.935
2839;35742;1.619
197116;41175;1.559
1299;1653;2.865
12552;201456;2.361
21195;48803;1.800
42695;6782;1.613
16150;42318;2.643
35706;44838;2.003
34244;41281;2.141
2839;35706;1.961
33885;8674;2.258
197595;21195;1.823
34610;41175;2.020
33907;39651;2.137
29468;34385;1.541
41175;6782;1.471
25473;51815;1.656
25146;31507;1.305
13214;20514;1.612
21195;29468;1.903
16117;39651;2.148
50171;57084;1.339
48803;50066;1.136
197541;39651;2.457
34244;34610;1.967
25466;25473;1.804
13189;42708;2.688
12381;41281;2.065
33907;39301;1.514
31507;49079;1.754
29217;6782;1.508
197617;44838;1.579
6782;8674;2.264
12597;1880;1.947
39651;44581;2.222
25466;61146;1.706
16117;39301;1.634
197541;39301;2.346
13214;197595;1.259
13189;21250;1.929
12597;42695;1.679
1653;48803;1.542
41401;50066;1.244
34244;34385;1.838
198840;8674;2.272
15782;1653;1.946
41175;41281;1.973
201456;35742;1.777
29518;33907;1.665
2839;2874;1.780
1880;42318;1.669
15782;42708;2.678
12597;42303;1.481
47698;48803;1.274
16150;3301;2.649
31677;42318;1.549
29602;33885;1.102
42303;48803;1.624
2874;48803;1.884
31507;42695;1.671
29468;39651;2.232
201456;35706;2.066
1653;29468;1.649
12597;50821;1.610
12381;197541;2.345
42318;42708;2.549
30880;51815;1.779
61146;8674;2.280
198840;41281;1.896
1257;13214;2.648
42695;50171;1.632
41943;57084;1.323
31507;42303;1.621
2839;51815;1.327
44838;8674;2.275
42708;50821;2.645
29468;39301;1.779
197595;51815;1.337
2874;41340;1.907
197541;21250;2.271
1653;33907;1.553
3301;41281;2.084
16150;33885;2.579
13189;50066;1.921
12552;198840;2.264
31507;50821;1.704
198840;34610;1.867
21195;42695;1.655
197116;31507;1.283
50066;8473;2.237
41943;50168;1.426
31507;61146;0.909
34244;39651;2.113
29217;35742;1.613
25146;43948;1.630
16253;25466;2.030
16117;29217;1.556
13214;8674;2.266
12381;43948;1.692
25146;29602;1.307
21195;42303;1.753
197541;29217;2.302
16253;29468;1.770
1257;25466;2.653
42318;8674;2.273
198840;34385;1.322
35706;35742;1.921
29217;35706;1.969
21195;8473;2.308
15782;50066;1.686
12597;13189;1.993
1257;21195;2.705
34244;39301;1.915
25473;34244;1.662
21195;50821;1.797
42303;49079;1.814
29602;30880;1.748
15782;197617;1.532
12597;47698;1.437
25473;6782;1.545
20861;31677;1.616
16253;33907;1.805
42318;50066;1.324
33907;41943;1.250
1299;197541;2.943
20514;57084;1.644
20861;57084;1.431
201456;8674;2.324
201456;51815;1.280
197617;35742;1.889
42708;47698;2.515
29468;6782;1.459
16117;41943;1.305
1299;43948;2.868
197541;41943;2.196
1880;50171;1.778
12381;8674;2.318
41340;41943;1.312
13214;44581;2.069
1299;29602;2.787
31677;50171;1.565
31507;47698;1.271
16150;30880;2.707
30880;8473;2.470
197617;35706;2.090
39651;42318;2.153
20514;50168;1.592
197116;25146;1.170
1299;3301;2.829
42303;42695;1.591
2874;42695;1.997
13189;1880;2.080
1880;8674;2.294
3301;43948;1.680
198840;39651;2.137
42695;8473;2.275
41943;48803;1.309
35742;50171;1.645
30880;34244;1.935
30880;31677;1.913
2874;42303;2.062
21250;2874;2.001
47698;50821;1.530
21195;47698;1.657
20861;3301;1.143
42303;50821;1.520
2874;50821;2.082
2839;34244;1.634
198840;39301;1.529
47698;61146;1.271
29468;41943;1.461
197595;34244;1.653
197595;31677;1.592
13189;41281;2.263
29217;51815;1.621
21250;2839;1.611
42303;61146;1.621
25146;8674;2.267
1880;29518;2.063
31507;8674;2.280
29602;42708;2.548
25146;41401;1.332
21250;44838;1.582
197595;57084;1.310
16150;1653;2.696
35706;51815;1.980
1880;30880;1.940
12381;29217;1.603
13189;34610;2.128
15782;3301;1.805
12381;15782;1.697
29518;31677;1.824
25146;41175;1.414
16117;1653;1.538
15782;41281;1.999
16117;31507;0.909
34244;41943;1.481
16150;42708;2.901
50168;61146;1.497
29518;57084;1.828
20514;48803;1.626
197617;51815;1.614
20861;48803;1.416
198840;21250;1.365
13189;34385;1.965
25466;50171;1.680
15782;34610;2.117
1299;41401;2.857
12381;12552;2.422
12552;13214;2.301
42303;47698;1.408
2874;47698;1.929
25473;29468;1.729
201456;34244;1.773
201456;31677;1.566
12381;41943;1.387
29518;50168;1.925
20861;25466;1.781
12381;12597;1.396
33885;41401;1.213
20514;41340;1.641
1653;3301;1.549
20861;29468;1.564
198840;29217;1.529
1299;41175;2.850
29602;50066;1.138
15782;34385;1.655
35742;44581;2.048
25473;33907;1.546
41943;42695;1.604
29468;31507;1.096
13189;43948;2.018
41175;41943;1.414
33885;41175;1.498
13214;42318;1.306
12552;35742;2.421
20861;33907;1.360
1880;42708;2.549
1653;50168;1.735
13189;3301;1.949
41943;42303;1.623
25466;29518;1.874
31677;42708;2.575
12552;197617;2.348
12552;35706;2.470
13189;39651;2.349
20514;49079;1.794
16150;50066;2.582
41281;57084;1.977
198840;41943;1.243
41943;50821;1.735
12597;1653;1.892
29217;34244;1.564
1257;31677;2.664
25473;8473;2.323
1257;16253;2.738
41943;61146;1.305
33907;43948;1.506
16253;57084;1.715
13189;39301;2.123
197541;3301;2.215
3301;41943;1.036
197595;25466;1.636
1257;57084;2.651
41281;50168;2.093
21250;35742;1.868
16117;43948;1.681
12597;49079;1.756
29468;8473;2.278
197595;29468;1.437
197541;43948;2.259
15782;39651;2.353
12552;1880;2.534
51815;61146;1.151
41340;43948;1.681
16117;29602;0.937
30880;33907;1.801
29518;48803;1.823
197541;29602;2.269
16253;50168;1.911
49079;50171;1.760
21250;35706;2.045
20514;42695;1.787
12381;31507;1.313
42708;49079;2.628
25466;44581;2.199
21195;41340;1.813
2839;33907;1.254
15782;39301;1.890
39301;8473;2.471
197617;34244;1.846
197595;33907;1.333
34385;57084;1.504
20514;42303;1.691
29518;41340;1.829
20514;50821;1.809
41943;47698;1.290
41175;8674;2.375
29468;43948;1.814
34385;50168;1.697
29602;41281;2.004
20514;61146;1.622
16117;198840;1.294
12552;51815;2.320
29468;29602;1.096
13214;50171;1.301
1299;31507;2.789
21195;49079;1.996
201456;25466;1.782
41401;41943;1.338
29217;8674;2.356
201456;29468;1.347
198840;31507;1.294
198840;2874;1.876
13189;29217;2.041
12597;25473;1.498
201456;21195;1.883
1653;41340;1.540
29602;6782;1.297
197595;3301;1.420
15782;21250;1.638
13189;15782;2.071
29602;34610;1.831
41281;48803;2.010
39651;42708;2.749
16117;3301;1.361
12597;61146;1.575
15782;197116;1.748
12381;25146;1.387
35742;42318;1.653
31677;6782;1.548
198840;2839;1.294
16150;41281;2.682
31507;44581;2.108
201456;33907;1.388
34244;43948;1.826
197116;8473;2.280
16253;48803;1.690
33907;41401;1.393
42708;61146;2.550
21250;51815;1.606
15782;29217;1.907
1257;48803;2.653
29602;34385;1.407
41281;41340;1.997
16117;41401;1.241
197541;41401;2.265
16150;34610;2.758
13189;41943;1.934
41340;41401;1.233
20514;47698;1.629
1653;49079;1.964
13214;29518;1.775
50168;6782;1.506
33907;41175;1.372
33885;44838;1.100
29518;42695;1.787
25466;3301;1.759
16253;41340;1.721
34610;6782;1.870
12381;29602;1.319
197595;201456;1.414
13214;30880;1.730
1257;29468;2.687
13189;1653;1.812
1299;25146;2.820
50168;50171;1.524
47698;49079;1.685
21195;25473;1.929
16117;41175;1.566
39651;8473;2.538
25473;31677;1.780
197541;41175;2.255
13214;2874;1.851
12381;1257;2.714
34385;48803;1.393
29518;42303;1.785
2874;49079;2.070
16150;34385;2.587
12381;1299;2.864
39301;51815;1.673
21195;61146;1.798
15782;41943;1.755
41175;43948;1.483
25473;57084;1.615
41281;49079;2.157
29518;50821;1.821
29217;33907;1.550
2874;8473;2.359
1257;33907;2.615
39651;50066;2.139
3301;8674;2.283
197116;44838;1.302
13214;2839;1.247
1653;42695;1.901
29468;41401;1.313
25466;42318;1.720
1880;33885;1.703
34385;41340;1.476
197617;25466;1.550
16253;49079;2.047
31677;33885;1.456
29602;39651;2.154
25473;50168;1.587
198840;43948;1.457
197617;29468;1.735
12597;3301;1.658
201456;2874;1.981
197617;21195;1.745
1880;34610;1.926
1653;42303;1.876
34610;44838;1.868
198840;29602;1.299
12552;34244;2.432
12552;31677;2.327
31677;34610;1.948
20861;50168;1.456
1653;197595;1.628
12552;16253;2.421
12381;2874;1.924
39301;6782;1.537
29468;41175;1.703
1653;25473;1.844
29602;39301;1.636
1653;50821;1.919
41281;42695;2.006
201456;2839;1.369
197617;33907;1.404
1653;61146;1.538
42303;44581;2.250
1880;34385;1.906
16150;39651;2.756
12381;2839;1.361
34244;41401;1.713
13189;31507;1.948
31677;34385;1.579
16253;42695;1.975
41281;42303;1.990
30880;57084;1.805
2839;31677;1.499
13214;42708;2.534
1257;42695;2.659
41340;6782;1.298
29518;47698;1.684
2874;61146;1.881
16150;39301;2.669
41281;50821;1.988
2839;57084;1.273
21250;34244;1.854
16253;42303;1.933
34244;41175;1.780
12381;41401;1.458
1257;42303;2.717
41281;61146;2.008
30880;50168;1.853
12597;20861;1.675
25146;2874;1.777
197595;198840;1.304
16253;50821;1.935
42695;42708;2.626
1257;1880;2.677
44581;44838;2.146
16253;61146;1.688
34385;42695;1.567
33885;35742;1.632
197595;50168;1.428
13214;16150;2.578
12381;41175;1.629
25473;48803;1.597
197116;6782;1.258
41175;41401;1.564
25146;2839;1.213
197541;31507;2.273
1653;47698;1.592
57084;6782;1.333
41401;43948;1.707
41943;49079;1.675
25466;33885;1.634
1880;39651;2.275
12597;20514;1.529
34385;42303;1.514
33885;35706;1.970
50171;50821;1.714
39651;41281;2.442
31677;39651;2.208
29602;8473;2.237
16150;21250;2.589
12552;197116;2.401
13214;16117;1.117
50171;61146;1.309
34385;50821;1.608
25473;41340;1.613
198840;41401;1.384
197116;35742;1.645
1880;39301;1.993
1880;198840;1.737
16117;197617;1.596
31677;8473;2.263
31677;39301;1.775
20861;41340;1.403
41281;47698;1.902
39651;6782;2.051
201456;57084;1.184
3301;41401;1.417
197116;35706;2.007
197116;197595;1.334
16150;29217;2.665
16117;44838;1.138
198840;41175;1.319
16117;201456;1.239
1257;13189;2.730
34610;35742;1.928
16253;47698;1.841
12552;1653;2.444
50066;8674;2.274
29602;41943;1.307
2874;6782;1.875
12597;50171;1.608
42695;50066;1.624
13189;29602;1.950
30880;48803;1.749
201456;50168;1.588
12552;25466;2.274
50168;8473;2.314
34610;8473;2.456
34610;35706;2.172
3301;41175;1.480
16117;25146;1.305
12552;29468;2.353
50066;51815;1.015
41943;44581;1.993
197541;25146;2.196
15782;197541;2.385
12552;21195;2.300
42708;50171;2.551
2839;48803;1.258
21195;8674;2.441
20861;49079;1.701
197595;48803;1.283
25466;30880;1.985
1880;21250;1.887
31507;50171;1.309
29217;31677;1.735
15782;43948;1.697
30880;41340;1.788
16150;41943;2.632
15782;29602;1.756
12552;33907;2.271
35742;42708;2.643
34385;47698;1.244
1653;20861;1.603
33885;51815;1.145
29468;44838;1.212
29217;57084;1.594
13189;198840;1.864
42318;43948;1.716
2839;29468;1.393
197617;201456;1.675
197595;41340;1.303
21250;25466;1.572
25473;42695;1.756
12597;29518;1.890
35706;57084;2.003
16253;201456;1.779
30880;8674;2.347
21195;50171;1.778
20861;42695;1.704
1257;50168;2.625
