45166;9989;2.115
10102;23855;2.069
17819;24247;1.961
10024;58436;1.669
58436;58738;1.540
4765;4773;1.945
4657;56308;2.684
58738;9989;1.875
17645;24482;2.290
132047;9874;1.544
10024;10102;2.052
10024;7700;1.573
17547;9226;1.956
4628;9911;1.140
10024;18106;2.105
133170;4765;1.145
24247;4628;1.469
10024;7473;2.685
3758;9874;1.842
17819;18113;1.848
45414;4657;2.606
24319;9989;1.993
133170;24247;1.503
132047;9255;1.557
4844;56308;2.171
132132;9989;2.251
17645;17819;1.920
4628;58621;1.864
17819;4765;1.876
38861;4628;2.447
3758;9255;1.789
4844;9911;1.879
23855;4844;1.941
3758;38621;2.148
18113;45470;1.248
133170;18113;1.164
132132;24247;2.056
10024;23936;1.572
17547;45414;1.905
58621;7700;1.832
38001;9989;2.137
3758;56308;2.246
3758;38001;2.174
10091;4773;1.972
17547;38861;2.548
10102;17645;2.077
132142;9911;1.638
56308;58738;1.873
18113;45166;1.760
4844;58738;1.857
10102;58436;2.018
58621;7473;2.701
23936;45414;1.552
23936;4773;2.009
23936;38861;2.480
10102;9911;2.006
56308;9874;1.959
10102;18106;2.386
132132;3758;2.292
18106;38621;2.374
17645;9911;1.457
17547;4657;2.666
24247;7700;1.503
18113;24482;2.268
56308;9255;2.032
18106;56308;2.437
18106;38001;2.343
24247;7473;2.651
23855;9226;1.726
7473;9226;2.672
23855;45470;1.582
18113;4773;1.908
4628;4765;0.966
17547;58621;1.975
38861;7700;2.463
132047;132142;1.834
38621;4844;2.207
18106;9874;2.137
23855;45166;1.963
10024;24319;1.759
38861;7473;2.844
24482;58621;2.467
10102;23936;2.019
23936;58621;1.931
133170;17819;1.922
133170;17547;1.891
18106;9255;2.138
132047;9911;1.567
18106;58738;2.097
4773;4844;2.252
24482;9989;2.458
133170;4844;1.867
4765;56308;1.863
45414;4773;1.877
38621;45470;1.884
3758;9911;1.798
23855;24482;2.345
17645;4844;1.805
58436;9892;1.669
4657;9892;2.668
38001;58738;1.781
132142;4765;1.573
17819;4844;2.174
38621;45166;2.076
4765;9892;1.703
58436;9506;1.855
4657;9506;2.636
24247;58738;1.319
10102;4765;1.928
4628;58436;1.498
38621;9226;1.858
23855;4657;2.653
17547;23855;1.989
4765;9506;1.540
10102;24319;2.106
17645;4765;1.415
38001;45414;1.842
38001;38861;2.533
24482;3758;2.490
17819;45470;1.951
9506;9989;2.060
4773;9226;1.990
133170;9226;1.232
56308;9911;1.947
10091;38621;1.848
4657;58738;2.598
24247;45414;1.560
24247;38861;2.466
17547;4773;2.170
132132;133170;2.003
17819;45166;2.111
10091;56308;1.987
10091;38001;1.938
7700;9874;1.233
132047;38621;1.902
45470;7700;1.232
17819;9226;2.042
133170;45470;1.232
10091;9892;1.893
45470;7473;2.686
132047;4765;1.518
132047;56308;2.036
132047;38001;1.873
7700;9255;1.284
4628;4844;1.847
132132;18113;1.996
133170;45166;1.835
24319;3758;1.948
23936;9892;1.790
18106;9911;2.132
3758;4765;1.774
17819;24482;2.316
10091;9506;1.634
17547;17645;1.974
45166;9874;1.875
132142;56308;2.186
58436;58621;1.825
17547;58436;1.887
38621;4657;2.654
10091;58738;1.358
23936;9506;1.833
58738;9874;1.230
3758;58738;1.845
45166;9255;1.962
24482;58436;2.398
23936;58436;1.635
18113;9892;1.774
133170;24482;2.290
58738;9255;1.368
24319;9874;1.605
133170;4657;2.606
132132;9874;2.042
132142;4844;2.156
18113;9506;1.546
4773;56308;2.277
132132;24482;2.530
9874;9989;1.829
4628;9226;1.398
24319;9255;1.630
3758;38861;2.584
23855;4773;2.056
10102;4844;2.283
17819;4657;2.655
132132;9255;2.026
45166;4765;1.828
17547;23936;1.994
45414;9892;1.728
56308;58621;2.065
38001;9874;1.865
4844;58621;2.127
132132;17819;2.229
132132;17547;2.187
4844;9226;1.964
45414;9506;1.621
45470;56308;1.812
58436;7700;1.554
38001;9255;1.915
10091;4628;1.375
4657;7700;2.606
18106;45414;2.111
18106;38861;2.633
18106;4765;2.076
58436;7473;2.673
45414;56308;1.935
4657;7473;2.805
7700;9911;1.165
132142;9226;1.769
4765;7700;1.145
4765;58738;1.157
23936;4628;1.529
4765;7473;2.623
10024;9989;1.949
132047;4844;1.942
10102;9226;2.104
24319;45470;1.577
45166;56308;2.069
45470;58738;1.227
3758;4844;2.257
132142;133170;1.658
17547;24319;2.008
45166;9911;1.882
38861;56308;2.565
17645;9226;1.621
38621;4773;2.139
4628;4657;2.618
18113;4628;1.196
10024;24247;1.760
17547;9892;2.021
24319;45166;1.980
58738;9911;1.256
23936;24319;1.755
18106;58621;2.366
17547;9506;2.091
24482;9874;2.302
10024;18113;1.577
132142;38621;2.015
133170;4773;1.927
45470;9989;1.942
24319;9911;1.506
58621;9989;2.106
38001;58621;2.082
24319;24482;2.331
10024;3758;2.009
38861;58738;2.424
132132;9911;2.007
24482;9255;2.350
132132;45470;2.020
132142;38001;2.103
45414;4628;1.245
132047;9226;1.602
17819;4773;2.220
23936;7700;1.536
132142;4657;2.657
24247;58621;2.010
3758;9226;1.820
132132;45166;2.149
23936;7473;2.673
45166;4844;2.130
17547;18106;2.403
132047;58738;1.561
10024;132132;2.081
24247;9989;1.987
10102;4657;2.678
38001;9911;1.845
10102;24247;1.990
18113;7700;1.164
9506;9874;1.595
17645;4657;2.599
132142;58738;1.673
10091;45414;1.118
9226;9892;1.842
24482;4765;2.269
56308;58436;1.970
10091;38861;2.471
4657;58621;2.663
18106;23855;2.205
4844;58436;1.918
38861;9989;2.582
3758;45414;1.752
18113;7473;2.614
10102;132047;2.044
23855;9892;1.838
18106;4844;2.358
10102;18113;1.839
7473;9892;2.708
9226;9506;1.555
9255;9989;1.886
132047;38861;2.459
10091;132132;2.042
10024;133170;1.573
10024;17819;2.005
17547;4628;1.872
23855;9506;1.799
10024;17547;1.964
7473;9506;2.682
56308;9226;2.015
24247;3758;2.015
45414;7700;1.278
4773;58738;1.907
4628;4773;1.945
132047;4657;2.619
17645;38621;1.911
45414;7473;2.648
24319;4765;1.459
10091;58621;1.820
132132;4765;1.956
3758;4657;2.699
9892;9989;2.017
10091;133170;1.283
3758;58621;2.158
17645;56308;1.999
17645;38001;1.786
24482;9911;2.317
24247;24319;1.686
18106;9226;2.172
18106;58436;2.200
38001;4765;1.795
38621;9892;1.968
45414;58738;1.299
132142;4773;2.174
38001;58436;1.885
17645;58738;1.436
17547;7700;1.891
38621;9506;2.010
10102;4773;2.269
4773;9892;2.149
45166;58738;1.759
17547;7473;2.705
24247;58436;1.733
133170;9892;1.738
45166;4657;2.671
23855;4628;1.430
10091;7700;1.283
17645;4773;2.031
10024;45470;1.592
10091;23855;1.725
9506;9911;1.518
24482;4844;2.462
10091;7473;2.651
4773;9506;2.155
18113;38621;1.805
133170;9506;1.396
17819;9892;2.178
18106;23936;2.198
10024;45166;1.838
132047;23855;1.684
18113;56308;1.872
18113;38001;1.795
4765;58621;1.862
4657;58436;2.645
45166;45414;1.860
17819;9506;2.050
18106;4657;2.731
38861;45414;2.426
10024;9874;1.652
132047;4773;1.987
45470;58621;1.903
10024;24482;2.349
7700;9226;1.232
10024;9255;1.686
3758;4773;2.291
24319;4844;1.834
17547;24247;1.961
18113;58738;0.947
132132;4844;1.944
132047;45414;1.367
23855;38621;1.975
10091;17645;1.581
10102;45470;1.944
23936;24247;1.727
38621;4628;1.808
23855;7700;1.561
18106;24319;2.204
10091;58436;1.655
132142;45414;1.679
23855;56308;1.992
23855;38001;1.914
132142;38861;2.508
3758;58436;2.064
23855;7473;2.679
45166;9226;1.951
10091;10102;2.061
45470;9874;1.330
132047;17645;1.616
10102;45166;2.179
58621;9874;1.856
38861;58621;2.567
4628;9892;1.701
10091;18106;2.142
38001;4844;2.089
58738;9226;1.412
133170;4628;1.179
45470;9255;1.459
132142;17645;1.827
9874;9911;1.284
24482;45470;2.326
58621;9255;1.896
58436;9989;1.857
4628;9506;1.551
4657;9989;2.698
132047;58621;1.863
24319;9226;1.692
10102;24482;2.562
4844;9892;2.119
23855;58738;1.551
45166;4773;2.124
17819;4628;1.900
24482;45166;2.484
24247;9874;1.552
132132;9226;2.084
4765;9989;1.826
38621;56308;2.175
132142;58621;2.111
10091;23936;1.679
4844;9506;1.996
24247;9255;1.652
132142;9892;2.006
10102;17819;2.213
38861;9874;2.421
10102;17547;2.214
24482;4657;2.832
132047;23936;1.682
58621;58738;1.851
38001;9226;1.951
18106;4773;2.422
10102;9892;2.151
9255;9874;1.368
132142;9506;1.860
132132;132142;2.233
38861;9255;2.473
17819;38621;2.124
38621;58738;1.792
10024;9911;1.648
17645;9892;1.920
4765;58436;1.477
10102;9506;2.150
4773;7700;1.927
133170;7700;0.924
4773;58621;2.173
24319;56308;2.030
17819;56308;2.136
17645;45414;1.492
17819;38001;2.091
17645;38861;2.468
4773;7473;2.735
10091;9989;1.908
17645;9506;1.632
133170;7473;2.624
45470;58436;1.580
133170;38621;1.699
10091;24319;1.665
24319;4657;2.612
23936;9989;1.945
132132;4657;2.697
132142;23855;1.878
133170;56308;1.897
133170;38001;1.830
45470;9911;1.352
132047;9892;1.828
132047;24319;1.675
17819;58738;1.846
132132;38621;2.259
58621;9911;1.888
45414;58621;1.784
3758;9892;2.117
18113;9989;1.877
132047;9506;1.802
132132;56308;2.273
132132;38001;2.059
17645;58621;1.962
38861;58436;2.514
38001;4657;2.669
24482;9226;2.350
10091;3758;1.845
7473;7700;2.624
3758;9506;1.851
133170;58738;1.143
132142;4628;1.574
45166;58621;1.999
17547;18113;1.852
24247;9911;1.560
23936;3758;2.033
10024;132142;1.903
17547;45470;1.958
132047;58436;1.639
10102;4628;1.953
18113;45414;1.310
10024;4765;1.530
18113;38861;2.425
45414;9989;1.781
38861;9911;2.462
24482;4773;2.489
23936;45470;1.573
132047;18106;2.177
17645;4628;1.418
17547;45166;1.969
132142;58436;1.906
18113;3758;1.847
9255;9911;1.215
56308;9892;2.110
23936;45166;1.855
132142;18106;2.241
10091;132142;1.652
56308;9506;2.075
4844;7700;1.867
17645;23855;1.663
17547;24482;2.431
4844;7473;2.733
45470;4765;1.156
38621;7700;1.699
18113;58621;1.865
24319;4773;2.077
23855;45414;1.566
132047;4628;1.520
9892;9911;1.792
4773;58436;1.999
23936;24482;2.372
132142;7700;1.658
23855;38861;2.511
18106;9892;2.300
132132;4773;2.282
38621;7473;2.683
24319;38621;1.961
17547;17819;2.055
3758;4628;1.774
132142;23936;1.918
17547;9989;2.124
18106;24247;2.234
18106;9506;2.245
24319;38001;1.842
24247;4765;1.444
17645;7700;1.449
38001;4773;2.130
17645;7473;2.640
17819;7700;1.922
38621;45414;1.665
58436;9874;1.568
4657;9874;2.593
45414;58436;1.464
38621;38861;2.509
38861;4765;2.445
17819;7473;2.703
23855;58621;1.981
17645;58436;1.718
4765;9874;1.282
24319;58738;1.502
58436;9255;1.638
4657;9255;2.615
18113;23855;1.554
17547;3758;2.237
45166;58436;1.824
17645;18106;2.176
38001;45470;1.848
10024;4844;1.980
45166;4628;1.836
132142;24319;1.889
4765;9255;1.239
10102;132132;2.370
3758;7700;1.783
38001;45166;1.930
24247;45470;1.546
9226;9989;1.925
17819;45414;1.940
3758;7473;2.729
38621;58621;2.096
17819;38861;2.524
7700;9892;1.738
24247;45166;1.833
23855;9989;1.943
7473;9989;2.743
18106;4628;2.083
132132;58738;1.994
17645;23936;1.689
4628;7700;1.179
45470;4844;1.889
10091;9874;1.220
10102;133170;1.965
7700;9506;1.396
133170;45414;1.278
133170;38861;2.463
4628;7473;2.638
10024;9226;1.695
45166;9892;1.883
24247;24482;2.353
23936;9874;1.616
10091;24247;1.660
10091;9255;1.366
18113;58436;1.548
56308;7700;1.897
133170;17645;1.449
58738;9892;1.772
17819;58621;2.163
132132;38861;2.635
45166;9506;2.054
56308;7473;2.721
23936;9255;1.682
132047;24247;1.734
24247;4844;2.013
10024;10091;1.696
23855;3758;1.934
10091;18113;1.376
58738;9506;1.544
18113;9874;1.245
24319;9892;1.952
58436;9911;1.583
132132;9892;2.156
4657;9911;2.616
17645;24319;1.417
38861;4844;2.638
132142;7473;2.697
133170;58621;1.832
45470;9226;1.492
38621;9989;2.023
58621;9226;1.882
18113;9255;1.370
10102;7700;1.965
24319;9506;1.674
4765;9911;1.119
132132;9506;2.095
10102;7473;2.758
23855;58436;1.655
18113;23936;1.568
38001;9892;1.968
4773;9989;2.033
18106;18113;2.107
45414;9874;1.246
133170;9989;1.848
10024;4657;2.640
24247;9226;1.691
18106;45470;2.126
38001;9506;1.958
17819;23855;1.971
45414;9255;1.315
24482;4628;2.283
10024;38621;1.991
17819;9989;2.162
18106;45166;2.404
38861;9226;2.499
10024;38001;1.848
10024;56308;1.987
38621;58436;1.861
132047;7700;1.560
10091;9911;1.355
133170;23855;1.561
4628;56308;1.870
132047;7473;2.661
23855;23936;1.707
45470;4657;2.665
18113;24319;1.504
133170;3758;1.783
24319;45414;1.565
23936;9911;1.628
24319;38861;2.490
18106;24482;2.559
4657;4765;2.611
17547;9874;1.907
132132;23855;2.062
24319;4628;1.480
10024;58738;1.575
132132;4628;1.960
24482;9892;2.541
17547;9255;1.959
18113;9911;1.258
17819;58436;2.033
10102;38621;2.197
24247;4657;2.630
24482;9506;2.413
4628;9989;1.827
10102;38001;2.209
17819;18106;2.367
10102;56308;2.217
38001;4628;1.800
132132;45414;2.003
24319;58621;2.012
45166;7700;1.835
38861;4657;2.693
23855;24319;1.693
133170;58436;1.554
45166;7473;2.707
24482;38621;2.473
58738;7700;1.143
4844;9989;2.171
45414;9911;1.301
10024;4773;2.074
133170;18106;2.101
10091;45470;1.398
132142;24247;1.863
132132;17645;1.964
58738;7473;2.613
9506;9892;1.954
24482;56308;2.503
24482;38001;2.439
132047;18113;1.571
3758;45470;1.891
23936;56308;2.019
10102;58738;1.831
10091;4765;1.372
9226;9874;1.439
18106;7700;2.101
17819;23936;2.031
132142;9989;2.083
132132;7700;2.003
10091;45166;1.953
18106;7473;2.761
132142;18113;1.675
3758;45166;2.234
23936;4765;1.519
23855;9874;1.635
132132;7473;2.741
7473;9874;2.630
9226;9255;1.350
132132;58621;2.200
10102;9989;2.193
133170;23936;1.536
23855;9255;1.626
7473;9255;2.664
45470;4773;2.040
17645;9989;1.961
38001;7700;1.830
10091;24482;2.305
18113;4765;1.161
38001;7473;2.713
132047;132132;2.038
17547;9911;1.929
4657;4844;2.686
132047;24482;2.358
132132;23936;2.073
132142;3758;2.013
10091;17819;2.002
10091;17547;1.956
17819;24319;1.945
4765;4844;1.821
24247;4773;1.953
10102;3758;2.294
132047;17819;2.026
132047;9989;1.920
132047;17547;1.993
45414;4765;1.243
132047;133170;1.560
17645;3758;1.909
17645;24247;1.655
38861;4773;2.573
38621;9874;1.724
3758;9989;2.183
133170;24319;1.519
9874;9892;1.793
132142;17819;2.131
132142;17547;2.112
17819;3758;2.184
4628;58738;1.192
38621;9255;1.834
58436;9226;1.689
24319;58436;1.756
17645;18113;1.453
4657;9226;2.636
4773;9874;1.922
133170;9874;1.233
132132;24319;1.977
24482;7700;2.290
4765;9226;1.397
10091;4844;1.927
24482;7473;2.876
9226;9911;1.381
10024;45414;1.603
10102;132142;2.175
132047;3758;1.927
4773;9255;1.965
10024;38861;2.502
17547;38621;2.108
133170;9255;1.284
45166;45470;1.873
17819;9874;1.928
23936;4844;1.989
23855;9911;1.546
7473;9911;2.639
38861;45470;2.483
56308;9989;2.215
23936;38621;1.861
17547;56308;2.023
17547;38001;2.098
17547;4765;1.873
10024;9892;1.776
17819;9255;2.021
10024;17645;1.711
38861;45166;2.556
23936;38001;1.809
132132;58436;2.049
24319;7700;1.519
18113;4844;1.860
10024;9506;1.817
18113;24247;1.322
132047;45470;1.595
9911;9989;1.845
24319;7473;2.667
132132;18106;2.427
10024;58621;1.945
17547;58738;1.850
10091;9226;1.401
18106;9989;2.332
132047;45166;1.958
132142;45470;1.726
10102;45414;1.960
24482;58738;2.261
23936;58738;1.549
10102;38861;2.520
45470;9892;1.802
23936;9226;1.686
58621;9892;2.008
132142;45166;2.127
45414;4844;1.875
4628;9874;1.290
38621;9911;1.741
45470;9506;1.600
58621;9506;2.049
23855;24247;1.722
4628;9255;1.238
18113;9226;1.422
24482;45414;2.269
24482;38861;2.676
24247;9892;1.883
132142;24482;2.455
23855;4765;1.403
18106;3758;2.331
4844;9874;1.937
4773;9911;1.953
133170;9911;1.165
10102;58621;2.223
24247;9506;1.805
10024;23855;1.713
10024;132047;1.733
4844;9255;1.898
38861;9892;2.543
10024;4628;1.531
132142;9874;1.596
17819;9911;1.943
38001;38621;2.117
10091;4657;2.613
9255;9892;1.839
45414;9226;1.364
38861;9506;2.519
10102;9874;1.963
17547;4844;2.128
132142;9255;1.680
45414;45470;1.329
38001;56308;2.170
23936;4657;2.641
24247;38621;1.937
9255;9506;1.603
17645;45470;1.510
7700;9989;1.848
17645;9874;1.522
10091;132047;1.506
10102;9255;2.059
24247;56308;2.028
24247;38001;1.882
17645;45166;1.954
45470;4628;1.192
17645;9255;1.559
18113;4657;2.599
4657;4773;2.694
38621;4765;1.791
