41427;5435;0.923
201985;3212;1.999
12778;34779;1.616
43061;5435;1.517
5603;57554;2.091
5435;57554;1.312
41828;44647;1.119
12644;33929;0.923
25467;8591;2.359
25467;43061;1.864
12778;8591;2.132
12778;41828;1.270
57554;9119;2.351
34779;43061;1.751
3212;57554;1.972
2107;9119;2.379
2107;57554;1.643
12778;201985;1.508
12644;42613;0.923
34779;41427;1.571
33929;9119;2.338
25467;41828;1.604
5603;8591;2.497
201985;33929;1.291
201985;9119;2.335
42613;44647;0.923
2107;5603;2.279
201985;42613;1.291
42613;57554;1.138
25467;5435;1.626
12778;5435;1.209
12644;34779;1.607
12778;43061;1.554
33929;5603;2.124
12644;12778;1.325
12778;41427;1.209
42613;9119;2.338
201985;5603;2.209
41828;57554;1.218
12644;41828;1.074
201985;43061;1.720
201985;34779;1.793
57554;8591;2.142
25467;41427;1.626
2107;8591;2.243
33929;8591;2.170
42613;5603;2.124
201985;41828;1.352
2107;25467;1.833
201985;8591;2.204
25467;44647;1.655
12644;43061;1.550
34779;44647;1.608
25467;57554;1.660
34779;57554;1.686
2107;5435;1.324
12644;41427;1.192
34779;9119;2.427
33929;5435;1.192
16016;33929;1.305
201985;5435;1.336
16016;42613;1.305
12778;2107;1.519
201985;41427;1.336
12644;3212;1.870
12778;44647;1.359
16016;3212;1.981
12778;57554;1.480
34779;5603;2.246
41427;42613;1.192
42613;5435;1.192
33929;42613;0.923
16016;5603;2.204
201985;44647;1.305
201985;2107;1.589
16016;34779;1.689
201985;57554;1.355
42613;8591;2.170
12644;9119;2.338
34779;8591;2.362
16016;9119;2.321
33929;34779;1.607
8591;9119;2.590
12644;44647;0.923
12644;57554;1.138
41427;41828;1.075
33929;41828;1.074
12644;5603;2.124
34779;5435;1.571
16016;43061;1.563
16016;5435;1.151
12778;25467;1.757
3212;9119;2.510
16016;41828;1.277
41427;43061;1.517
12644;8591;2.170
33929;43061;1.550
16016;8591;2.111
33929;41427;1.192
3212;33929;1.870
2107;33929;1.555
16016;201985;1.421
41828;5603;2.133
3212;5603;2.356
3212;42613;1.870
2107;42613;1.555
12644;5435;1.192
12644;25467;1.645
16016;41427;1.151
41828;9119;2.336
44647;9119;2.340
3212;8591;2.468
3212;34779;2.026
2107;34779;1.656
201985;25467;1.752
12644;2107;1.555
44647;57554;1.133
16016;44647;1.345
3212;41828;1.898
2107;41828;1.456
16016;57554;1.371
16016;2107;1.442
41828;42613;1.074
12778;16016;1.268
44647;5603;2.109
43061;44647;1.546
41427;9119;2.331
43061;57554;1.668
41828;5435;1.075
41427;44647;1.232
3212;5435;1.945
43061;9119;2.399
41427;57554;1.312
33929;44647;0.923
12644;201985;1.291
5435;9119;2.331
33929;57554;1.138
25467;3212;2.174
12778;3212;1.984
25467;33929;1.645
41828;8591;2.185
41427;5603;2.187
3212;43061;2.088
2107;43061;1.655
44647;8591;2.202
25467;42613;1.645
43061;5603;2.290
34779;42613;1.607
3212;41427;1.945
2107;41427;1.324
5435;5603;2.187
12644;16016;1.305
42613;43061;1.550
25467;9119;2.433
12778;9119;2.384
41427;8591;2.118
12778;33929;1.325
44647;5435;1.232
3212;44647;1.878
25467;34779;1.924
2107;44647;1.571
43061;8591;2.335
16016;25467;1.672
12778;42613;1.325
5435;8591;2.118
5603;9119;2.588
41828;43061;1.548
2107;3212;2.097
34779;41828;1.522
25467;5603;2.326
12778;5603;2.214
