41427;5435;0.923
201985;3212;1.499
12778;34779;1.465
43061;5435;1.380
5603;57554;1.464
5435;57554;1.281
41828;44647;1.119
12644;33929;0.923
25467;8591;1.510
25467;43061;1.443
12778;8591;1.468
12778;41828;1.266
57554;9119;1.509
34779;43061;1.483
3212;57554;1.482
2107;9119;1.521
2107;57554;1.426
12778;201985;1.382
12644;42613;0.923
34779;41427;1.425
33929;9119;1.508
25467;41828;1.378
5603;8591;1.516
201985;33929;1.291
201985;9119;1.514
42613;44647;0.923
2107;5603;1.508
201985;42613;1.291
42613;57554;1.138
25467;5435;1.392
12778;5435;1.209
12644;34779;1.404
12778;43061;1.400
33929;5603;1.479
12644;12778;1.294
12778;41427;1.209
42613;9119;1.508
201985;5603;1.506
41828;57554;1.194
12644;41828;1.074
201985;43061;1.457
201985;34779;1.476
57554;8591;1.478
25467;41427;1.392
2107;8591;1.474
33929;8591;1.475
42613;5603;1.479
201985;41828;1.351
2107;25467;1.478
201985;8591;1.489
25467;44647;1.380
12644;43061;1.409
34779;44647;1.405
25467;57554;1.408
34779;57554;1.419
2107;5435;1.290
12644;41427;1.192
34779;9119;1.526
33929;5435;1.192
16016;33929;1.257
201985;5435;1.336
16016;42613;1.257
12778;2107;1.371
201985;41427;1.336
12644;3212;1.463
12778;44647;1.328
16016;3212;1.496
12778;57554;1.370
34779;5603;1.506
41427;42613;1.192
42613;5435;1.192
33929;42613;0.923
16016;5603;1.493
201985;44647;1.304
201985;2107;1.417
16016;34779;1.454
201985;57554;1.343
42613;8591;1.475
12644;9119;1.508
34779;8591;1.515
16016;9119;1.510
33929;34779;1.404
8591;9119;1.531
12644;44647;0.923
12644;57554;1.138
41427;41828;1.075
33929;41828;1.074
12644;5603;1.479
34779;5435;1.425
16016;43061;1.386
16016;5435;1.129
12778;25467;1.423
3212;9119;1.528
16016;41828;1.225
41427;43061;1.380
12644;8591;1.475
33929;43061;1.409
16016;8591;1.464
33929;41427;1.192
3212;33929;1.463
2107;33929;1.402
16016;201985;1.343
41828;5603;1.478
3212;5603;1.512
3212;42613;1.463
2107;42613;1.402
12644;5435;1.192
12644;25467;1.382
16016;41427;1.129
41828;9119;1.506
44647;9119;1.506
3212;8591;1.524
3212;34779;1.488
2107;34779;1.459
201985;25467;1.433
12644;2107;1.402
44647;57554;1.133
16016;44647;1.296
3212;41828;1.468
2107;41828;1.372
16016;57554;1.335
16016;2107;1.327
41828;42613;1.074
12778;16016;1.217
44647;5603;1.477
43061;44647;1.399
41427;9119;1.509
43061;57554;1.438
41828;5435;1.075
41427;44647;1.232
3212;5435;1.487
43061;9119;1.522
41427;57554;1.281
33929;44647;0.923
12644;201985;1.291
5435;9119;1.509
33929;57554;1.138
25467;3212;1.509
12778;3212;1.501
25467;33929;1.382
41828;8591;1.474
41427;5603;1.489
3212;43061;1.512
2107;43061;1.465
44647;8591;1.483
25467;42613;1.382
43061;5603;1.518
34779;42613;1.404
3212;41427;1.487
2107;41427;1.290
5435;5603;1.489
12644;16016;1.257
42613;43061;1.409
25467;9119;1.516
12778;9119;1.518
41427;8591;1.460
12778;33929;1.294
44647;5435;1.232
3212;44647;1.468
25467;34779;1.487
2107;44647;1.415
43061;8591;1.510
16016;25467;1.405
12778;42613;1.294
5435;8591;1.460
5603;9119;1.531
41828;43061;1.394
2107;3212;1.509
34779;41828;1.384
25467;5603;1.510
12778;5603;1.498
