39574;50128;1.179
34820;51653;1.365
29405;50128;1.450
25373;29405;1.450
197284;48326;1.442
197284;2607;1.517
12905;16160;1.537
39574;56926;1.290
38949;42841;1.516
29405;56926;1.413
2607;29208;1.514
201603;31117;1.411
201603;25373;0.944
16160;44185;1.453
42841;6855;1.499
34820;38949;1.447
201603;29405;1.450
29208;35328;1.504
25496;34820;1.335
20581;29208;1.490
201924;51947;1.330
16160;6855;1.489
15962;39574;1.260
12905;201603;1.504
42841;48326;1.454
35328;51653;1.450
25496;29208;1.462
48326;50128;1.270
16160;35328;1.472
48326;56926;1.223
25373;39574;1.179
31117;56356;1.431
29405;8778;1.386
2607;51947;1.399
197284;56356;1.456
35328;44185;1.466
201924;34820;1.270
2607;6855;1.486
201603;39574;1.172
16160;20581;1.437
51947;6855;1.335
44185;51947;1.330
38949;56356;1.487
20581;51947;1.165
201924;29208;1.506
15962;42841;1.499
50128;56356;1.179
2607;34820;1.430
25373;42841;1.429
31117;48326;1.428
29405;39574;1.435
29208;51947;1.462
201924;8778;1.422
16160;38949;1.532
31117;42005;1.458
20581;34820;1.286
201603;42841;1.428
197284;42005;1.462
38949;48326;1.483
25496;8778;1.362
16160;51947;1.433
15962;2607;1.488
42005;51653;1.358
197284;25496;1.471
38949;42005;1.487
34820;51947;1.334
42841;44185;1.421
29405;31117;1.478
29208;34820;1.526
39574;42841;1.443
29405;42841;1.501
197284;8778;1.495
15962;56356;1.260
42005;6855;1.466
42005;44185;1.388
35328;6855;1.476
35328;38949;1.523
16160;34820;1.472
12905;50128;1.505
25373;56356;1.179
12905;56926;1.497
39574;6855;1.400
35328;51947;1.433
16160;29208;1.518
56356;8778;1.359
197284;51653;1.488
201603;56356;1.172
201603;2607;1.365
15962;48326;1.315
197284;44185;1.497
15962;42005;1.428
12905;25373;1.505
25373;6855;1.410
25373;48326;1.270
12905;29405;1.535
42841;51653;1.463
39574;56356;0.924
29405;56356;1.435
15962;25496;1.356
25496;50128;1.191
25373;42005;1.301
25496;56926;1.305
20581;6855;1.400
201603;48326;1.264
25373;25496;1.191
197284;35328;1.499
201603;42005;1.295
56926;6855;1.431
201603;25496;1.191
48326;56356;1.120
42005;51947;1.344
39574;48326;1.120
29405;48326;1.423
201924;50128;1.317
197284;20581;1.456
12905;39574;1.505
201924;56926;1.146
15962;8778;1.433
39574;42005;1.333
29405;42005;1.457
31117;51653;1.406
6855;8778;1.452
2607;50128;1.366
15962;44185;1.446
38949;51653;1.517
2607;56926;1.384
197284;38949;1.468
12905;31117;1.537
31117;44185;1.462
201924;25373;1.317
12905;42841;1.527
50128;51653;1.320
44185;50128;1.297
20581;50128;1.179
197284;51947;1.471
48326;8778;1.364
44185;56926;1.353
29208;8778;1.505
20581;56926;1.290
38949;44185;1.509
25496;39574;1.167
197284;201924;1.468
2607;31117;1.484
31117;35328;1.468
29405;6855;1.489
29208;50128;1.500
201603;8778;1.375
51653;51947;1.385
29208;56926;1.488
2607;29405;1.495
42841;51947;1.443
20581;31117;1.431
197284;34820;1.421
12905;6855;1.534
38949;8778;1.522
20581;25373;1.179
51653;6855;1.469
25496;31117;1.431
20581;29405;1.435
201924;39574;1.325
197284;29208;1.547
16160;56926;1.437
50128;8778;1.376
34820;50128;1.289
25496;42841;1.444
15962;51653;1.446
34820;56926;1.201
25496;29405;1.438
12905;56356;1.505
29208;29405;1.516
25373;51653;1.320
15962;38949;1.528
2607;39574;1.403
44185;8778;1.441
31117;38949;1.531
25496;6855;1.337
201924;31117;1.464
16160;25373;1.384
51947;56926;1.304
25373;38949;1.489
201924;42841;1.459
201603;51653;1.315
35328;56926;1.414
31117;51947;1.431
25373;44185;1.297
20581;39574;0.924
201924;29405;1.464
16160;2607;1.484
12905;48326;1.495
201603;38949;1.488
197284;6855;1.518
15962;35328;1.452
38949;51947;1.495
201603;44185;1.293
12905;42005;1.499
39574;51653;1.345
29405;51653;1.463
29208;39574;1.490
2607;42841;1.443
25496;56356;1.167
50128;51947;1.189
25373;35328;1.409
12905;25496;1.511
31117;34820;1.470
15962;20581;1.260
15962;29208;1.498
56356;6855;1.400
29405;38949;1.523
20581;42841;1.443
16160;50128;1.384
16160;39574;1.437
16160;201924;1.452
39574;44185;1.343
29405;44185;1.481
201603;35328;1.406
34820;39574;1.286
25373;29208;1.500
29208;31117;1.522
201924;56356;1.325
48326;51653;1.322
29208;42841;1.519
25496;48326;1.276
201924;6855;1.447
31117;8778;1.450
25373;2607;1.366
201603;29208;1.500
201603;20581;1.172
29405;35328;1.467
25496;42005;1.344
16160;31117;1.483
42005;56926;1.083
34820;8778;1.428
16160;42841;1.498
15962;51947;1.356
35328;50128;1.409
35328;39574;1.418
2607;56356;1.403
16160;29405;1.512
34820;42841;1.466
25373;51947;1.189
201924;48326;1.291
44185;56356;1.343
20581;56356;0.924
201924;42005;1.128
201603;51947;1.190
15962;34820;1.423
42841;8778;1.493
201924;25496;1.331
197284;201603;1.465
15962;6855;1.424
35328;42841;1.512
29208;56356;1.490
2607;48326;1.421
25373;34820;1.289
16160;8778;1.482
16160;197284;1.527
15962;201924;1.413
2607;42005;1.410
44185;48326;1.380
39574;51947;1.165
29405;51947;1.438
20581;48326;1.120
16160;56356;1.437
35328;8778;1.427
201603;34820;1.282
15962;16160;1.463
51653;56926;1.314
42841;50128;1.429
34820;56356;1.286
20581;42005;1.333
42841;56926;1.440
42005;50128;1.301
29208;6855;1.465
29208;48326;1.493
2607;8778;1.477
20581;25496;1.167
12905;51653;1.528
51947;8778;1.361
29405;34820;1.471
29208;42005;1.511
20581;2607;1.403
51947;56356;1.165
48326;51947;1.274
201603;6855;1.410
16160;48326;1.452
12905;201924;1.501
12905;38949;1.515
12905;44185;1.529
34820;48326;1.183
16160;42005;1.446
12905;2607;1.539
25373;8778;1.376
42005;42841;1.454
34820;42005;1.238
16160;25496;1.433
31117;50128;1.412
201603;201924;1.310
197284;50128;1.466
31117;56926;1.434
2607;44185;1.373
20581;8778;1.359
197284;56926;1.459
12905;35328;1.513
25496;51653;1.385
38949;50128;1.489
35328;48326;1.412
38949;56926;1.486
20581;44185;1.343
44185;6855;1.446
42005;8778;1.415
25496;38949;1.495
16160;201603;1.379
12905;20581;1.505
12905;29208;1.551
50128;56926;1.278
2607;35328;1.495
25496;44185;1.331
197284;31117;1.515
56356;56926;1.290
197284;25373;1.466
48326;6855;1.417
39574;8778;1.359
201924;51653;1.377
197284;29405;1.513
20581;35328;1.418
42005;56356;1.333
12905;15962;1.526
25496;35328;1.434
201924;38949;1.492
12905;197284;1.512
35328;56356;1.418
201924;44185;1.387
34820;44185;1.382
2607;51653;1.412
12905;51947;1.510
38949;6855;1.536
15962;50128;1.365
15962;56926;1.397
50128;6855;1.410
44185;51653;1.397
31117;39574;1.431
2607;38949;1.517
20581;51653;1.345
197284;39574;1.456
42005;48326;1.281
25373;50128;0.943
201924;35328;1.443
34820;35328;1.448
25373;56926;1.278
201924;2607;1.402
15962;197284;1.503
38949;39574;1.487
31117;6855;1.489
20581;38949;1.487
12905;34820;1.485
56926;8778;1.348
29208;51653;1.508
201603;50128;0.944
15962;31117;1.479
12905;8778;1.525
35328;42005;1.431
34820;6855;1.467
25496;2607;1.399
201924;20581;1.325
201603;56926;1.271
15962;25373;1.365
15962;201603;1.361
51653;8778;1.417
15962;29405;1.486
51653;56356;1.345
31117;42841;1.498
29208;38949;1.554
25496;51947;0.949
25373;31117;1.412
197284;42841;1.521
16160;51653;1.466
42841;56356;1.443
29208;44185;1.500
