47123;9121;1.518
42926;8517;1.403
39582;8685;1.432
34984;41296;1.426
34984;39582;1.483
34104;39582;1.440
12735;9021;1.047
12599;41296;0.924
47883;48737;0.928
199484;48737;0.984
12735;12978;1.039
34104;8517;1.337
15798;9021;1.235
47123;48737;1.353
43356;43391;1.197
43260;51559;0.924
34984;47883;1.426
34619;9121;1.515
199484;9121;1.501
51559;8517;1.262
48737;8685;0.985
43260;8517;1.262
199484;41296;0.984
199484;39582;1.432
12599;47883;0.928
39582;47123;1.468
12978;51559;0.928
12599;43260;0.924
56582;8386;1.333
25145;34984;1.495
15924;56582;1.344
15798;51559;1.217
12599;42910;0.928
34619;42926;1.295
12978;42926;1.306
12735;48737;1.037
8386;9021;1.341
25145;34104;1.449
199484;47883;0.986
15798;56582;1.418
199484;43260;0.984
56582;9021;1.346
47123;47883;1.353
43356;47883;0.928
34619;43356;1.299
39582;8517;1.478
34984;48737;1.426
34104;48737;1.213
12599;34619;1.299
12599;9121;1.500
41296;8685;0.985
34104;41296;1.213
12735;43260;1.037
199484;34619;1.306
12735;42910;1.039
48737;8517;1.262
25145;56582;1.405
43391;8685;1.212
43356;48737;0.924
42910;8386;1.341
41296;56582;1.344
34104;47883;1.214
42910;47123;1.353
34984;43260;1.426
34619;43391;1.387
34104;43260;1.213
15924;51559;1.354
43391;47123;1.414
34984;8386;1.484
34984;42910;1.426
34104;42910;1.214
15924;42926;1.345
12735;34619;1.326
42910;9021;0.985
12978;8386;1.341
15798;42926;1.397
12735;15798;1.262
47883;8685;0.985
43260;43356;0.924
42926;56582;1.343
34984;9021;1.429
199484;42910;0.986
34104;34619;1.386
12978;9021;0.985
12978;43356;0.928
41296;8517;1.262
15798;43356;1.217
12735;9121;1.505
43356;8685;0.985
15798;9121;1.509
12599;15798;1.217
43391;8517;1.282
25145;51559;1.405
41296;51559;0.924
34104;8386;1.404
25145;42926;1.395
12978;15924;1.355
43260;43391;1.197
42926;9021;1.306
25145;8685;1.405
51559;8386;1.340
43260;8386;1.340
41296;42926;1.305
12735;47123;1.357
8386;9121;1.513
34619;48737;1.299
12978;43391;1.198
12599;25145;1.405
34104;9021;1.229
15798;43391;1.179
8685;9021;0.985
56582;9121;1.514
47883;8517;1.262
15924;199484;1.355
51559;9021;0.983
43260;9021;0.983
42926;51559;1.305
34619;41296;1.299
34619;39582;1.449
15924;8685;1.355
12978;41296;0.928
12978;39582;1.428
34984;47123;1.487
12599;47123;1.353
8517;8685;1.277
43356;8517;1.262
15924;43356;1.354
39582;8386;1.463
39582;56582;1.464
34619;47883;1.301
12978;47883;0.928
34619;43260;1.299
199484;47123;1.354
12599;12735;1.037
42926;8386;1.339
12735;25145;1.409
43356;47123;1.353
39582;9021;1.432
25145;8517;1.463
48737;8386;1.340
47123;8685;1.353
43260;48737;0.924
15798;15924;1.426
42910;9121;1.500
15924;43391;1.416
48737;9021;0.983
15924;8517;1.428
12978;48737;0.928
12735;199484;1.048
12599;34984;1.426
34984;9121;1.526
25145;43356;1.405
15798;48737;1.217
34619;8685;1.306
199484;8685;0.986
15924;41296;1.354
15924;39582;1.468
12599;34104;1.213
41296;43356;0.924
12978;9121;1.500
42910;51559;0.928
34104;47123;1.414
199484;34984;1.429
199484;25145;1.405
15798;41296;1.217
15798;39582;1.469
43260;47883;0.928
39582;51559;1.427
42910;56582;1.345
199484;34104;1.230
15924;47883;1.355
43391;56582;1.401
41296;8386;1.340
39582;42926;1.451
15798;47883;1.219
12978;43260;0.928
42926;43356;1.305
34619;42910;1.301
15798;43260;1.217
12978;42910;0.928
43391;8386;1.398
42926;9121;1.515
25145;43391;1.448
12735;34984;1.438
47123;8517;1.427
41296;9021;0.983
12599;56582;1.344
41296;43391;1.197
12735;34104;1.257
34104;9121;1.510
25145;41296;1.405
25145;39582;1.480
12599;8685;0.985
8685;9121;1.501
43391;9021;1.212
51559;9121;1.500
47883;56582;1.345
43260;9121;1.500
34619;8517;1.401
34104;34984;1.358
199484;8517;1.278
15924;48737;1.354
15798;199484;1.236
12978;34619;1.301
15798;34619;1.394
47883;8386;1.341
25145;47883;1.405
12978;15798;1.219
42926;43391;1.389
41296;47883;0.928
47883;9021;0.985
43391;51559;1.197
43356;8386;1.340
12735;56582;1.351
9021;9121;1.501
42910;42926;1.306
39582;9121;1.512
15924;43260;1.354
15924;42910;1.355
43356;9021;0.983
42926;47883;1.306
12599;51559;0.924
42910;43356;0.928
34984;56582;1.485
34104;56582;1.406
25145;8386;1.404
25145;48737;1.405
15798;42910;1.219
12599;8517;1.262
39582;43356;1.427
12735;8685;1.048
12599;42926;1.305
48737;9121;1.500
41296;48737;0.924
34619;47123;1.345
12978;47123;1.353
47883;51559;0.928
199484;51559;0.984
15798;8685;1.236
25145;9021;1.405
15924;34619;1.345
48737;56582;1.344
47123;51559;1.353
199484;56582;1.346
15924;8386;1.345
47123;56582;1.344
43356;56582;1.344
42926;48737;1.305
25145;43260;1.405
8386;8685;1.341
42910;43391;1.198
25145;42910;1.405
15924;9021;1.355
12735;51559;1.037
12599;199484;0.984
41296;43260;0.924
39582;43391;1.468
56582;8685;1.346
41296;42910;0.928
12735;42926;1.326
8517;9021;1.277
41296;9121;1.500
39582;41296;1.427
34619;34984;1.479
12978;25145;1.405
34984;51559;1.426
34104;51559;1.213
12735;8517;1.304
25145;34619;1.395
47123;8386;1.344
43391;9121;1.508
43260;47123;1.353
42926;43260;1.305
34984;42926;1.479
34104;42926;1.388
15798;8517;1.296
39582;47883;1.428
15924;47123;1.345
48737;51559;0.924
15798;47123;1.426
47123;9021;1.353
34619;8386;1.339
199484;8386;1.342
43356;51559;0.924
199484;42926;1.306
12599;43356;0.924
8386;8517;1.421
51559;56582;1.344
47883;9121;1.500
56582;8517;1.424
42910;8685;0.985
34619;9021;1.306
199484;9021;0.984
42910;48737;0.928
199484;43356;0.984
39582;48737;1.427
34984;8685;1.430
43356;9121;1.500
25145;47123;1.406
15924;25145;1.406
12978;8685;0.985
12978;34984;1.426
41296;47123;1.353
15798;34984;1.464
15798;25145;1.459
12599;43391;1.197
12978;34104;1.214
12735;43356;1.037
12599;8386;1.340
42910;47883;0.928
25145;9121;1.523
15798;34104;1.323
43391;47883;1.198
42910;43260;0.928
12599;39582;1.427
39582;43260;1.427
199484;43391;1.212
42926;8685;1.306
39582;42910;1.428
12599;9021;0.983
42926;47123;1.345
34984;43356;1.426
34104;43356;1.213
42910;8517;1.262
15924;9121;1.519
12735;15924;1.357
43260;56582;1.344
34619;51559;1.299
34104;8685;1.230
34984;8517;1.454
8517;9121;1.507
51559;8685;0.985
43260;8685;0.985
34619;56582;1.343
12978;56582;1.345
12735;43391;1.243
12599;12978;0.928
12978;8517;1.262
43391;48737;1.197
12978;199484;0.986
12599;15924;1.354
12735;41296;1.037
12735;39582;1.445
15924;34984;1.488
34984;43391;1.443
34104;43391;1.296
12735;8386;1.347
15924;34104;1.415
12599;48737;0.924
15798;8386;1.416
12735;47883;1.039
