47123;9121;2.507
42926;8517;1.613
39582;8685;1.694
34984;41296;1.910
34984;39582;2.068
34104;39582;1.713
12735;9021;1.065
12599;41296;0.924
47883;48737;0.928
199484;48737;0.984
12735;12978;1.040
34104;8517;1.337
15798;9021;1.271
47123;48737;1.459
43356;43391;1.198
43260;51559;0.924
34984;47883;1.911
34619;9121;2.445
199484;9121;2.388
51559;8517;1.307
48737;8685;0.986
43260;8517;1.307
199484;41296;0.984
199484;39582;1.694
12599;47883;0.928
39582;47123;1.852
12978;51559;0.928
12599;43260;0.924
56582;8386;1.337
25145;34984;2.153
15924;56582;1.506
15798;51559;1.218
12599;42910;0.928
34619;42926;1.328
12978;42926;1.341
12735;48737;1.037
8386;9021;1.374
25145;34104;1.729
199484;47883;0.987
15798;56582;1.580
199484;43260;0.984
56582;9021;1.375
47123;47883;1.459
43356;47883;0.928
34619;43356;1.299
39582;8517;1.817
34984;48737;1.910
34104;48737;1.213
12599;34619;1.299
12599;9121;2.347
41296;8685;0.986
34104;41296;1.213
12735;43260;1.037
199484;34619;1.335
12735;42910;1.040
48737;8517;1.307
25145;56582;1.581
43391;8685;1.251
43356;48737;0.924
42910;8386;1.345
41296;56582;1.344
34104;47883;1.214
42910;47123;1.459
34984;43260;1.910
34619;43391;1.509
34104;43260;1.213
15924;51559;1.516
43391;47123;1.652
34984;8386;2.043
34984;42910;1.911
34104;42910;1.214
15924;42926;1.510
12735;34619;1.385
42910;9021;0.986
12978;8386;1.345
15798;42926;1.581
12735;15798;1.312
47883;8685;0.986
43260;43356;0.924
42926;56582;1.396
34984;9021;1.933
199484;42910;0.987
34104;34619;1.505
12978;9021;0.986
12978;43356;0.928
41296;8517;1.307
15798;43356;1.218
12735;9121;2.405
43356;8685;0.986
15798;9121;2.376
12599;15798;1.218
43391;8517;1.362
25145;51559;1.548
41296;51559;0.924
34104;8386;1.543
25145;42926;1.537
12978;15924;1.517
43260;43391;1.198
42926;9021;1.343
25145;8685;1.549
51559;8386;1.344
43260;8386;1.344
41296;42926;1.338
12735;47123;1.488
8386;9121;2.450
34619;48737;1.299
12978;43391;1.200
12599;25145;1.548
34104;9021;1.270
15798;43391;1.183
8685;9021;0.986
56582;9121;2.451
47883;8517;1.308
15924;199484;1.525
51559;9021;0.983
43260;9021;0.983
42926;51559;1.338
34619;41296;1.299
34619;39582;1.722
15924;8685;1.525
12978;41296;0.928
12978;39582;1.644
34984;47123;2.106
12599;47123;1.459
8517;8685;1.361
43356;8517;1.307
15924;43356;1.516
39582;8386;1.769
39582;56582;1.771
34619;47883;1.302
12978;47883;0.928
34619;43260;1.299
199484;47123;1.473
12599;12735;1.037
42926;8386;1.392
12735;25145;1.586
43356;47123;1.459
39582;9021;1.693
25145;8517;1.790
48737;8386;1.344
47123;8685;1.472
43260;48737;0.924
15798;15924;1.747
42910;9121;2.348
15924;43391;1.708
48737;9021;0.983
15924;8517;1.770
12978;48737;0.928
12735;199484;1.066
12599;34984;1.910
34984;9121;2.581
25145;43356;1.548
15798;48737;1.218
34619;8685;1.337
199484;8685;0.987
15924;41296;1.516
15924;39582;1.895
12599;34104;1.213
41296;43356;0.924
12978;9121;2.348
42910;51559;0.928
34104;47123;1.654
199484;34984;1.933
199484;25145;1.549
15798;41296;1.218
15798;39582;1.843
43260;47883;0.928
39582;51559;1.642
42910;56582;1.346
199484;34104;1.271
15924;47883;1.517
43391;56582;1.539
41296;8386;1.344
39582;42926;1.760
15798;47883;1.221
12978;43260;0.928
42926;43356;1.338
34619;42910;1.302
15798;43260;1.218
12978;42910;0.928
43391;8386;1.539
42926;9121;2.475
25145;43391;1.722
12735;34984;1.956
47123;8517;1.713
41296;9021;0.983
12599;56582;1.344
41296;43391;1.198
12735;34104;1.314
34104;9121;2.391
25145;41296;1.548
25145;39582;1.887
12599;8685;0.986
8685;9121;2.388
43391;9021;1.249
51559;9121;2.347
47883;56582;1.346
43260;9121;2.347
34619;8517;1.574
34104;34984;1.754
199484;8517;1.362
15924;48737;1.516
15798;199484;1.272
12978;34619;1.302
15798;34619;1.544
47883;8386;1.345
25145;47883;1.548
12978;15798;1.221
42926;43391;1.545
41296;47883;0.928
47883;9021;0.986
43391;51559;1.198
43356;8386;1.344
12735;56582;1.396
9021;9121;2.388
42910;42926;1.341
39582;9121;2.478
15924;43260;1.516
15924;42910;1.517
43356;9021;0.983
42926;47883;1.341
12599;51559;0.924
42910;43356;0.928
34984;56582;2.047
34104;56582;1.543
25145;8386;1.581
25145;48737;1.548
15798;42910;1.221
12599;8517;1.307
39582;43356;1.642
12735;8685;1.067
12599;42926;1.338
48737;9121;2.347
41296;48737;0.924
34619;47123;1.451
12978;47123;1.459
47883;51559;0.928
199484;51559;0.984
15798;8685;1.274
25145;9021;1.548
15924;34619;1.507
48737;56582;1.344
47123;51559;1.459
199484;56582;1.374
15924;8386;1.510
47123;56582;1.449
43356;56582;1.344
42926;48737;1.338
25145;43260;1.548
8386;8685;1.375
42910;43391;1.200
25145;42910;1.548
15924;9021;1.524
12735;51559;1.037
12599;199484;0.984
41296;43260;0.924
39582;43391;1.733
56582;8685;1.376
41296;42910;0.928
12735;42926;1.392
8517;9021;1.361
41296;9121;2.347
39582;41296;1.642
34619;34984;2.034
12978;25145;1.548
34984;51559;1.910
34104;51559;1.213
12735;8517;1.407
25145;34619;1.537
47123;8386;1.453
43391;9121;2.367
43260;47123;1.459
42926;43260;1.338
34984;42926;2.054
34104;42926;1.543
15798;8517;1.386
39582;47883;1.644
15924;47123;1.508
48737;51559;0.924
15798;47123;1.692
47123;9021;1.472
34619;8386;1.373
199484;8386;1.373
43356;51559;0.924
199484;42926;1.344
12599;43356;0.924
8386;8517;1.612
51559;56582;1.344
47883;9121;2.348
56582;8517;1.613
42910;8685;0.986
34619;9021;1.335
199484;9021;0.984
42910;48737;0.928
199484;43356;0.984
39582;48737;1.642
34984;8685;1.934
43356;9121;2.347
25145;47123;1.632
15924;25145;1.664
12978;8685;0.986
12978;34984;1.911
41296;47123;1.459
15798;34984;2.021
15798;25145;1.763
12599;43391;1.198
12978;34104;1.214
12735;43356;1.037
12599;8386;1.344
42910;47883;0.928
25145;9121;2.528
15798;34104;1.324
43391;47883;1.200
42910;43260;0.928
12599;39582;1.642
39582;43260;1.642
199484;43391;1.249
42926;8685;1.346
39582;42910;1.644
12599;9021;0.983
42926;47123;1.462
34984;43356;1.910
34104;43356;1.213
42910;8517;1.308
15924;9121;2.550
12735;15924;1.527
43260;56582;1.344
34619;51559;1.299
34104;8685;1.271
34984;8517;1.971
8517;9121;2.395
51559;8685;0.986
43260;8685;0.986
34619;56582;1.375
12978;56582;1.346
12735;43391;1.298
12599;12978;0.928
12978;8517;1.308
43391;48737;1.198
12978;199484;0.987
12599;15924;1.516
12735;41296;1.037
12735;39582;1.719
15924;34984;2.143
34984;43391;1.973
34104;43391;1.299
12735;8386;1.393
15924;34104;1.710
12599;48737;0.924
15798;8386;1.580
12735;47883;1.040
