7539;9919;1.468
131586;9919;1.091
17709;24235;1.385
10135;17709;1.447
1659;7481;1.421
18046;3462;1.377
59268;7481;1.220
24235;7481;1.174
10133;24167;1.494
10133;7481;1.233
1659;9831;1.278
18046;24235;1.162
10133;17809;1.230
4845;9924;1.488
1659;18391;1.501
17714;9505;1.528
1659;18042;1.418
1659;18046;1.425
18391;45599;1.462
9831;9916;1.157
18413;9924;1.497
9831;9918;0.924
9831;9919;0.929
17714;4780;1.508
18391;7533;1.459
17809;7481;1.226
18391;7539;1.504
18183;7481;1.373
10135;9505;1.529
1659;45599;1.396
18413;3462;1.480
17709;4780;1.498
18391;4845;1.455
9916;9924;1.507
18042;24167;1.508
45599;4780;1.476
17809;9831;1.005
18042;9505;1.526
1659;17709;1.485
131586;7533;1.155
17809;18413;1.379
1659;9680;1.528
17809;18183;1.304
1659;9916;1.295
131586;7539;1.461
17709;18413;1.471
1659;9918;1.370
1659;9919;1.371
17709;18183;1.474
18183;59268;1.408
24167;45599;1.498
9680;9924;1.533
18391;9264;1.521
131586;4845;1.129
10135;59268;1.268
131586;1659;1.405
18046;9505;1.522
59268;9831;1.134
18046;18413;1.260
24235;9831;0.923
18046;18183;1.367
131586;45599;1.124
3462;7481;1.377
10133;9831;0.924
7481;9831;0.928
17809;24167;1.491
7539;9264;1.527
131586;9264;1.496
17709;24167;1.514
18046;4780;1.475
17709;17809;1.422
17809;9680;1.518
17809;9916;1.327
17809;9918;1.007
17809;9919;1.009
17714;18391;1.484
18046;24167;1.504
17714;18042;1.367
18391;9924;1.517
17714;18046;1.395
18391;59268;1.464
18183;9831;1.158
18413;45599;1.396
4845;9505;1.524
10135;4780;1.495
131586;18391;1.459
24167;7481;1.504
131586;18042;1.283
131586;18046;1.073
59268;9680;1.522
24235;9680;1.518
18413;9505;1.531
59268;9916;1.422
18042;4780;1.494
24235;9916;1.370
59268;9918;1.269
59268;9919;1.269
24235;9918;1.250
17714;45599;1.411
18391;3462;1.490
24235;9919;1.252
7539;9924;1.527
131586;9924;1.479
1659;59268;1.457
10133;9680;1.519
10135;17714;1.448
7481;9680;1.516
10133;9916;1.287
10133;9918;1.197
7481;9916;1.371
10133;9919;1.200
7481;9918;1.185
7481;9919;1.189
1659;4845;1.427
131586;3462;1.378
131586;17709;1.395
24167;59268;1.513
10133;4845;1.219
3462;9831;1.317
1659;9264;1.492
18183;9680;1.527
18183;9916;1.339
18183;9918;1.290
18183;9919;1.291
9831;9924;1.471
131586;59268;1.194
10135;131586;1.309
17709;7481;1.401
10133;45599;1.176
17809;4845;1.252
4780;7481;1.478
1659;7533;1.436
1659;7539;1.504
7533;9831;0.924
24167;9831;1.475
1659;17714;1.463
59268;7533;1.256
24235;7533;1.112
18042;18391;1.455
59268;7539;1.480
24235;7539;1.464
4780;9831;1.460
18413;4780;1.475
10133;7533;1.245
1659;9924;1.513
17809;9264;1.488
18042;18046;1.274
18413;59268;1.330
7481;7533;1.164
3462;9680;1.531
10133;7539;1.431
9918;9919;0.929
7481;7539;1.462
3462;9916;1.450
3462;9918;1.416
9919;9924;1.476
3462;9919;1.417
24235;4845;1.142
18391;9505;1.532
10133;18391;1.454
17714;59268;1.422
18183;24235;1.367
10133;18042;1.266
18042;45599;1.301
10133;1659;1.387
1659;3462;1.472
10133;18046;1.228
17714;7481;1.390
59268;9264;1.509
10135;24235;1.347
24235;9264;1.494
17809;7533;1.282
18183;7533;1.398
7539;9505;1.535
131586;9505;1.519
17809;7539;1.474
18183;7539;1.490
10133;9264;1.499
7481;9264;1.494
7533;9680;1.516
24167;9680;1.537
7533;9916;1.390
7533;9918;1.252
24167;9916;1.498
45599;7481;1.144
7533;9919;1.256
24167;9918;1.486
17809;9924;1.482
24167;9919;1.486
18183;4845;1.373
4780;9680;1.530
4780;9916;1.506
4780;9918;1.460
10133;17709;1.426
4780;9919;1.461
17709;9831;1.338
45599;9831;0.924
18042;7481;1.296
17809;3462;1.420
18183;9264;1.482
9264;9831;1.460
59268;9924;1.499
10133;59268;1.308
24235;9924;1.493
3462;7533;1.362
10133;9924;1.488
3462;7539;1.507
7481;9924;1.487
18046;7481;1.121
18391;4780;1.508
4780;59268;1.490
18183;18413;1.455
3462;4845;1.378
24235;3462;1.317
24235;45599;1.179
131586;17714;1.398
10135;18413;1.388
17809;18391;1.467
9505;9831;1.512
10135;18183;1.446
10133;3462;1.392
17709;18391;1.483
17809;18042;1.296
17714;9831;1.314
17809;18046;1.209
1659;9505;1.529
17709;18042;1.440
17709;9680;1.528
17709;9916;1.475
17709;18046;1.387
17709;9918;1.415
45599;9680;1.518
17709;9919;1.416
18183;9924;1.511
131586;4780;1.465
3462;9264;1.519
45599;9916;1.341
10135;7481;1.323
45599;9918;1.188
45599;9919;1.191
18042;59268;1.348
24167;7533;1.501
24167;7539;1.522
18046;18391;1.443
18183;24167;1.500
9264;9680;1.534
9264;9916;1.487
17809;45599;1.227
9264;9918;1.485
9264;9919;1.486
4845;7481;1.117
17709;45599;1.408
10135;9831;1.267
24167;4845;1.506
10135;24167;1.523
18183;3462;1.454
10135;17809;1.363
18391;24235;1.454
4780;4845;1.480
18413;7481;1.415
18042;9831;0.908
18391;18413;1.488
18046;45599;1.167
7533;9264;1.501
24167;9264;1.533
17809;9505;1.523
9505;9680;1.541
9918;9924;1.475
9505;9916;1.527
18046;9916;1.370
1659;24235;1.423
9505;9918;1.522
18046;9918;1.173
9505;9919;1.522
18046;9919;1.176
17714;9680;1.531
3462;9924;1.514
4780;9264;1.526
17714;9916;1.438
10133;10135;1.373
17714;9918;1.406
17714;9919;1.407
1659;18413;1.478
1659;18183;1.347
18046;9831;0.925
18413;24235;1.425
24167;24235;1.505
59268;9505;1.525
17714;4845;1.394
24235;9505;1.520
17709;7533;1.351
10135;9680;1.529
7533;7539;1.463
10135;9916;1.462
10135;9918;1.355
17709;7539;1.498
10135;9919;1.355
1659;4780;1.510
10133;9505;1.513
4780;7533;1.479
7481;9505;1.522
24235;59268;1.251
4780;7539;1.521
3462;45599;1.390
18042;9680;1.525
7533;9924;1.490
18042;9916;1.357
17709;4845;1.399
24167;9924;1.530
18042;9918;1.270
131586;24235;1.170
18042;9919;1.272
4845;59268;1.243
1659;17809;1.383
45599;4845;1.122
45599;59268;1.265
10133;4780;1.482
4780;9924;1.497
10133;17714;1.314
4845;9831;0.924
17709;9264;1.520
24167;3462;1.524
18046;9680;1.516
18183;9505;1.526
45599;9264;1.496
18413;9831;1.363
17809;59268;1.280
17709;59268;1.415
18391;7481;1.456
17714;7533;1.399
17809;4780;1.469
17714;7539;1.485
18391;24167;1.520
18046;4845;1.144
18046;59268;1.136
17714;24235;1.375
45599;7533;1.195
131586;7481;1.073
45599;7539;1.458
17714;18413;1.481
17714;18183;1.446
1659;24167;1.506
24235;4780;1.483
4845;9680;1.518
17709;9924;1.514
4845;9916;1.377
9680;9831;1.507
4845;9918;1.222
3462;9505;1.528
4845;9919;1.225
45599;9924;1.486
17714;9264;1.518
18042;7533;1.343
131586;18413;1.366
10135;4845;1.345
131586;18183;1.348
18042;7539;1.460
18413;24167;1.513
18413;9680;1.526
18413;9916;1.460
18413;9918;1.368
18413;9919;1.369
9264;9924;1.530
18042;4845;1.282
17709;3462;1.438
3462;59268;1.405
10135;9264;1.521
17714;17809;1.409
17709;17714;1.468
18046;7533;1.144
18046;7539;1.460
9916;9918;1.305
9916;9919;1.307
18183;4780;1.502
131586;24167;1.495
7533;9505;1.522
18042;9264;1.502
10133;24235;1.216
24167;9505;1.538
131586;17809;1.144
9505;9924;1.531
18046;9924;1.486
18391;9831;1.395
4780;9505;1.536
17714;9924;1.511
9680;9916;1.524
9680;9918;1.516
9680;9919;1.516
10135;7533;1.332
10135;7539;1.500
18046;9264;1.497
7539;9831;1.416
131586;9831;0.924
17714;3462;1.412
4845;7533;1.153
10135;9924;1.505
4845;7539;1.463
10133;131586;1.193
10135;1659;1.485
3462;4780;1.508
18183;18391;1.484
18413;7533;1.414
18042;24235;0.924
18042;9924;1.503
18413;7539;1.506
17714;24167;1.512
18042;18413;1.452
10135;18391;1.485
18042;18183;1.373
10135;3462;1.414
10135;18042;1.397
18413;4845;1.410
18391;9680;1.531
10135;18046;1.270
18391;9916;1.488
18391;9918;1.462
18391;9919;1.462
17709;9505;1.534
18042;3462;1.434
4845;9264;1.494
18183;45599;1.352
45599;9505;1.523
10133;18413;1.407
10133;18183;1.326
10135;45599;1.345
18413;9264;1.515
24167;4780;1.529
9264;9505;1.541
7539;9680;1.536
131586;9680;1.517
7539;9916;1.470
131586;9916;1.353
17809;24235;1.257
7539;9918;1.466
131586;9918;1.087
