37013;37182;1.281
37084;37213;1.708
37133;37182;1.463
37027;37035;1.245
36930;37182;1.905
33765;37213;1.405
36965;37027;0.932
12143;37213;1.546
37182;37213;1.337
36965;37045;0.937
36930;37013;1.873
37013;37035;1.219
36965;37101;0.930
33765;37027;1.431
12143;37027;1.594
36965;37084;1.565
36930;37035;1.729
33765;37045;1.416
12143;37045;1.365
37027;37133;1.356
37084;37101;1.596
37045;37133;1.463
33765;37101;1.190
37149;37213;0.931
12143;37101;1.374
33765;37084;1.753
37035;37133;1.407
12143;37084;1.562
36965;37149;0.010
37101;37133;1.401
33765;36965;1.192
12143;33765;1.576
12143;36965;1.348
37013;37133;1.155
37027;37213;1.175
36965;37182;0.915
36930;37133;1.992
37084;37149;1.565
37045;37213;1.224
33765;37149;1.192
37084;37182;1.739
12143;37149;1.348
37035;37213;1.192
36965;37013;0.932
37101;37213;1.185
33765;37182;1.480
12143;37182;1.552
37013;37213;1.278
37133;37213;1.475
37027;37045;1.220
36965;37035;0.937
36930;37213;1.698
33765;37013;1.414
12143;37013;1.564
37027;37101;1.238
37035;37045;1.190
37027;37084;1.679
37013;37027;1.134
33765;37035;1.197
37045;37101;1.184
36930;37027;1.874
37013;37045;1.249
12143;37035;1.378
37045;37084;1.563
37035;37101;0.931
36930;37045;1.845
33765;36930;1.853
37035;37084;1.599
12143;36930;1.933
37149;37182;0.915
36965;37133;1.159
37013;37101;1.212
37013;37084;1.770
37027;37149;0.932
36930;37101;1.726
36930;37084;2.025
37084;37133;1.908
37045;37149;0.937
37027;37182;1.304
36930;36965;1.699
33765;37133;1.597
37035;37149;0.937
12143;37133;1.715
37045;37182;1.250
37101;37149;0.930
36965;37213;0.931
37035;37182;1.300
37013;37149;0.932
37133;37149;1.159
37101;37182;1.295
36930;37149;1.699
