45896;45903;1.509
38731;56156;1.194
23962;56149;1.360
18403;45552;1.479
131349;7552;1.486
45552;7602;1.220
45552;55309;1.194
45551;56149;1.298
24088;38726;1.462
23899;38726;1.440
23899;23962;1.112
23899;24088;1.303
7602;7643;1.402
55309;55314;1.317
24173;7602;1.451
55314;7643;1.454
45551;55314;1.167
38731;55309;1.023
45538;45543;1.354
38726;38731;1.440
23899;45543;1.197
131349;45896;1.498
45552;56156;0.972
18403;24173;1.515
131349;45899;1.484
45896;7643;1.516
23962;45896;1.493
131349;23899;1.227
55309;56149;1.300
24176;38726;1.514
18403;24176;1.525
56149;56156;1.355
45552;7643;1.349
45552;45903;1.402
23962;45899;1.499
18403;55309;1.453
45543;45896;1.496
38726;45551;1.445
38726;45538;1.490
7552;7602;1.467
38726;45552;1.469
24173;7643;1.474
24173;38731;1.451
45543;45899;1.487
38731;45903;1.384
24176;45543;1.470
24173;45896;1.506
131127;7602;1.123
131349;38731;1.227
45538;7552;1.497
23899;7552;1.468
24173;45899;1.519
24088;45543;1.300
45899;55309;1.486
45538;55314;1.362
18403;56156;1.482
131127;38731;1.121
45551;7602;1.024
24088;55314;1.410
23962;38731;1.112
23899;55314;1.130
131127;45896;1.481
45551;45896;1.490
45543;7602;1.196
56149;7602;1.282
45896;55314;1.498
131127;45899;1.490
18403;45903;1.477
45551;45899;1.486
38731;7552;1.468
131349;45538;1.376
131349;45551;1.196
131127;23899;1.124
23962;7552;1.481
131349;45552;1.205
7552;7643;1.508
45899;56156;1.496
45538;56149;1.417
45903;55309;1.388
38726;55309;1.445
24088;56149;1.378
23962;45551;0.939
23962;45538;1.283
23899;56149;1.282
131127;7643;1.390
56156;7602;1.195
24176;7602;1.485
23962;45552;1.307
24176;55314;1.507
45899;45903;1.508
45896;56149;1.489
45551;7643;1.401
45543;45551;1.170
55314;7552;1.470
45543;45552;0.987
45543;7643;1.333
56149;7643;1.421
45903;56156;1.398
38726;56156;1.465
24173;45551;1.454
24173;45538;1.481
24173;24176;1.471
24088;7602;1.303
131349;24173;1.432
45899;7602;1.487
24173;45552;1.449
38726;7602;1.439
24173;55309;1.454
55314;56156;1.371
45538;45896;1.504
18403;7602;1.464
131349;24176;1.470
131127;24173;1.429
24176;56149;1.495
23962;24173;1.475
23899;45896;1.487
45896;7552;1.511
38731;45543;1.196
131349;55309;1.196
45538;45899;1.490
38726;45903;1.440
131127;45538;1.345
131127;45551;1.156
131127;24176;1.479
56156;7643;1.429
24176;7643;1.489
23962;24176;1.501
23899;45899;1.487
131127;45552;1.194
45552;7552;1.490
45543;56156;0.926
18403;38726;1.503
18403;23962;1.478
131127;55309;1.156
45551;45552;1.192
23962;55309;0.941
131127;131349;1.188
18403;24088;1.477
24173;56156;1.475
24173;7552;1.514
55309;7602;1.024
45903;7602;1.384
131349;56156;1.282
45543;55309;1.170
24088;7643;1.435
18403;45543;1.477
45899;7643;1.520
45552;55314;1.361
38731;56149;1.281
38726;7643;1.492
24176;45896;1.520
131127;56156;1.279
24088;38731;1.303
23962;56156;1.134
23899;38731;0.931
18403;7643;1.498
45551;56156;1.215
24176;45899;1.519
24088;45896;1.505
131349;45903;1.380
38731;55314;1.129
24088;45899;1.491
23962;45903;1.415
45551;55309;0.924
45896;45899;1.522
45552;56149;1.299
45538;45551;1.278
55309;7643;1.401
45538;45552;1.366
23899;45551;1.025
23899;45538;1.316
131349;7602;1.227
45903;7643;1.464
23899;45552;1.221
131127;7552;1.477
45543;45903;1.400
24176;38731;1.485
55309;56156;1.215
24173;45903;1.484
18403;55314;1.468
45551;7552;1.474
38726;45543;1.460
131349;18403;1.467
45543;7552;1.487
56149;7552;1.490
24173;38726;1.499
131127;45903;1.387
45552;45896;1.498
45551;45903;1.388
24176;45551;1.486
24176;45538;1.486
24088;24173;1.455
23899;24173;1.451
45899;55314;1.501
24176;45552;1.473
131349;23962;1.306
131349;38726;1.447
45552;45899;1.489
18403;56149;1.483
131349;7643;1.386
24088;45551;1.291
24088;45538;1.424
24088;24176;1.480
23899;24176;1.485
131349;24088;1.179
56156;7552;1.498
45538;55309;1.278
24176;7552;1.524
24088;45552;1.299
131127;38726;1.440
38731;45896;1.487
24088;55309;1.291
23962;38726;1.466
23899;55309;1.025
131127;24088;1.311
23962;24088;1.367
38731;45899;1.487
131349;45543;1.164
45896;55309;1.490
45899;56149;1.501
45538;7602;1.316
23899;7602;0.931
45903;55314;1.425
38726;55314;1.463
24088;7552;1.499
23962;45543;1.287
45899;7552;1.527
45538;56156;1.390
131127;18403;1.472
38726;7552;1.494
24088;56156;1.331
23899;56156;1.195
18403;7552;1.488
18403;45896;1.517
45896;56156;1.509
24176;55309;1.486
18403;45899;1.523
45538;45903;1.464
38731;7602;0.931
23899;45903;1.384
18403;23899;1.465
131127;23962;1.247
24173;45543;1.444
23962;7602;1.112
45903;56149;1.420
38726;56149;1.463
24173;55314;1.485
55314;56149;1.361
55309;7552;1.474
45903;7552;1.483
45538;7643;1.457
23899;7643;1.403
131349;55314;1.383
24176;56156;1.495
131127;45543;1.170
38731;45551;1.023
38731;45538;1.315
18403;38731;1.465
131127;55314;1.349
45543;56149;1.296
38731;45552;1.219
23962;55314;1.364
55314;7602;1.130
24176;45903;1.505
24173;56149;1.453
38731;7643;1.403
38726;45896;1.496
45543;55314;1.356
24088;45903;1.391
23962;7643;1.430
131349;56149;1.313
45896;7602;1.487
38726;45899;1.524
18403;45551;1.453
18403;45538;1.491
131127;56149;1.180
